Timestamp,User Count,Type,Name,Requests/s,Failures/s,50%,66%,75%,80%,90%,95%,98%,99%,99.9%,99.99%,100%,Total Request Count,Total Failure Count,Total Median Response Time,Total Average Response Time,Total Min Response Time,Total Max Response Time,Total Average Content Size
1693952137,0,,Aggregated,0.000000,0.000000,N/A,N/A,N/A,N/A,N/A,N/A,N/A,N/A,N/A,N/A,N/A,0,0,0,0.0,0,0,0
1693952138,0,,Aggregated,0.000000,0.000000,N/A,N/A,N/A,N/A,N/A,N/A,N/A,N/A,N/A,N/A,N/A,0,0,0,0.0,0,0,0
1693952139,0,,Aggregated,0.000000,0.000000,N/A,N/A,N/A,N/A,N/A,N/A,N/A,N/A,N/A,N/A,N/A,0,0,0,0.0,0,0,0
1693952140,0,,Aggregated,0.000000,0.000000,N/A,N/A,N/A,N/A,N/A,N/A,N/A,N/A,N/A,N/A,N/A,0,0,0,0.0,0,0,0
1693952141,0,,Aggregated,0.000000,0.000000,N/A,N/A,N/A,N/A,N/A,N/A,N/A,N/A,N/A,N/A,N/A,0,0,0,0.0,0,0,0
1693952142,0,,Aggregated,0.000000,0.000000,N/A,N/A,N/A,N/A,N/A,N/A,N/A,N/A,N/A,N/A,N/A,0,0,0,0.0,0,0,0
1693952143,0,,Aggregated,0.000000,0.000000,N/A,N/A,N/A,N/A,N/A,N/A,N/A,N/A,N/A,N/A,N/A,0,0,0,0.0,0,0,0
1693952144,0,,Aggregated,0.000000,0.000000,N/A,N/A,N/A,N/A,N/A,N/A,N/A,N/A,N/A,N/A,N/A,0,0,0,0.0,0,0,0
1693952145,0,,Aggregated,0.000000,0.000000,N/A,N/A,N/A,N/A,N/A,N/A,N/A,N/A,N/A,N/A,N/A,0,0,0,0.0,0,0,0
1693952146,5,,Aggregated,0.000000,0.000000,N/A,N/A,N/A,N/A,N/A,N/A,N/A,N/A,N/A,N/A,N/A,0,0,0,0.0,0,0,0
1693952147,5,,Aggregated,0.000000,0.000000,230,230,230,270,270,270,270,270,270,270,270,5,0,230.0,192.62817359995097,95.17727899947204,273.35213699916494,293.8
1693952148,5,,Aggregated,0.000000,0.000000,230,230,230,230,270,270,270,270,270,270,270,6,0,140.0,166.53581750021354,36.07403700152645,273.35213699916494,293.8333333333333
1693952149,5,,Aggregated,0.000000,0.000000,230,230,230,230,270,270,270,270,270,270,270,6,0,140.0,166.53581750021354,36.07403700152645,273.35213699916494,293.8333333333333
1693952150,5,,Aggregated,0.000000,0.000000,230,230,230,230,270,270,270,270,270,270,270,6,0,140.0,166.53581750021354,36.07403700152645,273.35213699916494,293.8333333333333
1693952151,5,,Aggregated,0.000000,0.000000,230,230,230,230,270,270,270,270,270,270,270,6,0,140.0,166.53581750021354,36.07403700152645,273.35213699916494,293.8333333333333
1693952152,5,,Aggregated,0.000000,0.000000,230,230,230,230,270,270,270,270,270,270,270,6,0,140.0,166.53581750021354,36.07403700152645,273.35213699916494,293.8333333333333
1693952153,5,,Aggregated,0.000000,0.000000,230,230,230,230,270,270,270,270,270,270,270,6,0,140.0,166.53581750021354,36.07403700152645,273.35213699916494,293.8333333333333
1693952154,5,,Aggregated,0.000000,0.000000,230,230,230,230,270,270,270,270,270,270,270,6,0,140.0,166.53581750021354,36.07403700152645,273.35213699916494,293.8333333333333
1693952155,5,,Aggregated,0.857143,0.000000,140,230,230,230,270,270,270,270,270,270,270,8,0,95,130.24959049971585,20.600664996891282,273.35213699916494,293.75
1693952156,5,,Aggregated,0.857143,0.000000,140,230,230,230,270,270,270,270,270,270,270,8,0,95,130.24959049971585,20.600664996891282,273.35213699916494,293.75
1693952157,5,,Aggregated,0.857143,0.000000,140,230,230,230,270,270,270,270,270,270,270,8,0,95,130.24959049971585,20.600664996891282,273.35213699916494,293.75
1693952158,5,,Aggregated,0.857143,0.000000,140,230,230,230,270,270,270,270,270,270,270,8,0,95,130.24959049971585,20.600664996891282,273.35213699916494,293.75
1693952159,5,,Aggregated,0.300000,0.000000,95,140,230,230,270,270,270,270,270,270,270,10,0,36,109.97575709952798,20.600664996891282,273.35213699916494,293.8
1693952160,5,,Aggregated,0.200000,0.000000,36,140,230,230,230,270,270,270,270,270,270,11,0,36,102.61987927250712,20.600664996891282,273.35213699916494,293.8181818181818
1693952161,5,,Aggregated,0.200000,0.000000,36,140,230,230,230,270,270,270,270,270,270,11,0,36,102.61987927250712,20.600664996891282,273.35213699916494,293.8181818181818
1693952162,5,,Aggregated,0.200000,0.000000,36,95,230,230,230,270,270,270,270,270,270,12,0,36,97.10423424985493,20.600664996891282,273.35213699916494,293.8333333333333
1693952163,5,,Aggregated,0.200000,0.000000,36,95,230,230,230,270,270,270,270,270,270,12,0,36,97.10423424985493,20.600664996891282,273.35213699916494,293.8333333333333
1693952164,5,,Aggregated,0.200000,0.000000,36,95,230,230,230,270,270,270,270,270,270,12,0,36,97.10423424985493,20.600664996891282,273.35213699916494,293.8333333333333
1693952165,5,,Aggregated,0.600000,0.000000,36,95,140,230,230,270,270,270,270,270,270,13,0,36,91.342989846173,20.600664996891282,273.35213699916494,293.84615384615387
1693952166,5,,Aggregated,0.600000,0.000000,36,95,140,230,230,270,270,270,270,270,270,14,0,36,86.58702478559073,20.600664996891282,273.35213699916494,293.85714285714283
1693952167,5,,Aggregated,0.600000,0.000000,36,95,140,230,230,270,270,270,270,270,270,14,0,36,86.58702478559073,20.600664996891282,273.35213699916494,293.85714285714283
1693952168,5,,Aggregated,0.600000,0.000000,36,36,140,230,230,270,270,270,270,270,270,15,0,36,83.09130753332283,20.600664996891282,273.35213699916494,293.8666666666667
1693952169,5,,Aggregated,0.600000,0.000000,36,36,140,230,230,270,270,270,270,270,270,15,0,36,83.09130753332283,20.600664996891282,273.35213699916494,293.8666666666667
1693952170,5,,Aggregated,0.600000,0.000000,36,36,140,230,230,270,270,270,270,270,270,15,0,36,83.09130753332283,20.600664996891282,273.35213699916494,293.8666666666667
1693952171,5,,Aggregated,0.600000,0.000000,36,36,140,230,230,270,270,270,270,270,270,15,0,36,83.09130753332283,20.600664996891282,273.35213699916494,293.8666666666667
1693952172,5,,Aggregated,0.500000,0.000000,36,36,140,140,230,270,270,270,270,270,270,16,0,34,79.32688549999511,20.600664996891282,273.35213699916494,293.875
1693952173,5,,Aggregated,0.500000,0.000000,36,36,140,140,230,270,270,270,270,270,270,16,0,34,79.32688549999511,20.600664996891282,273.35213699916494,293.875
1693952174,5,,Aggregated,0.300000,0.000000,32,36,95,140,230,270,270,270,270,270,270,19,0,32,71.5939139473975,20.600664996891282,273.35213699916494,293.89473684210526
1693952175,5,,Aggregated,0.300000,0.000000,32,36,95,140,230,270,270,270,270,270,270,19,0,32,71.5939139473975,20.600664996891282,273.35213699916494,293.89473684210526
1693952176,5,,Aggregated,0.300000,0.000000,32,36,95,140,230,270,270,270,270,270,270,19,0,32,71.5939139473975,20.600664996891282,273.35213699916494,293.89473684210526
1693952177,5,,Aggregated,0.300000,0.000000,32,36,95,140,230,270,270,270,270,270,270,19,0,32,71.5939139473975,20.600664996891282,273.35213699916494,293.89473684210526
1693952178,5,,Aggregated,0.600000,0.000000,32,36,95,140,230,270,270,270,270,270,270,20,0,31,69.08253075016546,20.600664996891282,273.35213699916494,293.85
1693952179,5,,Aggregated,0.500000,0.000000,31,36,36,95,230,230,270,270,270,270,270,21,0,31,67.24351404773188,20.600664996891282,273.35213699916494,293.85714285714283
1693952180,5,,Aggregated,0.500000,0.000000,31,36,36,95,230,230,270,270,270,270,270,21,0,31,67.24351404773188,20.600664996891282,273.35213699916494,293.85714285714283
1693952181,5,,Aggregated,0.500000,0.000000,32,36,36,95,230,230,270,270,270,270,270,22,0,31,65.62619913661779,20.600664996891282,273.35213699916494,293.8636363636364
1693952182,5,,Aggregated,0.600000,0.000000,32,36,39,95,230,230,270,270,270,270,270,23,0,32,64.45408473930159,20.600664996891282,273.35213699916494,293.82608695652175
1693952183,5,,Aggregated,0.600000,0.000000,32,36,39,95,230,230,270,270,270,270,270,24,0,31,62.672436166849366,20.600664996891282,273.35213699916494,293.7916666666667
1693952184,5,,Aggregated,0.600000,0.000000,32,36,39,95,230,230,270,270,270,270,270,24,0,31,62.672436166849366,20.600664996891282,273.35213699916494,293.7916666666667
1693952185,5,,Aggregated,0.700000,0.000000,31,34,36,39,230,230,270,270,270,270,270,27,0,31,58.652673852015546,20.600664996891282,273.35213699916494,293.77777777777777
1693952186,5,,Aggregated,0.700000,0.000000,31,34,36,39,230,230,270,270,270,270,270,27,0,31,58.652673852015546,20.600664996891282,273.35213699916494,293.77777777777777
1693952187,5,,Aggregated,0.800000,0.000000,31,34,36,39,230,230,270,270,270,270,270,28,0,31,57.70675342877699,20.600664996891282,273.35213699916494,293.7857142857143
1693952188,5,,Aggregated,0.800000,0.000000,31,34,36,39,230,230,270,270,270,270,270,28,0,31,57.70675342877699,20.600664996891282,273.35213699916494,293.7857142857143
1693952189,5,,Aggregated,0.800000,0.000000,31,34,36,39,230,230,270,270,270,270,270,28,0,31,57.70675342877699,20.600664996891282,273.35213699916494,293.7857142857143
1693952190,5,,Aggregated,0.800000,0.000000,31,34,36,39,230,230,270,270,270,270,270,28,0,31,57.70675342877699,20.600664996891282,273.35213699916494,293.7857142857143
1693952191,5,,Aggregated,0.800000,0.000000,31,34,36,39,230,230,270,270,270,270,270,29,0,31,56.46866775877525,20.600664996891282,273.35213699916494,293.7586206896552
1693952192,5,,Aggregated,0.800000,0.000000,31,32,36,39,230,230,270,270,270,270,270,30,0,30,55.57113636677968,20.600664996891282,273.35213699916494,293.76666666666665
1693952193,5,,Aggregated,0.800000,0.000000,31,32,36,39,230,230,270,270,270,270,270,30,0,30,55.57113636677968,20.600664996891282,273.35213699916494,293.76666666666665
1693952194,5,,Aggregated,0.700000,0.000000,30,32,36,36,140,230,270,270,270,270,270,31,0,30,54.450385838854054,20.600664996891282,273.35213699916494,293.7741935483871
1693952195,5,,Aggregated,0.700000,0.000000,30,32,36,36,140,230,270,270,270,270,270,31,0,30,54.450385838854054,20.600664996891282,273.35213699916494,293.7741935483871
1693952196,5,,Aggregated,0.700000,0.000000,30,32,36,36,140,230,270,270,270,270,270,32,0,30,53.400122156403995,20.600664996891282,273.35213699916494,293.78125
1693952197,5,,Aggregated,0.700000,0.000000,30,32,36,36,140,230,270,270,270,270,270,32,0,30,53.400122156403995,20.600664996891282,273.35213699916494,293.78125
1693952198,5,,Aggregated,0.400000,0.000000,30,32,36,36,140,230,270,270,270,270,270,33,0,30,52.63238348495427,20.600664996891282,273.35213699916494,293.7878787878788
1693952199,5,,Aggregated,0.400000,0.000000,30,32,36,39,140,230,270,270,270,270,270,34,0,30,53.33628400009783,20.600664996891282,273.35213699916494,293.7647058823529
1693952200,5,,Aggregated,0.400000,0.000000,30,32,36,39,140,230,270,270,270,270,270,34,0,30,53.33628400009783,20.600664996891282,273.35213699916494,293.7647058823529
1693952201,5,,Aggregated,0.500000,0.000000,30,32,36,36,140,230,270,270,270,270,270,36,0,29,51.75611625003916,20.600664996891282,273.35213699916494,293.75
1693952202,5,,Aggregated,0.600000,0.000000,30,32,36,36,140,230,270,270,270,270,270,37,0,30,51.300845108139704,20.600664996891282,273.35213699916494,293.7567567567568
1693952203,5,,Aggregated,0.700000,0.000000,30,32,36,36,140,230,270,270,270,270,270,38,0,29,50.66229428953911,20.600664996891282,273.35213699916494,293.7631578947368
1693952204,5,,Aggregated,0.700000,0.000000,30,32,36,38,140,230,270,270,270,270,270,40,0,29,49.615165175055154,20.600664996891282,273.35213699916494,293.775
1693952205,5,,Aggregated,0.600000,0.000000,29,32,36,36,95,230,270,270,270,270,270,41,0,29,49.10152341471985,20.600664996891282,273.35213699916494,293.780487804878
1693952206,10,,Aggregated,0.700000,0.000000,29,32,36,36,95,230,270,270,270,270,270,42,0,29,48.52737195246196,20.600664996891282,273.35213699916494,293.7857142857143
1693952207,10,,Aggregated,0.900000,0.000000,30,36,39,95,230,250,270,270,270,270,270,47,0,30,65.67375559585498,20.600664996891282,273.35213699916494,293.8085106382979
1693952208,10,,Aggregated,1.000000,0.000000,31,36,39,95,230,250,270,270,270,270,270,49,0,31,64.53775830625685,20.600664996891282,273.35213699916494,293.7959183673469
1693952209,10,,Aggregated,1.000000,0.000000,31,36,39,95,230,250,270,270,270,270,270,49,0,31,64.53775830625685,20.600664996891282,273.35213699916494,293.7959183673469
1693952210,10,,Aggregated,1.700000,0.000000,31,36,39,95,230,250,270,270,270,270,270,50,0,31,63.97017586015863,20.600664996891282,273.35213699916494,293.8
1693952211,10,,Aggregated,1.700000,0.000000,31,36,39,77,230,250,270,270,270,270,270,51,0,31,63.29919947080163,20.600664996891282,273.35213699916494,293.80392156862746
1693952212,10,,Aggregated,1.700000,0.000000,31,36,39,77,230,250,270,270,270,270,270,51,0,31,63.29919947080163,20.600664996891282,273.35213699916494,293.80392156862746
1693952213,10,,Aggregated,1.700000,0.000000,31,36,39,77,230,250,270,270,270,270,270,51,0,31,63.29919947080163,20.600664996891282,273.35213699916494,293.80392156862746
1693952214,10,,Aggregated,1.600000,0.000000,31,36,39,77,230,250,270,270,270,270,270,52,0,30,62.60696525021978,20.600664996891282,273.35213699916494,293.8076923076923
1693952215,10,,Aggregated,1.400000,0.000000,31,36,38,77,230,250,270,270,270,270,270,53,0,31,62.115901585131276,20.600664996891282,273.35213699916494,293.811320754717
1693952216,10,,Aggregated,1.400000,0.000000,30,36,38,77,230,250,270,270,270,270,270,55,0,30,60.77841341843437,20.600664996891282,273.35213699916494,293.8
1693952217,10,,Aggregated,1.100000,0.000000,30,35,37,44,230,250,270,270,270,270,270,57,0,30,59.34419326347364,17.067528002371546,273.35213699916494,293.7894736842105
1693952218,10,,Aggregated,1.100000,0.000000,30,35,37,44,230,250,270,270,270,270,270,57,0,30,59.34419326347364,17.067528002371546,273.35213699916494,293.7894736842105
1693952219,10,,Aggregated,1.300000,0.000000,30,36,37,44,230,250,270,270,270,270,270,58,0,30,58.94662282787914,17.067528002371546,273.35213699916494,293.7931034482759
1693952220,10,,Aggregated,1.300000,0.000000,30,36,37,44,230,250,270,270,270,270,270,58,0,30,58.94662282787914,17.067528002371546,273.35213699916494,293.7931034482759
1693952221,10,,Aggregated,0.900000,0.000000,30,36,38,44,230,250,270,270,270,270,270,59,0,30,58.58757449182045,17.067528002371546,273.35213699916494,293.76271186440675
1693952222,10,,Aggregated,0.900000,0.000000,30,36,38,44,230,250,270,270,270,270,270,60,0,30,58.04938126693742,17.067528002371546,273.35213699916494,293.76666666666665
1693952223,10,,Aggregated,0.900000,0.000000,30,36,38,44,230,250,270,270,270,270,270,60,0,30,58.04938126693742,17.067528002371546,273.35213699916494,293.76666666666665
1693952224,10,,Aggregated,0.800000,0.000000,30,35,37,39,160,250,270,270,270,270,270,63,0,30,56.540068079653246,17.067528002371546,273.35213699916494,293.74603174603175
1693952225,10,,Aggregated,0.900000,0.000000,30,34,36,39,160,250,270,270,270,270,270,65,0,30,55.70111983100875,17.067528002371546,273.35213699916494,293.75384615384615
1693952226,10,,Aggregated,0.900000,0.000000,30,34,36,38,160,250,270,270,270,270,270,66,0,30,55.17913468208986,17.067528002371546,273.35213699916494,293.75757575757575
1693952227,10,,Aggregated,1.200000,0.000000,30,34,36,38,160,250,270,270,270,270,270,69,0,30,54.017181507504944,17.067528002371546,273.35213699916494,293.7536231884058
1693952228,10,,Aggregated,1.100000,0.000000,30,35,37,39,160,250,270,270,270,270,270,70,0,30,53.80039181452178,17.067528002371546,273.35213699916494,293.75714285714287
1693952229,10,,Aggregated,1.100000,0.000000,30,35,37,38,140,250,270,270,270,270,270,72,0,30,53.18068475025939,17.067528002371546,273.35213699916494,293.75
1693952230,10,,Aggregated,1.200000,0.000000,30,36,37,38,140,250,270,270,270,270,270,74,0,30,52.75180320294001,17.067528002371546,273.35213699916494,293.7567567567568
1693952231,10,,Aggregated,1.200000,0.000000,30,36,37,38,140,250,270,270,270,270,270,75,0,30,52.47296573356531,17.067528002371546,273.35213699916494,293.76
1693952232,10,,Aggregated,1.200000,0.000000,30,36,37,38,140,250,270,270,270,270,270,75,0,30,52.47296573356531,17.067528002371546,273.35213699916494,293.76
1693952233,10,,Aggregated,1.700000,0.000000,30,35,36,38,140,250,270,270,270,270,270,77,0,30,51.852969182016444,17.067528002371546,273.35213699916494,293.76623376623377
1693952234,10,,Aggregated,1.700000,0.000000,30,35,36,38,140,250,270,270,270,270,270,77,0,30,51.852969182016444,17.067528002371546,273.35213699916494,293.76623376623377
1693952235,10,,Aggregated,1.600000,0.000000,31,36,36,38,140,250,270,270,270,270,270,80,0,30,51.07659853765654,17.067528002371546,273.35213699916494,293.775
1693952236,10,,Aggregated,1.600000,0.000000,31,36,36,38,140,250,270,270,270,270,270,80,0,30,51.07659853765654,17.067528002371546,273.35213699916494,293.775
1693952237,10,,Aggregated,1.600000,0.000000,30,36,36,38,110,230,270,270,270,270,270,81,0,30,50.81261483967494,17.067528002371546,273.35213699916494,293.77777777777777
1693952238,10,,Aggregated,1.600000,0.000000,30,36,36,38,110,230,270,270,270,270,270,81,0,30,50.81261483967494,17.067528002371546,273.35213699916494,293.77777777777777
1693952239,10,,Aggregated,1.500000,0.000000,31,36,36,38,110,230,270,270,270,270,270,83,0,31,50.43587392785675,17.067528002371546,273.35213699916494,293.7710843373494
1693952240,10,,Aggregated,1.200000,0.000000,31,36,37,38,110,230,270,270,270,270,270,84,0,31,50.277335250159794,17.067528002371546,273.35213699916494,293.7738095238095
1693952241,10,,Aggregated,0.900000,0.000000,31,36,37,38,110,230,270,270,270,270,270,87,0,31,49.538130494396285,17.067528002371546,273.35213699916494,293.7816091954023
1693952242,10,,Aggregated,1.000000,0.000000,31,36,37,38,110,230,270,270,270,270,270,88,0,31,49.334690556985485,17.067528002371546,273.35213699916494,293.78409090909093
1693952243,10,,Aggregated,1.000000,0.000000,31,36,37,38,110,230,270,270,270,270,270,89,0,31,49.269862764212824,17.067528002371546,273.35213699916494,293.7752808988764
1693952244,10,,Aggregated,1.000000,0.000000,31,36,37,38,95,230,270,270,270,270,270,91,0,31,48.840297088055785,17.067528002371546,273.35213699916494,293.7802197802198
1693952245,10,,Aggregated,1.200000,0.000000,31,36,36,38,95,230,270,270,270,270,270,93,0,31,48.34373552700028,17.067528002371546,273.35213699916494,293.78494623655916
1693952246,10,,Aggregated,1.400000,0.000000,31,36,36,38,95,230,270,270,270,270,270,95,0,31,48.08135151592739,17.067528002371546,273.35213699916494,293.7894736842105
1693952247,10,,Aggregated,1.400000,0.000000,31,36,36,37,95,230,270,270,270,270,270,97,0,31,47.716157020799656,17.067528002371546,273.35213699916494,293.7938144329897
1693952248,10,,Aggregated,1.400000,0.000000,31,35,36,37,95,230,270,270,270,270,270,98,0,30,47.441766765494286,17.067528002371546,273.35213699916494,293.7959183673469
1693952249,10,,Aggregated,1.400000,0.000000,30,35,36,37,95,230,270,270,270,270,270,99,0,30,47.270338040584875,17.067528002371546,273.35213699916494,293.7979797979798
1693952250,10,,Aggregated,1.400000,0.000000,30,35,36,37,95,230,270,270,270,270,270,99,0,30,47.270338040584875,17.067528002371546,273.35213699916494,293.7979797979798
1693952251,10,,Aggregated,1.700000,0.000000,31,35,36,37,77,230,250,270,270,270,270,102,0,30,46.8235054021195,17.067528002371546,273.35213699916494,293.80392156862746
1693952252,10,,Aggregated,1.700000,0.000000,30,35,36,37,77,230,250,270,270,270,270,103,0,30,46.650329058377004,17.067528002371546,273.35213699916494,293.80582524271847
1693952253,10,,Aggregated,1.500000,0.000000,31,35,36,37,77,230,250,270,270,270,270,104,0,30,46.49641727897128,17.067528002371546,273.35213699916494,293.8076923076923
1693952254,10,,Aggregated,1.600000,0.000000,31,35,36,37,77,230,250,270,270,270,270,108,0,30,45.8785984167965,17.067528002371546,273.35213699916494,293.80555555555554
1693952255,10,,Aggregated,1.500000,0.000000,30,34,36,37,77,230,250,270,270,270,270,110,0,30,45.54772790014051,17.067528002371546,273.35213699916494,293.8
1693952256,10,,Aggregated,1.500000,0.000000,30,34,36,37,77,230,250,270,270,270,270,110,0,30,45.54772790014051,17.067528002371546,273.35213699916494,293.8
1693952257,10,,Aggregated,1.500000,0.000000,30,34,36,37,77,230,250,270,270,270,270,110,0,30,45.54772790014051,17.067528002371546,273.35213699916494,293.8
1693952258,10,,Aggregated,1.500000,0.000000,30,34,36,37,77,230,250,270,270,270,270,110,0,30,45.54772790014051,17.067528002371546,273.35213699916494,293.8
1693952259,10,,Aggregated,1.500000,0.000000,30,34,36,37,44,230,250,270,270,270,270,112,0,30,45.12482275013748,17.067528002371546,273.35213699916494,293.80357142857144
1693952260,10,,Aggregated,1.500000,0.000000,30,34,36,37,44,230,250,270,270,270,270,113,0,30,44.97060546917667,17.067528002371546,273.35213699916494,293.79646017699116
1693952261,10,,Aggregated,1.500000,0.000000,30,34,36,37,44,230,250,270,270,270,270,113,0,30,44.97060546917667,17.067528002371546,273.35213699916494,293.79646017699116
1693952262,10,,Aggregated,1.400000,0.000000,30,34,36,37,44,230,250,270,270,270,270,117,0,30,44.64108762408419,17.067528002371546,273.35213699916494,293.79487179487177
1693952263,10,,Aggregated,1.300000,0.000000,30,34,36,37,44,230,250,270,270,270,270,118,0,30,44.53734769508705,17.067528002371546,273.35213699916494,293.7881355932203
1693952264,10,,Aggregated,1.100000,0.000000,30,34,36,37,44,230,250,270,270,270,270,119,0,30,44.41489290774134,17.067528002371546,273.35213699916494,293.78991596638656
1693952265,10,,Aggregated,1.100000,0.000000,30,34,36,37,44,230,250,270,270,270,270,119,0,30,44.41489290774134,17.067528002371546,273.35213699916494,293.78991596638656
1693952266,15,,Aggregated,1.200000,0.000000,30,34,36,37,44,200,250,270,270,270,270,121,0,30,45.54741151258903,17.067528002371546,273.35213699916494,293.79338842975204
1693952267,15,,Aggregated,1.200000,0.000000,31,36,37,38,160,250,300,340,350,350,350,126,0,31,55.789273881138854,17.067528002371546,353.51460200035945,293.8015873015873
1693952268,15,,Aggregated,0.900000,0.000000,31,36,37,38,160,250,300,340,350,350,350,127,0,31,55.63145049625488,17.067528002371546,353.51460200035945,293.8031496062992
1693952269,15,,Aggregated,1.600000,0.000000,31,36,37,38,160,250,300,340,350,350,350,128,0,31,55.52678000017863,17.067528002371546,353.51460200035945,293.8046875
1693952270,15,,Aggregated,1.600000,0.000000,31,36,37,38,160,250,300,340,350,350,350,130,0,31,55.05151167708391,17.067528002371546,353.51460200035945,293.8
1693952271,15,,Aggregated,1.700000,0.000000,31,36,37,38,140,250,300,340,350,350,350,132,0,31,54.701159447149344,17.067528002371546,353.51460200035945,293.8030303030303
1693952272,15,,Aggregated,1.700000,0.000000,31,35,37,38,140,250,300,340,350,350,350,133,0,31,54.44271424830663,17.067528002371546,353.51460200035945,293.8045112781955
1693952273,15,,Aggregated,1.700000,0.000000,30,35,37,38,140,250,300,340,350,350,350,135,0,30,53.9963484002025,17.067528002371546,353.51460200035945,293.8
1693952274,15,,Aggregated,1.900000,0.000000,30,35,36,38,140,250,300,340,350,350,350,137,0,30,53.558124168050504,17.067528002371546,353.51460200035945,293.8029197080292
1693952275,15,,Aggregated,1.600000,0.000000,30,35,37,38,140,250,300,340,350,350,350,140,0,30,53.05343939305333,17.067528002371546,353.51460200035945,293.8071428571429
1693952276,15,,Aggregated,1.800000,0.000000,30,35,36,38,110,250,300,340,350,350,350,142,0,30,52.68992675370664,17.067528002371546,353.51460200035945,293.8098591549296
1693952277,15,,Aggregated,1.800000,0.000000,30,35,36,38,110,250,300,340,350,350,350,142,0,30,52.68992675370664,17.067528002371546,353.51460200035945,293.8098591549296
1693952278,15,,Aggregated,2.200000,0.000000,31,35,37,38,110,250,300,340,350,350,350,146,0,30,52.551710000206846,17.067528002371546,353.51460200035945,293.8082191780822
1693952279,15,,Aggregated,2.200000,0.000000,31,35,37,38,110,250,300,340,350,350,350,146,0,30,52.551710000206846,17.067528002371546,353.51460200035945,293.8082191780822
1693952280,15,,Aggregated,1.600000,0.000000,31,35,37,38,110,250,300,340,350,350,350,148,0,30,52.23564829749513,17.067528002371546,353.51460200035945,293.81081081081084
1693952281,15,,Aggregated,1.900000,0.000000,31,36,37,38,110,250,300,340,350,350,350,150,0,30,51.94048640684438,17.067528002371546,353.51460200035945,293.79333333333335
1693952282,15,,Aggregated,1.800000,0.000000,30,35,37,38,95,250,280,340,350,350,350,152,0,30,51.630731243604764,17.067528002371546,353.51460200035945,293.79605263157896
1693952283,15,,Aggregated,1.800000,0.000000,31,35,37,38,95,250,280,340,350,350,350,156,0,30,51.67888067966813,17.067528002371546,353.51460200035945,293.80128205128204
1693952284,15,,Aggregated,1.800000,0.000000,31,35,37,38,95,250,280,340,350,350,350,156,0,30,51.67888067966813,17.067528002371546,353.51460200035945,293.80128205128204
1693952285,15,,Aggregated,1.900000,0.000000,31,36,37,38,95,250,280,340,350,350,350,158,0,30,51.4183981267476,17.067528002371546,353.51460200035945,293.7974683544304
1693952286,15,,Aggregated,2.000000,0.000000,30,35,37,38,95,250,280,340,350,350,350,159,0,30,51.27728164796212,17.067528002371546,353.51460200035945,293.7798742138365
1693952287,15,,Aggregated,1.900000,0.000000,31,36,37,38,79,240,280,340,350,350,350,161,0,31,51.0766898262304,17.067528002371546,353.51460200035945,293.77639751552795
1693952288,15,,Aggregated,1.700000,0.000000,31,36,37,38,79,240,280,340,350,350,350,166,0,30,50.44434121095015,17.067528002371546,353.51460200035945,293.77710843373495
1693952289,15,,Aggregated,1.800000,0.000000,30,36,37,38,79,240,280,340,350,350,350,167,0,30,50.27190023964089,17.067528002371546,353.51460200035945,293.77245508982037
1693952290,15,,Aggregated,1.800000,0.000000,30,36,37,38,79,240,280,340,350,350,350,167,0,30,50.27190023964089,17.067528002371546,353.51460200035945,293.77245508982037
1693952291,15,,Aggregated,2.000000,0.000000,30,35,37,38,79,240,280,340,350,350,350,168,0,30,50.14802792870147,17.067528002371546,353.51460200035945,293.7738095238095
1693952292,15,,Aggregated,2.000000,0.000000,30,35,37,38,79,240,280,340,350,350,350,169,0,30,50.02132545574654,17.067528002371546,353.51460200035945,293.7751479289941
1693952293,15,,Aggregated,2.000000,0.000000,30,35,37,38,79,240,280,340,350,350,350,169,0,30,50.02132545574654,17.067528002371546,353.51460200035945,293.7751479289941
1693952294,15,,Aggregated,1.800000,0.000000,30,35,37,38,77,240,280,340,350,350,350,171,0,30,49.735596848057604,17.067528002371546,353.51460200035945,293.77777777777777
1693952295,15,,Aggregated,1.700000,0.000000,30,35,37,38,77,240,280,340,350,350,350,174,0,30,49.431470224255634,17.067528002371546,353.51460200035945,293.7758620689655
1693952296,15,,Aggregated,1.300000,0.000000,30,35,37,38,77,240,280,340,350,350,350,177,0,30,49.02109370633005,17.067528002371546,353.51460200035945,293.774011299435
1693952297,15,,Aggregated,1.300000,0.000000,30,35,37,38,77,240,280,340,350,350,350,178,0,30,48.932201511347095,17.067528002371546,353.51460200035945,293.7752808988764
1693952298,15,,Aggregated,1.300000,0.000000,30,35,37,38,77,240,280,340,350,350,350,178,0,30,48.932201511347095,17.067528002371546,353.51460200035945,293.7752808988764
1693952299,15,,Aggregated,1.800000,0.000000,30,35,37,38,77,240,280,340,350,350,350,179,0,30,48.823129050405996,17.067528002371546,353.51460200035945,293.77653631284915
1693952300,15,,Aggregated,1.800000,0.000000,30,35,37,38,77,240,280,340,350,350,350,179,0,30,48.823129050405996,17.067528002371546,353.51460200035945,293.77653631284915
1693952301,15,,Aggregated,1.200000,0.000000,30,34,36,38,77,230,280,340,350,350,350,182,0,30,48.47157030779092,17.067528002371546,353.51460200035945,293.7802197802198
1693952302,15,,Aggregated,1.200000,0.000000,30,34,36,38,77,230,280,340,350,350,350,187,0,30,47.83079963109586,17.067528002371546,353.51460200035945,293.7807486631016
1693952303,15,,Aggregated,1.100000,0.000000,30,34,36,38,77,230,280,340,350,350,350,189,0,30,47.60023924347633,17.067528002371546,353.51460200035945,293.7724867724868
1693952304,15,,Aggregated,1.600000,0.000000,30,34,36,38,77,230,280,340,350,350,350,190,0,30,47.50421808957502,17.067528002371546,353.51460200035945,293.7736842105263
1693952305,15,,Aggregated,1.600000,0.000000,30,34,36,38,77,230,280,340,350,350,350,190,0,30,47.50421808957502,17.067528002371546,353.51460200035945,293.7736842105263
1693952306,15,,Aggregated,2.000000,0.000000,30,34,36,38,70,230,280,340,350,350,350,191,0,30,47.4480486598013,17.067528002371546,353.51460200035945,293.77486910994764
1693952307,15,,Aggregated,1.800000,0.000000,30,34,36,38,70,230,280,340,350,350,350,192,0,30,47.332528781358484,17.067528002371546,353.51460200035945,293.7760416666667
1693952308,15,,Aggregated,1.500000,0.000000,30,34,36,38,70,230,280,340,350,350,350,197,0,30,47.124696325000755,17.067528002371546,353.51460200035945,293.7817258883249
1693952309,15,,Aggregated,1.300000,0.000000,30,34,36,38,70,230,280,340,350,350,350,200,0,30,46.882752975143376,17.067528002371546,353.51460200035945,293.775
1693952310,15,,Aggregated,1.400000,0.000000,30,34,36,38,59,230,270,300,350,350,350,201,0,30,46.764046069803946,17.067528002371546,353.51460200035945,293.771144278607
1693952311,15,,Aggregated,2.000000,0.000000,30,34,36,38,59,230,270,300,350,350,350,202,0,30,46.69527411400364,17.067528002371546,353.51460200035945,293.7722772277228
1693952312,15,,Aggregated,2.100000,0.000000,30,34,36,38,59,230,270,300,350,350,350,205,0,30,46.44983211232679,17.067528002371546,353.51460200035945,293.77560975609754
1693952313,15,,Aggregated,2.200000,0.000000,30,34,36,37,59,230,270,300,350,350,350,206,0,30,46.40369538848743,17.067528002371546,353.51460200035945,293.77669902912623
1693952314,15,,Aggregated,2.200000,0.000000,30,34,36,37,59,230,270,300,350,350,350,206,0,30,46.40369538848743,17.067528002371546,353.51460200035945,293.77669902912623
1693952315,15,,Aggregated,1.800000,0.000000,30,34,36,38,59,230,270,300,350,350,350,209,0,30,46.16712344510346,17.067528002371546,353.51460200035945,293.7799043062201
1693952316,15,,Aggregated,1.700000,0.000000,30,34,36,37,57,230,270,300,350,350,350,211,0,30,46.0305525404037,17.067528002371546,353.51460200035945,293.78199052132703
1693952317,15,,Aggregated,1.700000,0.000000,30,34,36,38,57,230,270,300,350,350,350,212,0,30,45.992456853900016,17.067528002371546,353.51460200035945,293.77830188679246
1693952318,15,,Aggregated,1.900000,0.000000,30,34,36,38,59,230,270,300,350,350,350,217,0,30,45.80572060845022,17.067528002371546,353.51460200035945,293.7834101382488
1693952319,15,,Aggregated,2.000000,0.000000,30,34,36,38,59,230,270,300,350,350,350,218,0,30,45.82166630289984,17.067528002371546,353.51460200035945,293.7844036697248
1693952320,15,,Aggregated,2.000000,0.000000,30,34,36,38,59,230,270,300,350,350,350,218,0,30,45.82166630289984,17.067528002371546,353.51460200035945,293.7844036697248
1693952321,15,,Aggregated,1.900000,0.000000,30,34,36,38,57,200,270,300,350,350,350,222,0,30,45.51618448213786,17.067528002371546,353.51460200035945,293.7882882882883
1693952322,15,,Aggregated,1.800000,0.000000,30,34,36,38,57,200,270,300,350,350,350,224,0,30,45.417934870686494,17.067528002371546,353.51460200035945,293.79017857142856
1693952323,15,,Aggregated,1.700000,0.000000,30,34,36,38,57,200,270,300,350,350,350,227,0,30,45.20584648472295,17.067528002371546,353.51460200035945,293.784140969163
1693952324,15,,Aggregated,2.000000,0.000000,30,34,36,38,57,200,270,300,350,350,350,228,0,30,45.16866134224728,17.067528002371546,353.51460200035945,293.7763157894737
1693952325,15,,Aggregated,1.900000,0.000000,30,34,36,38,57,200,270,300,350,350,350,229,0,30,45.1396275110587,17.067528002371546,353.51460200035945,293.7772925764192
1693952326,20,,Aggregated,2.100000,0.000000,30,35,37,38,76,200,270,300,350,350,350,235,0,30,47.372258859708225,17.067528002371546,353.51460200035945,293.7744680851064
1693952327,20,,Aggregated,2.100000,0.000000,30,35,37,38,76,200,270,300,350,350,350,236,0,30,47.293681631499105,17.067528002371546,353.51460200035945,293.77542372881356
1693952328,20,,Aggregated,2.000000,0.000000,30,35,37,38,76,200,270,300,350,350,350,237,0,30,47.244474666820274,17.067528002371546,353.51460200035945,293.7763713080169
1693952329,20,,Aggregated,2.400000,0.000000,30,36,37,38,76,200,270,300,350,350,350,244,0,30,47.04359250422758,17.067528002371546,353.51460200035945,293.7704918032787
1693952330,20,,Aggregated,2.400000,0.000000,30,35,37,38,76,200,270,300,350,350,350,248,0,30,46.75265878640564,17.067528002371546,353.51460200035945,293.77016129032256
1693952331,20,,Aggregated,2.000000,0.000000,30,35,37,38,76,200,270,300,350,350,350,250,0,30,46.59041532811534,17.067528002371546,353.51460200035945,293.768
1693952332,20,,Aggregated,2.000000,0.000000,30,35,37,38,76,200,270,300,350,350,350,250,0,30,46.59041532811534,17.067528002371546,353.51460200035945,293.768
1693952333,20,,Aggregated,3.000000,0.000000,30,35,37,38,70,200,270,300,350,350,350,252,0,30,46.49323461915859,17.067528002371546,353.51460200035945,293.765873015873
1693952334,20,,Aggregated,2.800000,0.000000,30,35,37,38,70,200,270,300,350,350,350,254,0,30,46.34044157097292,17.067528002371546,353.51460200035945,293.75984251968504
1693952335,20,,Aggregated,2.600000,0.000000,30,35,37,38,70,200,270,300,350,350,350,257,0,30,46.147389910621534,17.067528002371546,353.51460200035945,293.7626459143969
1693952337,20,,Aggregated,2.500000,0.000000,30,35,37,38,70,200,270,300,350,350,350,259,0,30,46.01237731672797,17.067528002371546,353.51460200035945,293.7644787644788
1693952338,20,,Aggregated,2.600000,0.000000,30,35,37,38,68,170,270,300,350,350,350,261,0,30,45.84833056333605,17.067528002371546,353.51460200035945,293.7662835249042
1693952339,20,,Aggregated,2.800000,0.000000,30,35,37,38,68,170,270,300,350,350,350,263,0,30,45.748306927863226,17.067528002371546,353.51460200035945,293.7642585551331
1693952340,20,,Aggregated,2.400000,0.000000,30,34,36,38,68,170,270,300,350,350,350,266,0,30,45.58269573318743,17.067528002371546,353.51460200035945,293.76691729323306
1693952341,20,,Aggregated,2.400000,0.000000,30,34,36,38,68,170,270,300,350,350,350,266,0,30,45.58269573318743,17.067528002371546,353.51460200035945,293.76691729323306
1693952342,20,,Aggregated,2.600000,0.000000,31,35,37,38,61,170,270,300,350,350,350,271,0,31,45.58166012556053,17.067528002371546,353.51460200035945,293.76752767527677
1693952343,20,,Aggregated,2.200000,0.000000,31,35,37,38,61,170,270,300,350,350,350,274,0,30,45.41671659498319,16.41616599954432,353.51460200035945,293.7700729927007
1693952344,20,,Aggregated,2.100000,0.000000,31,35,37,38,61,170,270,300,350,350,350,276,0,30,45.3282591123871,16.41616599954432,353.51460200035945,293.7717391304348
1693952345,20,,Aggregated,2.100000,0.000000,30,35,37,38,61,170,270,300,350,350,350,279,0,30,45.0800453262311,16.41616599954432,353.51460200035945,293.77060931899643
1693952346,20,,Aggregated,2.400000,0.000000,30,35,37,38,61,170,270,300,350,350,350,280,0,30,45.0544862822036,16.41616599954432,353.51460200035945,293.77142857142854
1693952347,20,,Aggregated,2.400000,0.000000,30,35,37,38,61,170,270,300,350,350,350,280,0,30,45.0544862822036,16.41616599954432,353.51460200035945,293.77142857142854
1693952348,20,,Aggregated,2.500000,0.000000,30,35,37,38,59,160,270,300,350,350,350,284,0,30,44.8540793275268,16.41616599954432,353.51460200035945,293.7676056338028
1693952349,20,,Aggregated,2.300000,0.000000,30,35,37,38,59,160,270,300,350,350,350,285,0,30,44.836456136902584,16.41616599954432,353.51460200035945,293.7684210526316
1693952350,20,,Aggregated,2.100000,0.000000,31,35,37,38,61,160,270,300,350,350,350,289,0,31,45.009932629821485,16.41616599954432,353.51460200035945,293.7681660899654
1693952351,20,,Aggregated,2.200000,0.000000,31,35,37,38,59,160,270,300,350,350,350,291,0,31,44.924241450231776,16.41616599954432,353.51460200035945,293.7697594501718
1693952352,20,,Aggregated,2.200000,0.000000,31,36,37,38,59,160,270,300,350,350,350,293,0,31,44.8699638191691,16.41616599954432,353.51460200035945,293.77133105802045
1693952353,20,,Aggregated,2.300000,0.000000,31,36,37,38,59,160,270,300,350,350,350,294,0,31,44.78415929937613,16.41616599954432,353.51460200035945,293.7721088435374
1693952354,20,,Aggregated,2.400000,0.000000,31,36,37,38,59,160,270,300,350,350,350,297,0,31,44.70623416839064,16.41616599954432,353.51460200035945,293.77104377104376
1693952355,20,,Aggregated,2.200000,0.000000,31,35,37,38,59,160,250,280,350,350,350,301,0,31,44.48422164787672,16.41616599954432,353.51460200035945,293.7707641196013
1693952356,20,,Aggregated,2.000000,0.000000,31,35,37,38,59,160,250,280,350,350,350,304,0,30,44.281595973703396,16.41616599954432,353.51460200035945,293.7730263157895
1693952357,20,,Aggregated,2.200000,0.000000,31,35,37,38,59,160,250,280,350,350,350,305,0,31,44.25732973772416,16.41616599954432,353.51460200035945,293.7704918032787
1693952358,20,,Aggregated,2.400000,0.000000,31,35,37,38,59,160,250,280,350,350,350,306,0,30,44.19995389544294,16.41616599954432,353.51460200035945,293.7647058823529
1693952359,20,,Aggregated,2.400000,0.000000,30,35,37,38,59,160,250,280,350,350,350,309,0,30,44.08473186409643,16.41616599954432,353.51460200035945,293.7669902912621
1693952360,20,,Aggregated,2.500000,0.000000,31,36,37,38,59,160,250,280,350,350,350,314,0,31,44.112759748430015,16.41616599954432,353.51460200035945,293.77070063694265
1693952361,20,,Aggregated,2.100000,0.000000,31,36,37,38,59,160,250,280,350,350,350,319,0,31,44.0852352789946,16.41616599954432,353.51460200035945,293.76802507836993
1693952362,20,,Aggregated,2.400000,0.000000,31,36,37,38,59,160,250,280,350,350,350,320,0,31,44.035062337502495,16.41616599954432,353.51460200035945,293.76875
1693952363,20,,Aggregated,2.500000,0.000000,31,36,37,38,57,150,250,280,350,350,350,321,0,31,43.998816915895375,16.41616599954432,353.51460200035945,293.7694704049844
1693952364,20,,Aggregated,2.900000,0.000000,31,36,37,38,57,150,250,280,350,350,350,323,0,31,43.888757303400375,16.41616599954432,353.51460200035945,293.7647058823529
1693952365,20,,Aggregated,2.700000,0.000000,31,36,37,38,59,150,250,280,350,350,350,329,0,31,43.83039402128017,16.41616599954432,353.51460200035945,293.7598784194529
1693952366,20,,Aggregated,2.600000,0.000000,31,36,37,38,57,150,250,280,350,350,350,332,0,31,43.68844589458078,16.41616599954432,353.51460200035945,293.7590361445783
1693952367,20,,Aggregated,2.700000,0.000000,31,36,37,38,57,150,250,280,350,350,350,334,0,31,43.650932221566336,16.41616599954432,353.51460200035945,293.76047904191614
1693952368,20,,Aggregated,2.700000,0.000000,31,36,37,38,57,150,250,280,350,350,350,335,0,31,43.60589200000708,16.41616599954432,353.51460200035945,293.76119402985074
1693952369,20,,Aggregated,2.800000,0.000000,31,36,37,38,57,150,250,280,350,350,350,340,0,31,43.39295258530054,16.41616599954432,353.51460200035945,293.75588235294117
1693952370,20,,Aggregated,2.800000,0.000000,31,36,37,38,57,150,250,280,350,350,350,340,0,31,43.39295258530054,16.41616599954432,353.51460200035945,293.75588235294117
1693952371,20,,Aggregated,3.000000,0.000000,31,35,37,38,55,140,250,280,350,350,350,342,0,31,43.311046292399105,16.41616599954432,353.51460200035945,293.7514619883041
1693952372,20,,Aggregated,2.600000,0.000000,31,36,37,38,59,150,250,280,350,350,350,348,0,31,44.05039269540898,16.41616599954432,353.51460200035945,293.7471264367816
1693952373,20,,Aggregated,2.600000,0.000000,31,36,37,38,61,150,250,280,350,350,350,350,0,31,44.107415977154496,16.41616599954432,353.51460200035945,293.74285714285713
1693952374,20,,Aggregated,2.600000,0.000000,31,36,37,38,59,150,250,280,350,350,350,355,0,31,43.92003672394014,16.41616599954432,353.51460200035945,293.743661971831
1693952375,20,,Aggregated,2.600000,0.000000,31,36,37,38,59,150,250,280,350,350,350,357,0,31,43.83490533333259,16.41616599954432,353.51460200035945,293.7450980392157
1693952376,20,,Aggregated,3.000000,0.000000,31,36,37,38,59,150,250,280,350,350,350,360,0,31,43.78173585555487,16.41616599954432,353.51460200035945,293.7472222222222
1693952377,20,,Aggregated,2.900000,0.000000,31,36,37,38,59,140,250,280,350,350,350,363,0,31,43.762854344355674,16.41616599954432,353.51460200035945,293.74104683195594
1693952378,20,,Aggregated,2.900000,0.000000,31,36,37,38,59,140,250,280,350,350,350,366,0,31,43.68607083878751,16.41616599954432,353.51460200035945,293.7431693989071
1693952379,20,,Aggregated,2.600000,0.000000,31,36,37,38,59,140,250,280,350,350,350,367,0,31,43.650211553119135,16.41616599954432,353.51460200035945,293.74114441416896
1693952380,20,,Aggregated,3.100000,0.000000,31,36,37,38,59,140,250,280,350,350,350,371,0,31,43.70925722370071,16.41616599954432,353.51460200035945,293.74393530997304
1693952381,20,,Aggregated,2.800000,0.000000,31,36,37,38,59,140,250,280,350,350,350,373,0,31,43.636156495965004,16.41616599954432,353.51460200035945,293.7426273458445
1693952382,20,,Aggregated,2.800000,0.000000,31,36,37,38,59,140,250,280,350,350,350,373,0,31,43.636156495965004,16.41616599954432,353.51460200035945,293.7426273458445
1693952383,20,,Aggregated,3.000000,0.000000,31,36,37,38,59,140,250,280,350,350,350,374,0,31,43.61138777271736,16.41616599954432,353.51460200035945,293.7433155080214
1693952384,20,,Aggregated,2.700000,0.000000,31,36,37,38,59,140,250,280,350,350,350,376,0,31,43.56351600797504,16.41616599954432,353.51460200035945,293.74468085106383
1693952385,20,,Aggregated,2.700000,0.000000,31,36,37,38,59,140,250,280,350,350,350,379,0,31,43.516511519786306,16.41616599954432,353.51460200035945,293.7467018469657
1693952386,20,,Aggregated,2.200000,0.000000,31,36,37,38,59,140,250,280,350,350,350,381,0,31,43.456604524920884,16.41616599954432,353.51460200035945,293.748031496063
1693952387,25,,Aggregated,2.200000,0.000000,31,36,37,39,70,160,260,280,350,350,350,387,0,31,45.98358587080197,16.41616599954432,353.51460200035945,293.74935400516796
1693952388,25,,Aggregated,2.200000,0.000000,31,36,37,39,74,160,260,280,350,350,350,390,0,31,46.10059152564179,16.41616599954432,353.51460200035945,293.74871794871797
1693952389,25,,Aggregated,2.500000,0.000000,31,36,37,39,70,160,260,280,350,350,350,393,0,31,45.960798908408115,16.41616599954432,353.51460200035945,293.7480916030534
1693952390,25,,Aggregated,2.400000,0.000000,31,36,37,39,70,160,260,280,350,350,350,397,0,31,45.836738874072864,16.41616599954432,353.51460200035945,293.74811083123427
1693952391,25,,Aggregated,2.500000,0.000000,31,36,37,39,74,160,260,280,350,350,350,400,0,31,46.00288825252392,16.41616599954432,353.51460200035945,293.7425
1693952392,25,,Aggregated,2.500000,0.000000,31,36,37,39,70,160,250,280,350,350,350,402,0,31,45.92684934331333,16.41616599954432,353.51460200035945,293.7437810945274
1693952393,25,,Aggregated,2.600000,0.000000,31,36,37,39,74,160,250,280,350,350,350,404,0,31,46.0768105841894,16.41616599954432,353.51460200035945,293.740099009901
1693952394,25,,Aggregated,2.900000,0.000000,31,36,37,39,74,160,250,280,350,350,350,406,0,31,45.976845123194714,16.41616599954432,353.51460200035945,293.7389162561576
1693952395,25,,Aggregated,2.800000,0.000000,31,36,37,39,74,160,250,280,350,350,350,408,0,31,45.86783992160645,16.41616599954432,353.51460200035945,293.7377450980392
1693952396,25,,Aggregated,3.000000,0.000000,31,36,37,39,74,160,250,280,350,350,350,411,0,31,45.706824469626156,16.41616599954432,353.51460200035945,293.7396593673966
1693952397,25,,Aggregated,2.800000,0.000000,31,36,37,39,74,160,250,280,350,350,350,413,0,31,45.62521765620983,16.41616599954432,353.51460200035945,293.73849878934624
1693952398,25,,Aggregated,2.900000,0.000000,31,36,37,39,74,160,250,280,350,350,350,417,0,31,45.43138604319213,16.41616599954432,353.51460200035945,293.7386091127098
1693952399,25,,Aggregated,2.500000,0.000000,31,36,37,39,74,160,250,280,350,350,350,420,0,31,45.319184933352865,16.41616599954432,353.51460200035945,293.73809523809524
1693952400,25,,Aggregated,2.500000,0.000000,31,35,37,39,70,150,250,280,350,350,350,422,0,31,45.24228814931569,16.41616599954432,353.51460200035945,293.7369668246445
1693952401,25,,Aggregated,2.500000,0.000000,31,35,37,39,70,150,250,280,350,350,350,425,0,31,45.14389929413857,16.41616599954432,353.51460200035945,293.7388235294118
1693952402,25,,Aggregated,2.600000,0.000000,31,36,37,39,76,160,250,280,350,350,350,430,0,31,45.702007053520454,16.41616599954432,353.51460200035945,293.7395348837209
1693952403,25,,Aggregated,2.500000,0.000000,31,36,37,39,74,160,250,280,350,350,350,432,0,31,45.624032578728105,16.41616599954432,353.51460200035945,293.7384259259259
1693952404,25,,Aggregated,2.600000,0.000000,31,36,37,39,74,160,250,280,350,350,350,436,0,31,45.52629005736706,16.41616599954432,353.51460200035945,293.73853211009174
1693952405,25,,Aggregated,2.600000,0.000000,31,36,37,39,74,160,250,280,350,350,350,438,0,31,45.46707257766053,16.41616599954432,353.51460200035945,293.73972602739724
1693952406,25,,Aggregated,3.000000,0.000000,31,36,37,39,74,160,250,280,350,350,350,441,0,31,45.302968204120845,16.41616599954432,353.51460200035945,293.74149659863946
1693952407,25,,Aggregated,3.000000,0.000000,31,36,37,39,74,160,250,280,350,350,350,441,0,31,45.302968204120845,16.41616599954432,353.51460200035945,293.74149659863946
1693952408,25,,Aggregated,3.000000,0.000000,31,35,37,39,74,160,250,280,350,350,350,446,0,31,45.11444391483879,16.41616599954432,353.51460200035945,293.7421524663677
1693952409,25,,Aggregated,2.900000,0.000000,31,35,37,39,74,160,250,280,350,350,350,449,0,31,44.9826235701914,16.41616599954432,353.51460200035945,293.74387527839644
1693952410,25,,Aggregated,2.900000,0.000000,31,35,37,39,74,160,250,280,350,350,350,452,0,31,45.023869480133826,16.41616599954432,353.51460200035945,293.74557522123894
1693952411,25,,Aggregated,2.900000,0.000000,31,35,37,39,74,160,250,280,350,350,350,454,0,31,44.926361257760334,16.41616599954432,353.51460200035945,293.7466960352423
1693952412,25,,Aggregated,2.900000,0.000000,31,35,37,39,74,160,250,280,350,350,350,456,0,31,44.85184119303404,16.41616599954432,353.51460200035945,293.74780701754383
1693952413,25,,Aggregated,3.100000,0.000000,31,36,37,39,70,150,250,280,350,350,350,462,0,31,44.84206379226174,16.41616599954432,353.51460200035945,293.74675324675326
1693952414,25,,Aggregated,3.100000,0.000000,31,36,37,39,70,150,250,280,350,350,350,464,0,31,44.794781310405725,16.41616599954432,353.51460200035945,293.7478448275862
1693952415,25,,Aggregated,2.800000,0.000000,31,36,37,39,70,150,250,280,350,350,350,467,0,31,44.709168060020744,16.41616599954432,353.51460200035945,293.745182012848
1693952416,25,,Aggregated,2.800000,0.000000,31,36,37,39,70,150,250,280,350,350,350,470,0,31,44.69183479581106,16.41616599954432,353.51460200035945,293.74468085106383
1693952417,25,,Aggregated,2.800000,0.000000,31,36,37,39,69,150,250,280,350,350,350,473,0,31,44.58195219456253,16.41616599954432,353.51460200035945,293.74418604651163
1693952418,25,,Aggregated,3.100000,0.000000,31,36,37,39,69,150,250,280,350,350,350,478,0,31,44.46346516113667,16.41616599954432,353.51460200035945,293.7468619246862
1693952419,25,,Aggregated,3.100000,0.000000,31,36,37,39,69,150,250,280,350,350,350,479,0,31,44.434564319469736,16.41616599954432,353.51460200035945,293.7473903966597
1693952420,25,,Aggregated,3.000000,0.000000,31,36,37,39,70,150,250,280,350,350,350,483,0,31,44.506236793018786,16.41616599954432,353.51460200035945,293.7453416149068
1693952421,25,,Aggregated,3.000000,0.000000,31,36,37,39,70,150,250,280,350,350,350,484,0,31,44.47682274592597,16.41616599954432,353.51460200035945,293.745867768595
1693952422,25,,Aggregated,3.000000,0.000000,31,36,37,39,70,150,250,280,350,350,350,485,0,31,44.43778115675422,16.41616599954432,353.51460200035945,293.7463917525773
1693952423,25,,Aggregated,3.000000,0.000000,31,36,37,39,70,150,250,280,350,350,350,490,0,31,44.251755412306565,16.41616599954432,353.51460200035945,293.7448979591837
1693952424,25,,Aggregated,2.900000,0.000000,31,36,37,38,69,150,250,280,350,350,350,492,0,31,44.20987021753754,16.41616599954432,353.51460200035945,293.7459349593496
1693952425,25,,Aggregated,2.900000,0.000000,31,36,37,39,73,150,250,280,350,350,350,499,0,31,44.59842666338392,16.41616599954432,353.51460200035945,293.749498997996
1693952426,25,,Aggregated,2.700000,0.000000,31,36,37,39,70,150,240,270,350,350,350,503,0,31,44.49821204578123,16.41616599954432,353.51460200035945,293.7475149105368
1693952427,25,,Aggregated,2.700000,0.000000,31,36,37,39,74,150,240,270,350,350,350,506,0,31,44.745468583066746,16.41616599954432,353.51460200035945,293.7470355731225
1693952428,25,,Aggregated,3.000000,0.000000,31,36,37,39,74,150,240,270,350,350,350,509,0,31,44.65615759927852,16.41616599954432,353.51460200035945,293.74459724950884
1693952429,25,,Aggregated,3.400000,0.000000,31,36,38,39,73,150,240,270,350,350,350,512,0,31,44.56939045709163,16.41616599954432,353.51460200035945,293.74609375
1693952430,25,,Aggregated,3.400000,0.000000,31,36,38,39,73,150,240,270,350,350,350,516,0,31,44.51854465896899,16.41616599954432,353.51460200035945,293.74418604651163
1693952431,25,,Aggregated,3.100000,0.000000,31,36,38,39,73,150,240,270,350,350,350,519,0,31,44.44124790179014,16.41616599954432,353.51460200035945,293.7456647398844
1693952432,25,,Aggregated,3.500000,0.000000,31,36,38,39,74,140,240,270,350,350,350,526,0,31,44.70551594301673,16.41616599954432,353.51460200035945,293.74524714828897
1693952433,25,,Aggregated,3.200000,0.000000,31,36,38,39,73,140,240,270,350,350,350,531,0,31,44.557647203440446,16.41616599954432,353.51460200035945,293.7457627118644
1693952434,25,,Aggregated,3.200000,0.000000,31,36,38,39,73,140,240,270,350,350,350,534,0,31,44.47912875848794,16.41616599954432,353.51460200035945,293.7434456928839
1693952435,25,,Aggregated,4.100000,0.000000,31,36,38,39,73,140,240,270,350,350,350,538,0,31,44.384523806759454,16.41616599954432,353.51460200035945,293.74349442379184
1693952436,25,,Aggregated,4.300000,0.000000,31,36,38,39,74,140,240,270,350,350,350,542,0,31,44.54533965689972,16.41616599954432,353.51460200035945,293.7453874538745
1693952437,25,,Aggregated,4.300000,0.000000,31,36,38,39,74,140,240,270,350,350,350,543,0,31,44.59101781407563,16.41616599954432,353.51460200035945,293.74585635359114
1693952438,25,,Aggregated,4.300000,0.000000,31,36,38,39,74,140,240,270,350,350,350,543,0,31,44.59101781407563,16.41616599954432,353.51460200035945,293.74585635359114
1693952439,25,,Aggregated,3.700000,0.000000,31,36,38,39,74,140,240,270,350,350,350,545,0,31,44.5461220753063,16.41616599954432,353.51460200035945,293.7449541284404
1693952440,25,,Aggregated,3.700000,0.000000,31,36,38,39,74,140,240,270,350,350,350,547,0,31,44.49021293426227,16.41616599954432,353.51460200035945,293.74588665447897
1693952441,25,,Aggregated,3.400000,0.000000,31,36,38,39,74,140,230,270,350,350,350,551,0,31,44.586796139825616,16.41616599954432,353.51460200035945,293.7477313974592
1693952442,25,,Aggregated,2.900000,0.000000,31,36,38,39,74,140,230,270,350,350,350,553,0,31,44.54246465468485,16.41616599954432,353.51460200035945,293.748643761302
1693952443,25,,Aggregated,3.300000,0.000000,31,36,38,39,76,140,230,270,350,350,350,557,0,31,44.798793630227,16.41616599954432,353.51460200035945,293.74865350089766
1693952444,25,,Aggregated,2.800000,0.000000,31,36,38,39,76,140,230,270,350,350,350,560,0,31,44.69821746256457,16.41616599954432,353.51460200035945,293.7482142857143
1693952445,25,,Aggregated,2.400000,0.000000,31,36,38,39,74,140,230,270,350,350,350,562,0,31,44.635110377284654,16.41616599954432,353.51460200035945,293.7473309608541
1693952446,25,,Aggregated,2.400000,0.000000,31,36,38,39,74,140,230,270,350,350,350,564,0,31,44.55364413481336,16.41616599954432,353.51460200035945,293.74468085106383
1693952447,30,,Aggregated,2.400000,0.000000,31,36,38,40,77,160,260,320,430,430,430,574,0,31,47.77794068996161,16.41616599954432,433.8625239979592,293.74564459930315
1693952448,30,,Aggregated,2.200000,0.000000,31,36,38,40,77,160,260,320,430,430,430,577,0,31,47.69834120109927,16.41616599954432,433.8625239979592,293.7469670710572
1693952449,30,,Aggregated,2.300000,0.000000,31,36,38,40,77,160,260,320,430,430,430,581,0,31,47.73120958009004,16.41616599954432,433.8625239979592,293.7487091222031
1693952450,30,,Aggregated,3.200000,0.000000,31,36,38,40,77,160,260,320,430,430,430,583,0,31,47.68094382852661,16.41616599954432,433.8625239979592,293.7495711835335
1693952451,30,,Aggregated,3.400000,0.000000,31,36,38,40,77,160,260,320,430,430,430,586,0,31,47.58534659903095,16.41616599954432,433.8625239979592,293.75085324232083
1693952452,30,,Aggregated,3.600000,0.000000,31,36,38,41,77,160,260,320,430,430,430,590,0,31,47.62415917632436,16.41616599954432,433.8625239979592,293.7508474576271
1693952453,30,,Aggregated,3.500000,0.000000,31,36,38,41,77,160,260,320,430,430,430,596,0,31,47.674065828906905,16.41616599954432,433.8625239979592,293.746644295302
1693952454,30,,Aggregated,3.600000,0.000000,31,36,38,41,77,160,260,320,430,430,430,600,0,31,47.60478799338065,16.41616599954432,433.8625239979592,293.74666666666667
1693952455,30,,Aggregated,3.900000,0.000000,31,36,38,41,77,160,260,300,430,430,430,604,0,31,47.49115600336022,16.41616599954432,433.8625239979592,293.74668874172187
1693952456,30,,Aggregated,3.800000,0.000000,31,36,38,41,77,160,260,300,430,430,430,608,0,31,47.491204930966695,16.41616599954432,433.8625239979592,293.7483552631579
1693952457,30,,Aggregated,3.900000,0.000000,31,36,38,41,77,160,260,300,430,430,430,612,0,31,47.5276254052671,16.41616599954432,433.8625239979592,293.75
1693952458,30,,Aggregated,4.100000,0.000000,31,36,38,41,77,160,260,300,430,430,430,620,0,31,47.317362162944086,16.41616599954432,433.8625239979592,293.7467741935484
1693952459,30,,Aggregated,4.300000,0.000000,31,36,38,41,77,150,260,300,430,430,430,623,0,31,47.22925019265375,16.41616599954432,433.8625239979592,293.74799357945426
1693952460,30,,Aggregated,3.700000,0.000000,31,36,38,41,77,150,260,300,430,430,430,626,0,31,47.13522003677758,16.41616599954432,433.8625239979592,293.74920127795525
1693952461,30,,Aggregated,4.300000,0.000000,31,36,38,41,77,150,260,300,430,430,430,629,0,31,47.06801762800687,16.41616599954432,433.8625239979592,293.74880763116056
1693952462,30,,Aggregated,4.200000,0.000000,31,36,38,41,77,150,260,300,430,430,430,631,0,31,46.99519098893027,16.41616599954432,433.8625239979592,293.7480190174326
1693952463,30,,Aggregated,4.300000,0.000000,31,36,38,41,77,150,260,300,430,430,430,633,0,31,46.939093312828135,16.41616599954432,433.8625239979592,293.74565560821486
1693952464,30,,Aggregated,4.300000,0.000000,31,36,38,41,77,150,260,300,430,430,430,636,0,31,46.829120180850424,16.41616599954432,433.8625239979592,293.74685534591197
1693952465,30,,Aggregated,3.900000,0.000000,31,36,38,41,77,150,260,300,430,430,430,641,0,31,46.849797313602075,16.41616599954432,433.8625239979592,293.74882995319814
1693952466,30,,Aggregated,3.800000,0.000000,31,36,38,41,77,150,260,300,430,430,430,645,0,31,46.75019673646433,16.41616599954432,433.8625239979592,293.74883720930234
1693952467,30,,Aggregated,3.700000,0.000000,31,36,38,41,77,150,260,300,430,430,430,650,0,31,46.70359132002677,16.41616599954432,433.8625239979592,293.7492307692308
1693952468,30,,Aggregated,3.900000,0.000000,31,36,38,41,77,150,250,300,430,430,430,654,0,31,46.67722972327013,16.015613000490703,433.8625239979592,293.74311926605503
1693952469,30,,Aggregated,3.800000,0.000000,31,36,38,40,77,150,250,300,430,430,430,656,0,31,46.61905521801622,16.015613000490703,433.8625239979592,293.7439024390244
1693952470,30,,Aggregated,4.000000,0.000000,31,36,38,40,77,150,250,300,430,430,430,657,0,31,46.58013489957293,16.015613000490703,433.8625239979592,293.74429223744295
1693952471,30,,Aggregated,3.300000,0.000000,31,36,38,41,77,140,250,300,430,430,430,662,0,31,46.61290449852255,16.015613000490703,433.8625239979592,293.7462235649547
1693952472,30,,Aggregated,3.300000,0.000000,31,36,38,41,77,140,250,300,430,430,430,667,0,31,46.4855736012385,16.015613000490703,433.8625239979592,293.7481259370315
1693952473,30,,Aggregated,3.100000,0.000000,31,36,38,40,76,140,250,300,430,430,430,672,0,31,46.389529532770474,16.015613000490703,433.8625239979592,293.75
1693952474,30,,Aggregated,3.200000,0.000000,31,36,38,41,77,140,250,300,430,430,430,675,0,31,46.40408946077245,16.015613000490703,433.8625239979592,293.7481481481482
1693952475,30,,Aggregated,3.600000,0.000000,31,36,38,40,77,140,250,300,430,430,430,678,0,31,46.32434886287411,16.015613000490703,433.8625239979592,293.74778761061947
1693952476,30,,Aggregated,3.800000,0.000000,31,36,38,40,77,140,250,300,430,430,430,680,0,31,46.28020655887025,16.015613000490703,433.8625239979592,293.7485294117647
1693952477,30,,Aggregated,3.900000,0.000000,31,36,38,40,76,140,250,300,430,430,430,682,0,31,46.23853097805655,16.015613000490703,433.8625239979592,293.7492668621701
1693952478,30,,Aggregated,3.600000,0.000000,31,36,38,40,76,140,250,300,430,430,430,686,0,31,46.134855807623104,16.015613000490703,433.8625239979592,293.75072886297374
1693952479,30,,Aggregated,3.300000,0.000000,31,36,38,40,76,140,250,300,430,430,430,691,0,31,46.065420577461865,16.015613000490703,433.8625239979592,293.74963820549925
1693952480,30,,Aggregated,3.000000,0.000000,31,36,38,41,76,140,250,300,430,430,430,693,0,31,46.104369313171546,16.015613000490703,433.8625239979592,293.74891774891773
1693952481,30,,Aggregated,3.200000,0.000000,31,36,38,41,76,140,250,300,430,430,430,694,0,31,46.089584020209486,16.015613000490703,433.8625239979592,293.7492795389049
1693952482,30,,Aggregated,3.500000,0.000000,31,36,38,40,76,140,250,300,430,430,430,697,0,31,45.99371728554394,16.015613000490703,433.8625239979592,293.7503586800574
1693952483,30,,Aggregated,3.500000,0.000000,31,36,38,40,76,140,250,300,430,430,430,700,0,31,45.92668402146436,16.015613000490703,433.8625239979592,293.75142857142856
1693952484,30,,Aggregated,3.200000,0.000000,31,36,38,40,76,140,250,280,430,430,430,703,0,31,45.85220401426532,16.015613000490703,433.8625239979592,293.7524893314367
1693952485,30,,Aggregated,3.000000,0.000000,31,36,38,40,74,140,250,280,430,430,430,711,0,31,45.70118259920704,16.015613000490703,433.8625239979592,293.7538677918425
1693952486,30,,Aggregated,2.800000,0.000000,31,36,38,40,74,140,250,280,430,430,430,715,0,31,45.59603449236235,16.015613000490703,433.8625239979592,293.75384615384615
1693952488,30,,Aggregated,2.700000,0.000000,31,36,38,40,74,140,250,280,430,430,430,718,0,31,45.60784640952254,16.015613000490703,433.8625239979592,293.7548746518106
1693952489,30,,Aggregated,3.200000,0.000000,31,36,38,40,74,130,250,280,430,430,430,722,0,31,45.49550835185365,16.015613000490703,433.8625239979592,293.7506925207756
1693952490,30,,Aggregated,3.500000,0.000000,31,36,38,40,74,130,250,280,430,430,430,726,0,31,45.46275994496271,16.015613000490703,433.8625239979592,293.75206611570246
1693952491,30,,Aggregated,3.600000,0.000000,31,36,38,40,74,130,250,280,430,430,430,727,0,31,45.44924213210806,16.015613000490703,433.8625239979592,293.7524071526823
1693952492,30,,Aggregated,3.600000,0.000000,31,36,38,40,74,130,250,280,430,430,430,730,0,31,45.37423716307648,16.015613000490703,433.8625239979592,293.7520547945206
1693952493,30,,Aggregated,3.500000,0.000000,31,36,38,40,74,130,250,280,430,430,430,732,0,31,45.34631326646004,16.015613000490703,433.8625239979592,293.75136612021856
1693952494,30,,Aggregated,3.400000,0.000000,31,36,38,41,74,130,250,280,430,430,430,734,0,31,45.38601192785538,16.015613000490703,433.8625239979592,293.75204359673023
1693952495,30,,Aggregated,3.600000,0.000000,31,36,38,41,74,130,250,280,430,430,430,738,0,31,45.31615889843634,16.015613000490703,433.8625239979592,293.75067750677505
1693952496,30,,Aggregated,3.500000,0.000000,31,36,38,40,74,120,250,280,430,430,430,742,0,31,45.19647421704449,16.015613000490703,433.8625239979592,293.75202156334234
1693952497,30,,Aggregated,3.500000,0.000000,31,36,38,41,74,120,250,280,430,430,430,746,0,31,45.19899500274091,16.015613000490703,433.8625239979592,293.75067024128685
1693952498,30,,Aggregated,3.500000,0.000000,31,36,38,40,73,120,250,280,430,430,430,752,0,31,45.047870881717245,16.015613000490703,433.8625239979592,293.75
1693952499,30,,Aggregated,3.100000,0.000000,31,36,38,41,73,120,250,280,430,430,430,759,0,31,44.98754466278908,16.015613000490703,433.8625239979592,293.7523056653491
1693952500,30,,Aggregated,3.000000,0.000000,31,36,38,40,72,120,250,280,430,430,430,763,0,31,44.90949715735156,16.015613000490703,433.8625239979592,293.75360419397117
1693952501,30,,Aggregated,3.400000,0.000000,31,36,38,41,72,120,250,280,430,430,430,770,0,31,44.849075520852985,16.015613000490703,433.8625239979592,293.75584415584416
1693952502,30,,Aggregated,3.700000,0.000000,31,36,38,41,72,120,250,280,430,430,430,773,0,31,44.864823082865,16.015613000490703,433.8625239979592,293.7567917205692
1693952503,30,,Aggregated,4.300000,0.000000,31,36,38,41,74,120,250,280,430,430,430,779,0,31,44.867809367208025,16.015613000490703,433.8625239979592,293.7573812580231
1693952504,30,,Aggregated,4.300000,0.000000,31,36,38,41,73,110,250,280,430,430,430,782,0,31,44.81638995914921,16.015613000490703,433.8625239979592,293.7583120204604
1693952505,30,,Aggregated,4.300000,0.000000,31,36,38,41,73,110,250,280,430,430,430,783,0,31,44.80713669355337,16.015613000490703,433.8625239979592,293.7586206896552
1693952506,30,,Aggregated,4.600000,0.000000,31,36,38,41,73,110,250,280,430,430,430,785,0,31,44.77329636694753,16.015613000490703,433.8625239979592,293.7579617834395
1693952507,30,,Aggregated,4.500000,0.000000,31,36,38,41,73,110,250,280,430,430,430,790,0,31,44.72921609627013,16.015613000490703,433.8625239979592,293.7582278481013
1693952508,35,,Aggregated,4.500000,0.000000,31,36,38,42,76,140,260,310,430,430,430,798,0,31,46.32654518929102,16.015613000490703,433.8625239979592,293.75689223057645
1693952509,35,,Aggregated,4.300000,0.000000,31,36,38,42,76,140,260,310,430,430,430,800,0,31,46.29314425632401,16.015613000490703,433.8625239979592,293.7575
1693952510,35,,Aggregated,4.600000,0.000000,31,36,38,42,74,140,250,300,430,430,430,803,0,31,46.22225106483336,16.015613000490703,433.8625239979592,293.75840597758406
1693952511,35,,Aggregated,4.600000,0.000000,31,36,38,41,74,140,250,300,430,430,430,807,0,31,46.16767102361269,16.015613000490703,433.8625239979592,293.75960346964064
1693952512,35,,Aggregated,3.900000,0.000000,31,36,38,41,74,140,250,300,430,430,430,813,0,31,46.14390081311008,16.015613000490703,433.8625239979592,293.75768757687575
1693952513,35,,Aggregated,3.700000,0.000000,31,36,38,41,74,140,250,300,430,430,430,817,0,31,46.064161566776875,16.015613000490703,433.8625239979592,293.7552019583843
1693952514,35,,Aggregated,3.700000,0.000000,31,36,38,41,74,140,250,300,430,430,430,820,0,31,46.02048402080183,16.015613000490703,433.8625239979592,293.7560975609756
1693952515,35,,Aggregated,3.800000,0.000000,31,36,38,41,74,140,250,300,430,430,430,827,0,31,45.874198506721534,16.015613000490703,433.8625239979592,293.75574365175333
1693952516,35,,Aggregated,3.800000,0.000000,31,36,38,41,74,140,250,300,430,430,430,832,0,31,45.921448418334,16.015613000490703,433.8625239979592,293.75721153846155
1693952517,35,,Aggregated,4.300000,0.000000,31,36,38,41,74,140,250,300,430,430,430,839,0,31,45.837095795059376,16.015613000490703,433.8625239979592,293.75923718712755
1693952518,35,,Aggregated,4.600000,0.000000,31,36,38,41,74,130,250,300,430,430,430,842,0,31,45.77580440268202,16.015613000490703,433.8625239979592,293.7600950118765
1693952519,35,,Aggregated,4.900000,0.000000,31,36,38,41,76,140,250,300,430,430,430,850,0,31,45.95573197771634,16.015613000490703,433.8625239979592,293.7611764705882
1693952520,35,,Aggregated,4.900000,0.000000,31,36,38,41,74,140,250,300,430,430,430,851,0,31,45.93293872157462,16.015613000490703,433.8625239979592,293.7614571092832
1693952521,35,,Aggregated,4.900000,0.000000,31,36,38,41,74,140,250,300,430,430,430,853,0,31,45.88957003523411,16.015613000490703,433.8625239979592,293.7620164126612
1693952522,35,,Aggregated,4.900000,0.000000,31,36,38,41,76,140,250,300,430,430,430,857,0,31,45.88727018675994,16.015613000490703,433.8625239979592,293.7607934655776
1693952523,35,,Aggregated,4.500000,0.000000,31,36,38,41,74,130,250,300,430,430,430,862,0,31,45.80827136897442,16.015613000490703,433.8625239979592,293.762180974478
1693952524,35,,Aggregated,4.600000,0.000000,31,36,38,41,75,130,250,300,430,430,430,870,0,31,45.730990109260695,16.015613000490703,433.8625239979592,293.7632183908046
1693952525,35,,Aggregated,4.400000,0.000000,31,36,38,41,74,130,250,300,430,430,430,874,0,31,45.65060917397188,16.015613000490703,433.8625239979592,293.7631578947368
1693952526,35,,Aggregated,4.400000,0.000000,31,36,38,41,74,130,250,300,430,430,430,877,0,31,45.60591013689487,16.015613000490703,433.8625239979592,293.76396807297607
1693952527,35,,Aggregated,4.900000,0.000000,31,36,38,41,74,130,250,300,430,430,430,881,0,31,45.551836296319266,16.015613000490703,433.8625239979592,293.7604994324631
1693952528,35,,Aggregated,4.600000,0.000000,31,36,38,41,74,130,250,300,430,430,430,885,0,31,45.48121382039873,16.015613000490703,433.8625239979592,293.76158192090395
1693952529,35,,Aggregated,4.400000,0.000000,31,36,38,41,74,130,250,300,430,430,430,887,0,31,45.504830708064155,16.015613000490703,433.8625239979592,293.7598647125141
1693952530,35,,Aggregated,4.200000,0.000000,31,36,38,41,74,130,250,300,430,430,430,893,0,31,45.427378621567364,16.015613000490703,433.8625239979592,293.7603583426652
1693952531,35,,Aggregated,4.200000,0.000000,31,36,38,41,74,130,250,300,430,430,430,896,0,31,45.388344130649166,16.015613000490703,433.8625239979592,293.75892857142856
1693952532,35,,Aggregated,3.700000,0.000000,31,36,38,41,74,120,250,280,430,430,430,901,0,31,45.28407165267793,15.518014999543084,433.8625239979592,293.75471698113205
1693952533,35,,Aggregated,4.400000,0.000000,31,36,38,41,74,120,250,280,430,430,430,908,0,31,45.219379686182336,15.518014999543084,433.8625239979592,293.7544052863436
1693952534,35,,Aggregated,4.400000,0.000000,31,36,38,41,74,120,250,280,430,430,430,915,0,31,45.13915316509086,15.518014999543084,433.8625239979592,293.7551912568306
1693952535,35,,Aggregated,4.700000,0.000000,31,36,38,41,74,120,250,280,430,430,430,918,0,31,45.187742061066245,15.518014999543084,433.8625239979592,293.75599128540307
1693952536,35,,Aggregated,4.700000,0.000000,31,36,38,41,74,120,250,280,430,430,430,920,0,31,45.14633985984841,15.518014999543084,433.8625239979592,293.75652173913045
1693952537,35,,Aggregated,4.500000,0.000000,31,36,38,41,74,120,250,280,430,430,430,926,0,31,45.0596734687441,15.518014999543084,433.8625239979592,293.75809935205183
1693952538,35,,Aggregated,4.300000,0.000000,31,36,38,41,74,120,250,280,430,430,430,929,0,31,45.01126848014965,15.518014999543084,433.8625239979592,293.7588805166846
1693952539,35,,Aggregated,4.400000,0.000000,31,36,38,41,75,140,250,280,430,430,430,935,0,31,45.45716112947641,15.518014999543084,433.8625239979592,293.75935828877004
1693952540,35,,Aggregated,4.400000,0.000000,31,36,38,42,75,140,250,280,430,430,430,939,0,31,45.471619071409584,15.518014999543084,433.8625239979592,293.7593184238552
1693952541,35,,Aggregated,4.400000,0.000000,31,36,38,42,75,140,250,280,430,430,430,940,0,31,45.45544264261054,15.518014999543084,433.8625239979592,293.7585106382979
1693952542,35,,Aggregated,4.800000,0.000000,31,36,38,41,74,130,250,280,430,430,430,942,0,31,45.421704287741655,15.518014999543084,433.8625239979592,293.75902335456476
1693952543,35,,Aggregated,4.300000,0.000000,31,36,38,41,74,130,250,280,430,430,430,946,0,31,45.35359788378032,15.518014999543084,433.8625239979592,293.7600422832981
1693952544,35,,Aggregated,4.000000,0.000000,31,36,38,41,74,130,250,280,430,430,430,953,0,31,45.29054169051101,15.518014999543084,433.8625239979592,293.75970619097586
1693952545,35,,Aggregated,3.700000,0.000000,31,36,38,41,74,130,250,280,430,430,430,956,0,31,45.23808920193496,15.518014999543084,433.8625239979592,293.760460251046
1693952546,35,,Aggregated,3.900000,0.000000,31,36,38,41,74,130,250,280,430,430,430,959,0,31,45.19909962883248,15.518014999543084,433.8625239979592,293.7612095933264
1693952547,35,,Aggregated,3.800000,0.000000,31,36,38,41,74,130,250,280,430,430,430,966,0,31,45.134382064232035,15.518014999543084,433.8625239979592,293.76190476190476
1693952548,35,,Aggregated,3.800000,0.000000,31,36,38,41,74,130,250,280,430,430,430,967,0,31,45.11019472083378,15.518014999543084,433.8625239979592,293.7621509824199
1693952549,35,,Aggregated,3.800000,0.000000,31,36,38,41,74,130,250,280,430,430,430,971,0,31,45.08341997223961,15.518014999543084,433.8625239979592,293.7631307929969
1693952550,35,,Aggregated,3.900000,0.000000,31,36,38,41,74,130,250,280,430,430,430,973,0,31,45.04953606376572,15.518014999543084,433.8625239979592,293.76361767728673
1693952551,35,,Aggregated,4.000000,0.000000,31,36,38,41,74,130,250,280,430,430,430,979,0,31,45.14442000719408,15.518014999543084,433.8625239979592,293.76302349336055
1693952552,35,,Aggregated,3.300000,0.000000,31,36,38,41,74,120,250,280,430,430,430,987,0,31,45.03686498991636,15.518014999543084,433.8625239979592,293.7649442755826
1693952553,35,,Aggregated,3.700000,0.000000,31,36,38,41,74,120,250,280,430,430,430,989,0,31,45.00398396870532,15.518014999543084,433.8625239979592,293.7644084934277
1693952554,35,,Aggregated,4.300000,0.000000,31,36,38,41,74,120,250,280,430,430,430,997,0,31,45.01906735110288,15.518014999543084,433.8625239979592,293.7642928786359
1693952555,35,,Aggregated,4.400000,0.000000,31,36,38,41,74,120,240,280,380,430,430,1002,0,31,44.93260688328435,15.518014999543084,433.8625239979592,293.7634730538922
1693952556,35,,Aggregated,4.000000,0.000000,31,36,38,41,74,120,240,280,380,430,430,1005,0,31,44.90036523587227,15.518014999543084,433.8625239979592,293.763184079602
1693952557,35,,Aggregated,4.500000,0.000000,31,36,38,41,74,120,240,280,380,430,430,1009,0,31,44.83801367101213,15.518014999543084,433.8625239979592,293.7621407333994
1693952558,35,,Aggregated,4.500000,0.000000,31,36,38,41,74,120,240,280,380,430,430,1012,0,31,44.816336477323006,15.518014999543084,433.8625239979592,293.7608695652174
1693952559,35,,Aggregated,4.300000,0.000000,31,36,38,41,74,120,240,280,380,430,430,1014,0,31,44.779281101628236,15.518014999543084,433.8625239979592,293.7613412228797
1693952560,35,,Aggregated,4.400000,0.000000,31,36,38,41,74,120,240,280,380,430,430,1016,0,31,44.74243431993423,15.518014999543084,433.8625239979592,293.76082677165357
1693952561,35,,Aggregated,4.200000,0.000000,31,36,38,41,74,120,240,280,380,430,430,1020,0,31,44.689060486330966,15.518014999543084,433.8625239979592,293.7607843137255
1693952562,35,,Aggregated,4.300000,0.000000,31,36,38,41,73,120,240,280,380,430,430,1022,0,31,44.65106811062514,15.518014999543084,433.8625239979592,293.76125244618396
1693952563,35,,Aggregated,4.100000,0.000000,31,36,38,41,74,120,240,280,380,430,430,1027,0,31,44.64503080239539,15.518014999543084,433.8625239979592,293.76046738072057
1693952564,35,,Aggregated,3.700000,0.000000,31,36,38,41,73,120,240,280,380,430,430,1031,0,31,44.597799333718314,15.518014999543084,433.8625239979592,293.7594568380213
1693952565,35,,Aggregated,3.700000,0.000000,31,36,38,41,73,120,240,280,380,430,430,1035,0,31,44.528018259962856,15.518014999543084,433.8625239979592,293.7594202898551
1693952566,35,,Aggregated,3.700000,0.000000,31,36,38,41,74,120,240,280,380,430,430,1039,0,31,44.58295739275047,15.518014999543084,433.8625239979592,293.75938402309913
1693952567,40,,Aggregated,3.200000,0.000000,31,36,38,42,75,140,250,280,380,430,430,1050,0,31,45.81999255434702,15.518014999543084,433.8625239979592,293.76
1693952568,40,,Aggregated,3.500000,0.000000,31,36,38,42,74,140,250,280,380,430,430,1055,0,31,45.757877095787975,15.518014999543084,433.8625239979592,293.76018957345974
1693952569,40,,Aggregated,3.700000,0.000000,31,36,38,42,75,140,250,280,380,430,430,1059,0,31,45.730506665776005,15.518014999543084,433.8625239979592,293.76015108593015
1693952570,40,,Aggregated,4.100000,0.000000,31,36,38,42,74,130,250,280,380,430,430,1062,0,31,45.666594024536565,15.518014999543084,433.8625239979592,293.7598870056497
1693952571,40,,Aggregated,4.400000,0.000000,31,36,38,42,74,130,250,280,380,430,430,1068,0,31,45.610298852119236,15.518014999543084,433.8625239979592,293.7584269662921
1693952572,40,,Aggregated,4.500000,0.000000,31,36,38,41,74,130,250,280,380,430,430,1074,0,31,45.49977271886455,15.518014999543084,433.8625239979592,293.75791433891993
1693952573,40,,Aggregated,4.500000,0.000000,31,36,38,41,74,130,250,280,380,430,430,1077,0,31,45.46210661844516,15.518014999543084,433.8625239979592,293.7585886722377
1693952574,40,,Aggregated,5.000000,0.000000,31,36,38,42,74,130,250,280,380,430,430,1081,0,31,45.49227716194665,15.518014999543084,433.8625239979592,293.7585568917669
1693952575,40,,Aggregated,5.000000,0.000000,31,36,38,42,74,130,250,280,380,430,430,1089,0,31,45.43382940133994,15.518014999543084,433.8625239979592,293.7603305785124
1693952576,40,,Aggregated,5.200000,0.000000,31,36,38,43,74,140,250,280,380,430,430,1094,0,31,45.672355383051745,15.518014999543084,433.8625239979592,293.7605118829982
1693952577,40,,Aggregated,5.200000,0.000000,31,36,38,43,76,140,250,280,380,430,430,1104,0,31,45.91690493122071,15.518014999543084,433.8625239979592,293.75815217391306
1693952578,40,,Aggregated,5.500000,0.000000,31,36,38,43,76,140,250,280,380,430,430,1109,0,31,45.85686289636631,15.518014999543084,433.8625239979592,293.75743913435525
1693952579,40,,Aggregated,5.200000,0.000000,31,36,38,44,76,140,250,280,380,430,430,1114,0,31,45.91588026935888,15.518014999543084,433.8625239979592,293.7585278276481
1693952580,40,,Aggregated,5.200000,0.000000,31,36,38,44,76,140,250,280,380,430,430,1119,0,31,45.88881398754971,15.518014999543084,433.8625239979592,293.7578194816801
1693952581,40,,Aggregated,5.300000,0.000000,31,36,38,44,76,140,250,280,380,430,430,1120,0,31,45.8729538616678,15.518014999543084,433.8625239979592,293.7580357142857
1693952582,40,,Aggregated,5.500000,0.000000,31,36,38,43,76,140,250,280,380,430,430,1126,0,31,45.7680903224402,15.518014999543084,433.8625239979592,293.75843694493784
1693952583,40,,Aggregated,5.700000,0.000000,31,36,38,43,76,140,250,280,380,430,430,1131,0,31,45.755435645501784,15.518014999543084,433.8625239979592,293.7595048629531
1693952584,40,,Aggregated,5.000000,0.000000,31,36,38,43,76,140,250,280,380,430,430,1135,0,31,45.71193873573691,15.518014999543084,433.8625239979592,293.7603524229075
1693952585,40,,Aggregated,5.100000,0.000000,31,36,38,43,75,140,250,280,380,430,430,1142,0,31,45.63318813753156,15.518014999543084,433.8625239979592,293.76094570928194
1693952586,40,,Aggregated,5.300000,0.000000,31,36,38,43,76,140,250,280,380,430,430,1148,0,31,45.61614666381692,15.518014999543084,433.8625239979592,293.76132404181186
1693952587,40,,Aggregated,5.200000,0.000000,31,36,38,43,75,140,250,280,380,430,430,1153,0,31,45.570291898583676,15.518014999543084,433.8625239979592,293.7623590633131
1693952588,40,,Aggregated,5.100000,0.000000,31,36,38,43,75,140,250,280,380,430,430,1160,0,31,45.52286685436762,15.518014999543084,433.8625239979592,293.76206896551724
1693952589,40,,Aggregated,5.400000,0.000000,31,36,38,43,75,130,250,280,380,430,430,1164,0,31,45.489783347134626,15.518014999543084,433.8625239979592,293.7603092783505
1693952590,40,,Aggregated,5.000000,0.000000,31,36,38,44,75,130,250,280,380,430,430,1170,0,31,45.439712941080295,15.518014999543084,433.8625239979592,293.75811965811965
1693952591,40,,Aggregated,5.000000,0.000000,31,36,38,43,74,130,250,280,380,430,430,1171,0,31,45.42619302396819,15.518014999543084,433.8625239979592,293.75832621690864
1693952592,40,,Aggregated,5.000000,0.000000,31,36,38,43,74,130,250,280,380,430,430,1177,0,31,45.307074926138725,15.518014999543084,433.8625239979592,293.7595581988105
1693952593,40,,Aggregated,5.200000,0.000000,31,36,38,43,74,130,250,280,380,430,430,1182,0,31,45.243831769089866,15.518014999543084,433.8625239979592,293.7605752961083
1693952594,40,,Aggregated,5.100000,0.000000,31,36,38,43,74,130,250,280,380,430,430,1185,0,31,45.2209520633454,15.518014999543084,433.8625239979592,293.7603375527426
1693952595,40,,Aggregated,5.100000,0.000000,31,36,38,43,74,130,250,280,380,430,430,1189,0,31,45.206072317969756,15.518014999543084,433.8625239979592,293.76114381833474
1693952596,40,,Aggregated,4.900000,0.000000,31,36,38,44,75,130,250,280,380,430,430,1192,0,31,45.37607368965288,15.518014999543084,433.8625239979592,293.76174496644296
1693952597,40,,Aggregated,5.000000,0.000000,31,36,38,44,75,130,250,280,380,430,430,1197,0,31,45.376628172986784,15.518014999543084,433.8625239979592,293.7627401837928
1693952598,40,,Aggregated,4.600000,0.000000,31,36,38,43,75,130,240,280,380,430,430,1204,0,31,45.26865234722958,15.518014999543084,433.8625239979592,293.76328903654485
1693952599,40,,Aggregated,4.300000,0.000000,31,36,38,43,75,130,240,280,380,430,430,1213,0,31,45.233478732947304,15.518014999543084,433.8625239979592,293.76422093981864
1693952600,40,,Aggregated,4.300000,0.000000,31,36,38,44,76,130,240,280,380,430,430,1221,0,31,45.42206397548157,15.518014999543084,433.8625239979592,293.7649467649468
1693952602,40,,Aggregated,4.300000,0.000000,31,36,38,44,76,130,240,280,380,430,430,1227,0,31,45.395168929142756,15.518014999543084,433.8625239979592,293.7636511817441
1693952603,40,,Aggregated,4.800000,0.000000,31,36,38,44,76,130,240,280,380,430,430,1233,0,31,45.36350233094844,15.518014999543084,433.8625239979592,293.7639902676399
1693952604,40,,Aggregated,5.000000,0.000000,31,36,38,44,76,130,240,280,380,430,430,1236,0,31,45.32618569260562,15.518014999543084,433.8625239979592,293.76375404530745
1693952605,40,,Aggregated,5.500000,0.000000,31,36,38,44,76,130,240,280,380,430,430,1239,0,31,45.285617514171705,15.518014999543084,433.8625239979592,293.7643260694108
1693952606,40,,Aggregated,5.600000,0.000000,31,36,38,43,76,130,240,280,380,430,430,1243,0,31,45.23722955354128,15.518014999543084,433.8625239979592,293.7642799678198
1693952607,40,,Aggregated,5.400000,0.000000,31,36,38,43,76,130,240,280,380,430,430,1246,0,31,45.19155571994303,15.518014999543084,433.8625239979592,293.76404494382024
1693952608,40,,Aggregated,5.400000,0.000000,31,36,38,43,75,130,240,280,380,430,430,1252,0,31,45.11688491377321,15.518014999543084,433.8625239979592,293.76277955271564
1693952609,40,,Aggregated,5.400000,0.000000,31,36,38,43,75,130,240,280,380,430,430,1260,0,31,45.00891393733568,15.518014999543084,433.8625239979592,293.76428571428573
1693952610,40,,Aggregated,5.400000,0.000000,31,36,38,43,75,130,240,280,380,430,430,1266,0,31,44.939196049798525,15.518014999543084,433.8625239979592,293.7630331753555
1693952611,40,,Aggregated,5.300000,0.000000,31,36,38,43,75,130,240,280,380,430,430,1269,0,31,44.973568096964605,15.518014999543084,433.8625239979592,293.76280535855005
1693952612,40,,Aggregated,5.500000,0.000000,31,36,38,43,75,130,240,280,380,430,430,1273,0,31,44.93693162533419,15.518014999543084,433.8625239979592,293.76355066771407
1693952613,40,,Aggregated,5.300000,0.000000,31,36,38,43,75,130,240,280,380,430,430,1280,0,31,44.86049739534792,15.518014999543084,433.8625239979592,293.7640625
1693952614,40,,Aggregated,4.800000,0.000000,31,36,38,43,75,120,240,280,380,430,430,1285,0,31,44.82655781949168,15.518014999543084,433.8625239979592,293.76420233463034
1693952615,40,,Aggregated,4.600000,0.000000,31,36,38,43,75,120,240,280,380,430,430,1287,0,31,44.86337111347646,15.518014999543084,433.8625239979592,293.76456876456876
1693952616,40,,Aggregated,4.900000,0.000000,31,36,38,42,75,120,240,280,380,430,430,1291,0,31,44.82238042915652,15.518014999543084,433.8625239979592,293.76452362509684
1693952617,40,,Aggregated,4.900000,0.000000,31,36,38,43,76,120,240,280,380,430,430,1297,0,31,44.87579560296124,15.518014999543084,433.8625239979592,293.7656129529684
1693952618,40,,Aggregated,4.800000,0.000000,31,36,38,43,75,120,230,270,380,430,430,1301,0,31,44.827977863978866,15.518014999543084,433.8625239979592,293.7663335895465
1693952619,40,,Aggregated,4.700000,0.000000,31,36,38,43,75,120,230,270,380,430,430,1304,0,31,44.80309565723825,15.518014999543084,433.8625239979592,293.7661042944785
1693952620,40,,Aggregated,5.100000,0.000000,31,36,38,42,75,120,230,270,380,430,430,1308,0,31,44.75165626149577,15.518014999543084,433.8625239979592,293.76605504587155
1693952621,40,,Aggregated,4.500000,0.000000,31,36,38,43,75,120,230,270,380,430,430,1317,0,31,44.708556958268304,15.518014999543084,433.8625239979592,293.7661351556568
1693952622,40,,Aggregated,4.500000,0.000000,31,36,38,43,74,120,230,270,380,430,430,1321,0,31,44.713978554150195,15.518014999543084,433.8625239979592,293.76457229371687
1693952623,40,,Aggregated,4.700000,0.000000,31,36,38,43,74,120,230,270,380,430,430,1326,0,31,44.653874906509635,15.518014999543084,433.8625239979592,293.7654600301659
1693952624,40,,Aggregated,4.700000,0.000000,31,36,38,43,74,120,230,270,380,430,430,1328,0,31,44.63432561447939,15.518014999543084,433.8625239979592,293.765813253012
1693952625,40,,Aggregated,4.500000,0.000000,31,36,38,42,74,120,230,270,380,430,430,1333,0,31,44.5782206046707,15.518014999543084,433.8625239979592,293.76594148537134
1693952626,40,,Aggregated,4.300000,0.000000,31,36,38,43,75,120,230,270,380,430,430,1341,0,31,44.6976636838434,15.518014999543084,433.8625239979592,293.76510067114094
1693952627,40,,Aggregated,4.300000,0.000000,31,36,38,43,75,120,230,270,380,430,430,1343,0,31,44.68500373718073,15.518014999543084,433.8625239979592,293.76545048399106
1693952628,45,,Aggregated,5.000000,0.000000,31,36,39,44,76,130,240,280,380,430,430,1356,0,31,45.395157949881124,15.518014999543084,433.8625239979592,293.7654867256637
1693952629,45,,Aggregated,5.000000,0.000000,31,36,39,44,76,130,240,280,380,430,430,1363,0,31,45.51246937860087,15.518014999543084,433.8625239979592,293.7644900953778
1693952630,45,,Aggregated,5.200000,0.000000,31,36,39,44,76,130,240,280,380,430,430,1366,0,31,45.48407249563022,15.518014999543084,433.8625239979592,293.76354319180086
1693952631,45,,Aggregated,5.900000,0.000000,31,36,39,44,76,130,240,280,380,430,430,1371,0,31,45.433901425264,15.518014999543084,433.8625239979592,293.764405543399
1693952632,45,,Aggregated,5.700000,0.000000,31,36,39,44,76,130,240,280,380,430,430,1378,0,31,45.34482768725607,15.518014999543084,433.8625239979592,293.7641509433962
1693952633,45,,Aggregated,5.400000,0.000000,31,36,39,44,76,130,240,280,380,430,430,1382,0,31,45.35860259264749,15.518014999543084,433.8625239979592,293.7648335745297
1693952634,45,,Aggregated,5.400000,0.000000,31,36,39,44,76,130,240,280,380,430,430,1384,0,31,45.3981705860115,15.518014999543084,433.8625239979592,293.7651734104046
1693952635,45,,Aggregated,5.500000,0.000000,31,36,39,44,76,130,240,280,380,430,430,1388,0,31,45.364018138358524,15.518014999543084,433.8625239979592,293.7658501440922
1693952636,45,,Aggregated,5.600000,0.000000,31,36,38,44,76,130,240,280,380,430,430,1398,0,31,45.285858170982216,15.518014999543084,433.8625239979592,293.7639484978541
1693952637,45,,Aggregated,5.500000,0.000000,31,36,39,44,76,130,230,270,380,430,430,1404,0,31,45.292516324811615,15.518014999543084,433.8625239979592,293.76353276353274
1693952638,45,,Aggregated,5.400000,0.000000,31,36,38,44,76,130,230,270,380,430,430,1408,0,31,45.2245465959038,15.518014999543084,433.8625239979592,293.76278409090907
1693952639,45,,Aggregated,6.000000,0.000000,31,36,38,43,76,130,230,270,380,430,430,1415,0,31,45.1384818968433,15.518014999543084,433.8625239979592,293.76395759717315
1693952640,45,,Aggregated,5.300000,0.000000,31,36,38,43,76,130,230,270,380,430,430,1420,0,31,45.0783730366439,15.518014999543084,433.8625239979592,293.76408450704224
1693952641,45,,Aggregated,4.800000,0.000000,31,36,38,43,76,130,230,270,380,430,430,1427,0,31,45.00261266435667,15.518014999543084,433.8625239979592,293.7638402242467
1693952642,45,,Aggregated,5.300000,0.000000,31,36,38,43,76,130,230,270,380,430,430,1436,0,31,44.917616348220314,15.518014999543084,433.8625239979592,293.76392757660165
1693952643,45,,Aggregated,5.200000,0.000000,31,36,38,43,76,120,230,270,380,430,430,1442,0,31,44.83675117686307,15.518014999543084,433.8625239979592,293.7635228848821
1693952644,45,,Aggregated,5.500000,0.000000,31,36,38,43,76,120,230,270,380,430,430,1444,0,31,44.81673969600714,15.518014999543084,433.8625239979592,293.7631578947368
1693952645,45,,Aggregated,6.000000,0.000000,31,36,38,43,76,120,230,270,380,430,430,1452,0,31,44.772962313384326,15.518014999543084,433.8625239979592,293.76308539944904
1693952646,45,,Aggregated,5.900000,0.000000,31,36,38,43,76,120,230,270,380,430,430,1461,0,31,44.780740231372334,15.518014999543084,433.8625239979592,293.7631759069131
1693952647,45,,Aggregated,6.200000,0.000000,31,36,38,43,76,120,230,270,380,430,430,1466,0,31,44.79341413235832,15.518014999543084,433.8625239979592,293.76398362892223
1693952648,45,,Aggregated,6.400000,0.000000,31,36,38,43,76,120,230,270,380,430,430,1472,0,31,44.84863930912792,15.518014999543084,433.8625239979592,293.7642663043478
1693952649,45,,Aggregated,6.400000,0.000000,31,36,38,44,76,120,230,270,380,430,430,1478,0,31,44.92597481057527,15.518014999543084,433.8625239979592,293.76319350473614
1693952650,45,,Aggregated,6.300000,0.000000,31,36,38,43,76,120,230,270,380,430,430,1485,0,31,44.85970577240768,15.518014999543084,433.8625239979592,293.76228956228954
1693952651,45,,Aggregated,6.700000,0.000000,31,36,38,43,76,120,230,270,380,430,430,1489,0,31,44.839018458039355,15.518014999543084,433.8625239979592,293.76158495634655
1693952652,45,,Aggregated,6.400000,0.000000,31,36,38,43,76,120,230,270,380,430,430,1494,0,31,44.79472986614654,15.518014999543084,433.8625239979592,293.7623828647925
1693952653,45,,Aggregated,6.500000,0.000000,31,36,38,44,76,130,230,270,380,430,430,1501,0,31,44.99098797337147,15.518014999543084,433.8625239979592,293.76215856095934
1693952654,45,,Aggregated,6.000000,0.000000,31,36,38,44,76,130,230,270,380,430,430,1504,0,31,44.95819599602821,15.518014999543084,433.8625239979592,293.7626329787234
1693952655,45,,Aggregated,5.900000,0.000000,31,36,38,43,76,130,230,270,380,430,430,1508,0,31,44.903904005983996,15.518014999543084,433.8625239979592,293.7632625994695
1693952656,45,,Aggregated,5.900000,0.000000,31,36,38,43,76,130,230,270,380,430,430,1512,0,31,44.89527676522326,15.518014999543084,433.8625239979592,293.7632275132275
1693952657,45,,Aggregated,5.600000,0.000000,31,36,38,44,76,130,230,270,380,430,430,1520,0,31,44.87084924672002,15.518014999543084,433.8625239979592,293.7631578947368
1693952658,45,,Aggregated,5.300000,0.000000,31,36,38,43,76,120,230,270,380,430,430,1525,0,31,44.79734128000659,15.518014999543084,433.8625239979592,293.76327868852457
1693952659,45,,Aggregated,5.200000,0.000000,31,36,38,43,76,120,230,270,380,430,430,1531,0,31,44.73532385565572,15.518014999543084,433.8625239979592,293.7635532331809
1693952660,45,,Aggregated,5.400000,0.000000,31,36,38,43,76,120,230,270,380,430,430,1537,0,31,44.67599004945213,15.518014999543084,433.8625239979592,293.76317501626545
1693952661,45,,Aggregated,4.900000,0.000000,31,36,38,43,76,120,230,270,380,430,430,1544,0,31,44.61097863148314,15.518014999543084,433.8625239979592,293.76295336787564
1693952662,45,,Aggregated,5.100000,0.000000,31,36,38,43,76,120,230,270,380,430,430,1549,0,31,44.6026181265419,15.518014999543084,433.8625239979592,293.7637185280826
1693952663,45,,Aggregated,5.200000,0.000000,31,36,38,43,76,120,230,270,380,430,430,1554,0,31,44.592415511594005,15.518014999543084,433.8625239979592,293.7644787644788
1693952664,45,,Aggregated,5.600000,0.000000,31,36,38,43,76,120,230,270,380,430,430,1557,0,31,44.568637186908305,15.518014999543084,433.8625239979592,293.76429030186256
1693952665,45,,Aggregated,5.100000,0.000000,31,36,38,43,76,120,230,270,380,430,430,1564,0,31,44.54214315218453,15.518014999543084,433.8625239979592,293.7640664961637
1693952666,45,,Aggregated,5.300000,0.000000,31,36,38,43,76,120,230,270,380,430,430,1571,0,31,44.48544633865164,15.518014999543084,433.8625239979592,293.7644812221515
1693952667,45,,Aggregated,5.400000,0.000000,31,36,38,44,77,120,230,270,380,430,430,1578,0,31,44.69774547593233,15.518014999543084,433.8625239979592,293.765525982256
1693952668,45,,Aggregated,5.600000,0.000000,31,36,38,44,76,120,230,270,380,430,430,1581,0,31,44.67344235168797,15.518014999543084,433.8625239979592,293.76533839342187
1693952669,45,,Aggregated,6.100000,0.000000,31,36,38,44,76,120,230,270,380,430,430,1593,0,31,44.65632007722329,15.518014999543084,433.8625239979592,293.7664783427495
1693952670,45,,Aggregated,5.600000,0.000000,31,36,38,43,76,120,230,270,380,430,430,1601,0,31,44.57797622736239,15.518014999543084,433.8625239979592,293.76577139287946
1693952671,45,,Aggregated,5.800000,0.000000,31,36,38,43,76,120,230,270,380,430,430,1604,0,31,44.5528071720747,15.518014999543084,433.8625239979592,293.7643391521197
1693952672,45,,Aggregated,6.000000,0.000000,31,36,38,43,76,120,230,270,380,430,430,1609,0,31,44.494115227472605,15.518014999543084,433.8625239979592,293.76507147296456
1693952673,45,,Aggregated,6.200000,0.000000,31,36,38,43,76,120,230,270,380,430,430,1615,0,31,44.43550642910523,15.518014999543084,433.8625239979592,293.76594427244584
1693952674,45,,Aggregated,5.800000,0.000000,31,36,38,43,76,120,230,270,380,430,430,1618,0,31,44.4158021520428,15.518014999543084,433.8625239979592,293.765760197775
1693952675,45,,Aggregated,6.000000,0.000000,31,36,38,43,76,120,230,270,380,430,430,1623,0,31,44.40959527911732,15.518014999543084,433.8625239979592,293.76524953789277
1693952676,45,,Aggregated,6.000000,0.000000,31,36,38,43,76,120,230,270,380,430,430,1625,0,31,44.381303366159464,15.518014999543084,433.8625239979592,293.7655384615385
1693952677,45,,Aggregated,6.100000,0.000000,31,36,38,43,76,120,230,270,380,430,430,1634,0,31,44.33149932619893,15.518014999543084,433.8625239979592,293.76560587515297
1693952678,45,,Aggregated,5.700000,0.000000,31,36,38,43,76,120,230,270,380,430,430,1639,0,31,44.34583998353323,15.518014999543084,433.8625239979592,293.764490543014
1693952679,45,,Aggregated,5.200000,0.000000,31,36,38,43,76,120,230,270,380,430,430,1646,0,31,44.30021815249276,15.518014999543084,433.8625239979592,293.7654921020656
1693952680,45,,Aggregated,5.700000,0.000000,31,36,38,43,76,120,230,270,380,430,430,1649,0,31,44.26743107701741,15.518014999543084,433.8625239979592,293.76591873862947
1693952681,45,,Aggregated,5.600000,0.000000,31,36,38,43,76,120,230,270,380,430,430,1656,0,31,44.24644765881545,15.518014999543084,433.8625239979592,293.76630434782606
1693952682,45,,Aggregated,5.300000,0.000000,31,36,38,43,76,120,230,270,380,430,430,1666,0,31,44.20353283432637,15.518014999543084,433.8625239979592,293.7671068427371
1693952683,45,,Aggregated,4.800000,0.000000,31,36,38,43,76,120,230,270,380,430,430,1675,0,31,44.190356263876964,15.518014999543084,433.8625239979592,293.76776119402984
1693952684,45,,Aggregated,5.400000,0.000000,31,36,38,44,76,120,230,270,380,430,430,1680,0,31,44.19445432321091,15.518014999543084,433.8625239979592,293.76785714285717
1693952685,45,,Aggregated,5.900000,0.000000,31,36,38,43,76,120,230,270,380,430,430,1686,0,31,44.14297144305943,15.518014999543084,433.8625239979592,293.7669039145907
1693952686,45,,Aggregated,5.900000,0.000000,31,36,38,43,76,120,230,270,380,430,430,1686,0,31,44.14297144305943,15.518014999543084,433.8625239979592,293.7669039145907
1693952687,50,,Aggregated,6.000000,0.000000,31,36,38,44,76,120,230,270,380,430,430,1699,0,31,44.77753858740259,15.518014999543084,433.8625239979592,293.7651559741024
1693952688,50,,Aggregated,6.200000,0.000000,31,36,38,44,76,120,230,270,380,430,430,1702,0,31,44.753884505873906,15.518014999543084,433.8625239979592,293.76556991774385
1693952689,50,,Aggregated,5.900000,0.000000,31,36,38,44,76,120,230,270,380,430,430,1707,0,31,44.722416750433894,15.518014999543084,433.8625239979592,293.76625659050967
1693952690,50,,Aggregated,6.400000,0.000000,31,36,38,44,76,120,230,270,380,430,430,1711,0,31,44.68141321858091,15.518014999543084,433.8625239979592,293.7662185856224
1693952691,50,,Aggregated,6.100000,0.000000,31,36,38,44,76,120,230,270,380,430,430,1715,0,31,44.650037820987556,15.518014999543084,433.8625239979592,293.7667638483965
1693952692,50,,Aggregated,6.100000,0.000000,31,36,38,43,76,120,230,270,380,430,430,1721,0,31,44.587108135961095,15.518014999543084,433.8625239979592,293.76699593259735
1693952693,50,,Aggregated,6.400000,0.000000,31,36,38,44,76,120,230,270,380,430,430,1728,0,31,44.612422964117165,15.518014999543084,433.8625239979592,293.7667824074074
1693952694,50,,Aggregated,5.600000,0.000000,31,36,38,44,76,120,230,270,380,430,430,1737,0,31,44.56577494473333,15.518014999543084,433.8625239979592,293.76741508347726
1693952695,50,,Aggregated,5.400000,0.000000,31,36,38,43,76,120,230,270,380,430,430,1744,0,31,44.51126457970239,15.518014999543084,433.8625239979592,293.7677752293578
1693952696,50,,Aggregated,5.400000,0.000000,31,36,38,44,76,130,230,270,380,430,430,1754,0,31,44.78421580672911,15.518014999543084,433.8625239979592,293.7679589509692
1693952697,50,,Aggregated,5.700000,0.000000,31,36,38,44,77,130,230,270,380,430,430,1757,0,31,44.93520981161368,15.518014999543084,433.8625239979592,293.7677859988617
1693952698,50,,Aggregated,5.900000,0.000000,31,36,38,44,77,130,230,270,380,430,430,1760,0,31,44.90049559091073,15.518014999543084,433.8625239979592,293.76704545454544
1693952699,50,,Aggregated,7.000000,0.000000,31,36,38,44,77,130,230,270,380,430,430,1766,0,31,44.86397016194776,15.518014999543084,433.8625239979592,293.76670441676106
1693952700,50,,Aggregated,5.700000,0.000000,31,36,38,44,77,130,230,270,380,430,430,1768,0,31,44.84092966798498,15.518014999543084,433.8625239979592,293.7669683257919
1693952701,50,,Aggregated,5.800000,0.000000,31,36,38,44,76,130,230,270,380,430,430,1777,0,31,44.79564019020493,15.518014999543084,433.8625239979592,293.76702307259427
1693952703,50,,Aggregated,5.900000,0.000000,31,36,38,44,76,130,230,270,380,430,430,1783,0,31,44.75179799382486,15.518014999543084,433.8625239979592,293.76780706674145
1693952704,50,,Aggregated,5.500000,0.000000,31,36,39,44,77,130,230,270,380,430,430,1793,0,31,45.11651627495231,15.518014999543084,433.8625239979592,293.76687116564415
1693952705,50,,Aggregated,6.200000,0.000000,31,36,39,44,77,130,230,270,380,430,430,1801,0,31,45.08206840643295,15.518014999543084,433.8625239979592,293.7662409772349
1693952706,50,,Aggregated,6.400000,0.000000,31,36,39,45,77,130,230,270,380,430,430,1810,0,31,45.05255470662256,15.518014999543084,433.8625239979592,293.7668508287293
1693952707,50,,Aggregated,6.400000,0.000000,31,36,39,44,77,130,230,270,380,430,430,1816,0,31,45.00268064591667,15.518014999543084,433.8625239979592,293.76651982378854
1693952708,50,,Aggregated,6.400000,0.000000,31,36,39,44,77,130,230,270,380,430,430,1822,0,31,44.960642227213334,15.518014999543084,433.8625239979592,293.7667398463227
1693952709,50,,Aggregated,6.400000,0.000000,31,36,39,44,77,130,230,270,380,430,430,1825,0,31,44.92227110300494,15.518014999543084,433.8625239979592,293.7665753424657
1693952710,50,,Aggregated,6.000000,0.000000,31,36,39,44,77,130,230,270,380,430,430,1831,0,31,44.9881880043599,15.518014999543084,433.8625239979592,293.76679410158386
1693952711,50,,Aggregated,6.500000,0.000000,31,36,39,44,77,130,230,270,380,430,430,1837,0,31,44.93248421882328,15.518014999543084,433.8625239979592,293.76592270005443
1693952712,50,,Aggregated,6.500000,0.000000,31,36,39,44,77,130,230,270,380,430,430,1842,0,31,44.94222683006643,15.518014999543084,433.8625239979592,293.7660152008686
1693952713,50,,Aggregated,6.700000,0.000000,31,36,39,44,77,130,230,270,380,430,430,1846,0,31,44.90451189977507,15.518014999543084,433.8625239979592,293.76598049837486
1693952714,50,,Aggregated,6.700000,0.000000,31,36,39,45,77,130,230,270,380,430,430,1853,0,31,44.91498746680328,15.518014999543084,433.8625239979592,293.7657852131678
1693952715,50,,Aggregated,6.400000,0.000000,31,36,39,46,77,130,230,270,380,430,430,1861,0,31,44.941672297680626,15.518014999543084,433.8625239979592,293.7662547017732
1693952716,50,,Aggregated,6.000000,0.000000,31,36,39,46,77,130,230,270,380,430,430,1871,0,31,44.9128510721443,15.518014999543084,433.8625239979592,293.7659005879209
1693952717,50,,Aggregated,6.000000,0.000000,31,36,39,46,76,120,230,270,380,430,430,1881,0,31,44.874345428486535,15.518014999543084,433.8625239979592,293.76661350345563
1693952718,50,,Aggregated,5.900000,0.000000,31,36,39,46,77,120,230,270,380,430,430,1887,0,31,44.86163457550879,15.518014999543084,433.8625239979592,293.7662957074722
1693952719,50,,Aggregated,6.300000,0.000000,31,36,39,46,76,120,230,270,380,430,430,1894,0,31,44.827393968843225,15.518014999543084,433.8625239979592,293.76504751847943
1693952720,50,,Aggregated,6.500000,0.000000,31,36,39,46,76,120,230,270,380,430,430,1898,0,31,44.801690910953404,15.518014999543084,433.8625239979592,293.7655426765016
1693952721,50,,Aggregated,6.500000,0.000000,31,36,39,46,76,120,230,270,380,430,430,1900,0,31,44.78217427420628,15.518014999543084,433.8625239979592,293.7657894736842
1693952722,50,,Aggregated,6.700000,0.000000,31,36,39,46,76,120,230,270,380,430,430,1907,0,31,44.76685065809693,15.518014999543084,433.8625239979592,293.76612480335604
1693952723,50,,Aggregated,6.500000,0.000000,31,36,39,46,76,120,230,270,380,430,430,1915,0,31,44.715060103912556,15.518014999543084,433.8625239979592,293.76657963446473
1693952724,50,,Aggregated,6.600000,0.000000,31,36,39,46,76,120,230,270,380,430,430,1920,0,31,44.66829193697777,15.518014999543084,433.8625239979592,293.7671875
1693952725,50,,Aggregated,6.900000,0.000000,31,36,39,46,76,120,230,270,380,430,430,1926,0,31,44.6563562845267,15.518014999543084,433.8625239979592,293.7673935617861
1693952726,50,,Aggregated,6.500000,0.000000,31,36,39,46,77,120,230,270,380,430,430,1937,0,31,44.852723717090626,15.518014999543084,433.8625239979592,293.7676819824471
1693952727,50,,Aggregated,6.400000,0.000000,31,36,39,46,77,120,230,270,380,430,430,1945,0,31,44.78120455372808,15.518014999543084,433.8625239979592,293.7681233933162
1693952728,50,,Aggregated,6.400000,0.000000,31,36,39,46,77,120,230,270,380,430,430,1950,0,31,44.74601860769326,15.518014999543084,433.8625239979592,293.7671794871795
1693952729,50,,Aggregated,6.600000,0.000000,31,36,39,46,77,120,230,270,380,430,430,1952,0,31,44.7459334036895,15.518014999543084,433.8625239979592,293.7674180327869
1693952730,50,,Aggregated,6.400000,0.000000,31,36,39,46,77,120,230,270,380,430,430,1956,0,31,44.71180753579089,15.518014999543084,433.8625239979592,293.76738241308794
1693952731,50,,Aggregated,6.000000,0.000000,31,36,39,46,77,120,230,270,380,430,430,1963,0,31,44.752977246567404,15.518014999543084,433.8625239979592,293.7682119205298
1693952732,50,,Aggregated,5.800000,0.000000,31,36,39,46,77,120,230,270,380,430,430,1969,0,31,44.690115806507144,15.518014999543084,433.8625239979592,293.7679024885729
1693952733,50,,Aggregated,5.900000,0.000000,31,36,39,46,77,120,230,270,380,430,430,1975,0,31,44.68510477620735,15.518014999543084,433.8625239979592,293.7670886075949
1693952734,50,,Aggregated,5.900000,0.000000,31,36,39,46,77,120,230,270,380,430,430,1985,0,31,44.71887932292796,15.518014999543084,433.8625239979592,293.76725440806047
1693952735,50,,Aggregated,5.900000,0.000000,31,36,39,46,77,120,230,270,380,430,430,1991,0,31,44.67731723254802,15.518014999543084,433.8625239979592,293.76795580110496
1693952736,50,,Aggregated,6.000000,0.000000,31,36,39,46,77,120,230,270,380,430,430,1996,0,31,44.68650617034287,15.518014999543084,433.8625239979592,293.7685370741483
1693952737,50,,Aggregated,6.400000,0.000000,31,36,39,46,77,120,210,270,380,430,430,2006,0,31,44.66509582652272,15.518014999543084,433.8625239979592,293.7686939182453
1693952738,50,,Aggregated,6.400000,0.000000,31,36,39,46,77,120,210,270,380,430,430,2007,0,31,44.657093366717305,15.518014999543084,433.8625239979592,293.7688091679123
1693952739,50,,Aggregated,6.000000,0.000000,31,36,39,46,77,120,210,270,380,430,430,2011,0,31,44.660571232222345,15.518014999543084,433.8625239979592,293.76926902038787
1693952740,50,,Aggregated,5.700000,0.000000,31,36,39,46,77,120,210,270,380,430,430,2020,0,31,44.61353351039674,15.518014999543084,433.8625239979592,293.76930693069306
1693952741,50,,Aggregated,5.700000,0.000000,31,36,39,46,77,120,210,270,380,430,430,2027,0,31,44.56735574001543,15.518014999543084,433.8625239979592,293.7696102614702
1693952742,50,,Aggregated,6.000000,0.000000,31,36,39,46,77,120,210,270,380,430,430,2032,0,31,44.52651359941579,15.518014999543084,433.8625239979592,293.7701771653543
1693952743,50,,Aggregated,6.600000,0.000000,31,36,39,46,77,120,210,270,380,430,430,2035,0,31,44.55165358133204,15.518014999543084,433.8625239979592,293.770515970516
1693952744,50,,Aggregated,6.500000,0.000000,31,36,39,46,77,120,210,270,380,430,430,2039,0,31,44.52263719814175,15.518014999543084,433.8625239979592,293.7704757233938
1693952745,50,,Aggregated,5.900000,0.000000,31,36,39,46,77,120,210,270,380,430,430,2047,0,31,44.47133039863792,15.518014999543084,433.8625239979592,293.771372740596
1693952746,50,,Aggregated,5.800000,0.000000,31,36,39,46,77,120,210,270,380,430,430,2051,0,31,44.451035668946446,15.518014999543084,433.8625239979592,293.771818625061
1693952747,55,,Aggregated,5.300000,0.000000,31,36,39,47,79,130,230,270,390,430,430,2065,0,31,45.47150870750763,15.518014999543084,433.8625239979592,293.77094430992736
1693952748,55,,Aggregated,5.300000,0.000000,31,36,39,47,79,130,230,270,390,430,430,2070,0,31,45.50594258164185,15.518014999543084,433.8625239979592,293.77149758454107
1693952749,55,,Aggregated,5.600000,0.000000,31,36,39,47,79,130,230,270,390,430,430,2080,0,31,45.45943121730978,15.518014999543084,433.8625239979592,293.7721153846154
1693952750,55,,Aggregated,6.000000,0.000000,31,36,39,47,79,130,230,270,390,430,430,2085,0,31,45.437747075783435,15.518014999543084,433.8625239979592,293.7726618705036
1693952751,55,,Aggregated,6.400000,0.000000,31,36,39,47,79,130,230,270,390,430,430,2093,0,31,45.456384465846234,15.518014999543084,433.8625239979592,293.7730530339226
1693952752,55,,Aggregated,6.800000,0.000000,31,36,39,47,79,130,230,270,390,430,430,2104,0,31,45.40277064544402,15.518014999543084,433.8625239979592,293.77376425855516
1693952753,55,,Aggregated,6.300000,0.000000,31,36,39,47,79,130,230,270,390,430,430,2112,0,31,45.47008828078078,15.518014999543084,433.8625239979592,293.7746212121212
1693952754,55,,Aggregated,6.700000,0.000000,31,36,39,47,79,130,230,270,390,430,430,2117,0,31,45.45623503543003,15.518014999543084,433.8625239979592,293.77515351913087
1693952755,55,,Aggregated,6.700000,0.000000,31,36,39,47,79,130,230,270,390,430,430,2122,0,31,45.42776346607288,15.518014999543084,433.8625239979592,293.77521206409045
1693952756,55,,Aggregated,8.000000,0.000000,31,36,39,47,79,130,230,270,390,430,430,2128,0,31,45.39282215601727,15.518014999543084,433.8625239979592,293.7758458646617
1693952757,55,,Aggregated,8.000000,0.000000,31,36,39,47,79,130,230,270,390,430,430,2136,0,31,45.32059622799986,15.518014999543084,433.8625239979592,293.7752808988764
1693952758,55,,Aggregated,7.600000,0.000000,31,36,39,46,79,120,230,270,390,430,430,2142,0,31,45.263243815596354,15.518014999543084,433.8625239979592,293.7754435107376
1693952759,55,,Aggregated,6.900000,0.000000,31,36,39,46,79,120,230,270,390,430,430,2150,0,31,45.19865716605171,15.518014999543084,433.8625239979592,293.77627906976744
1693952760,55,,Aggregated,7.100000,0.000000,31,36,39,46,78,120,230,270,390,430,430,2157,0,31,45.16009454845013,15.518014999543084,433.8625239979592,293.7770050996755
1693952761,55,,Aggregated,7.100000,0.000000,31,36,39,46,78,120,230,270,390,430,430,2162,0,31,45.11486220351741,15.518014999543084,433.8625239979592,293.77752081406106
1693952762,55,,Aggregated,7.100000,0.000000,31,36,39,46,78,120,230,270,390,430,430,2172,0,31,45.062993059855046,15.518014999543084,433.8625239979592,293.77762430939225
1693952763,55,,Aggregated,7.200000,0.000000,31,36,39,46,79,120,230,270,390,430,430,2178,0,31,45.16026830945857,15.518014999543084,433.8625239979592,293.77685950413223
1693952764,55,,Aggregated,6.800000,0.000000,31,36,39,46,79,120,230,270,390,430,430,2188,0,31,45.11181850914625,15.518014999543084,433.8625239979592,293.7774223034735
1693952765,55,,Aggregated,6.400000,0.000000,31,36,39,46,79,120,230,270,390,430,430,2194,0,31,45.16519715406011,15.518014999543084,433.8625239979592,293.7771194165907
1693952766,55,,Aggregated,6.600000,0.000000,31,36,39,46,79,120,230,270,390,430,430,2203,0,31,45.13872273400301,15.518014999543084,433.8625239979592,293.77712210621877
1693952767,55,,Aggregated,6.700000,0.000000,31,36,39,46,79,120,230,270,390,430,430,2209,0,31,45.10003625803971,15.518014999543084,433.8625239979592,293.7763693979176
1693952768,55,,Aggregated,7.300000,0.000000,31,36,39,47,79,130,230,270,390,430,430,2218,0,31,45.262103135712906,15.518014999543084,433.8625239979592,293.77727682596935
1693952769,55,,Aggregated,7.500000,0.000000,31,36,39,47,79,130,230,270,390,430,430,2222,0,31,45.250490324486634,15.518014999543084,433.8625239979592,293.7772277227723
1693952770,55,,Aggregated,7.700000,0.000000,31,36,39,47,80,130,230,270,390,430,430,2230,0,31,45.33631219148667,15.518014999543084,433.8625239979592,293.77713004484303
1693952771,55,,Aggregated,7.500000,0.000000,31,36,39,47,80,130,230,270,390,430,430,2242,0,31,45.289837165040545,15.518014999543084,433.8625239979592,293.7756467439786
1693952772,55,,Aggregated,6.900000,0.000000,31,36,39,47,80,130,230,270,390,430,430,2251,0,31,45.29808674146373,15.518014999543084,433.8625239979592,293.7760995113283
1693952773,55,,Aggregated,7.500000,0.000000,31,36,39,47,80,130,230,270,390,430,430,2258,0,31,45.2531850863731,15.518014999543084,433.8625239979592,293.77590788308237
1693952774,55,,Aggregated,8.100000,0.000000,31,36,39,47,80,120,230,270,390,430,430,2264,0,31,45.20789575443149,15.518014999543084,433.8625239979592,293.77517667844523
1693952775,55,,Aggregated,8.000000,0.000000,31,36,39,47,80,120,230,270,390,430,430,2271,0,31,45.16807273669322,15.518014999543084,433.8625239979592,293.7758696609423
1693952776,55,,Aggregated,7.700000,0.000000,31,36,39,47,80,120,230,270,390,430,430,2279,0,31,45.20074895394231,15.518014999543084,433.8625239979592,293.77577885037294
1693952777,55,,Aggregated,7.800000,0.000000,31,36,39,47,80,120,230,270,390,430,430,2290,0,31,45.228128403509224,15.518014999543084,433.8625239979592,293.77467248908295
1693952778,55,,Aggregated,7.800000,0.000000,31,36,39,47,80,120,230,270,390,430,430,2290,0,31,45.228128403509224,15.518014999543084,433.8625239979592,293.77467248908295
1693952779,55,,Aggregated,7.700000,0.000000,31,36,39,48,80,120,230,270,390,430,430,2300,0,31,45.19787707001619,15.518014999543084,433.8625239979592,293.77521739130435
1693952780,55,,Aggregated,7.500000,0.000000,31,36,39,47,80,120,220,270,390,430,430,2308,0,31,45.137962143860655,15.518014999543084,433.8625239979592,293.7759965337955
1693952781,55,,Aggregated,7.400000,0.000000,31,36,39,47,79,120,220,270,390,430,430,2314,0,31,45.09164940580301,15.518014999543084,433.8625239979592,293.77571305099394
1693952782,55,,Aggregated,7.700000,0.000000,31,36,39,47,79,120,220,270,390,430,430,2319,0,31,45.09971271411223,15.518014999543084,433.8625239979592,293.7757654161276
1693952783,55,,Aggregated,7.300000,0.000000,31,36,39,48,79,120,220,270,390,430,430,2330,0,31,45.09805466868198,15.518014999543084,433.8625239979592,293.7755364806867
1693952784,55,,Aggregated,6.800000,0.000000,31,36,39,48,79,120,220,270,390,430,430,2335,0,31,45.060502086091816,15.518014999543084,433.8625239979592,293.77516059957173
1693952785,55,,Aggregated,6.900000,0.000000,31,36,39,48,79,120,220,270,390,430,430,2344,0,31,45.049324668956984,15.518014999543084,433.8625239979592,293.77517064846415
1693952786,55,,Aggregated,7.200000,0.000000,31,36,39,48,79,120,210,270,390,430,430,2353,0,31,45.02801225968162,15.518014999543084,433.8625239979592,293.7756056098598
1693952787,55,,Aggregated,6.900000,0.000000,31,36,39,48,79,120,210,270,390,430,430,2359,0,31,44.99607597033935,15.518014999543084,433.8625239979592,293.7761763459093
1693952788,55,,Aggregated,7.500000,0.000000,31,36,39,48,79,120,210,270,390,430,430,2365,0,31,45.01792920043485,15.518014999543084,433.8625239979592,293.77632135306555
1693952789,55,,Aggregated,7.300000,0.000000,31,36,39,48,79,120,210,270,390,430,430,2370,0,31,45.01911114136346,15.518014999543084,433.8625239979592,293.7763713080169
1693952790,55,,Aggregated,6.900000,0.000000,31,36,39,48,79,120,210,270,390,430,430,2377,0,31,44.98646607363594,15.518014999543084,433.8625239979592,293.7766091712242
1693952791,55,,Aggregated,7.300000,0.000000,31,36,39,48,79,120,210,270,390,430,430,2382,0,31,44.96374046516833,15.518014999543084,433.8625239979592,293.77665827036105
1693952792,55,,Aggregated,7.000000,0.000000,31,36,39,48,80,120,220,270,390,430,430,2393,0,31,45.23995628041909,15.518014999543084,433.8625239979592,293.77601337233597
1693952794,55,,Aggregated,7.000000,0.000000,31,36,39,48,80,120,220,270,390,430,430,2397,0,31,45.22288874553245,15.518014999543084,433.8625239979592,293.7759699624531
1693952795,55,,Aggregated,6.800000,0.000000,31,36,39,48,80,120,210,260,390,430,430,2402,0,31,45.18583032183296,15.518014999543084,433.8625239979592,293.7760199833472
1693952796,55,,Aggregated,7.200000,0.000000,31,36,39,48,80,120,210,260,390,430,430,2412,0,31,45.305010978872254,15.518014999543084,433.8625239979592,293.77694859038144
1693952797,55,,Aggregated,6.600000,0.000000,31,36,39,48,80,120,210,260,390,430,430,2418,0,31,45.26090674856912,15.518014999543084,433.8625239979592,293.7758478081059
1693952798,55,,Aggregated,6.600000,0.000000,31,36,39,48,80,120,210,260,390,430,430,2426,0,31,45.22618258080629,15.518014999543084,433.8625239979592,293.77658697444355
1693952799,55,,Aggregated,6.500000,0.000000,31,36,39,48,80,120,210,260,390,430,430,2429,0,31,45.20745322026984,15.518014999543084,433.8625239979592,293.7760395224372
1693952800,55,,Aggregated,6.400000,0.000000,31,36,39,48,80,120,210,260,390,430,430,2438,0,31,45.191161642754984,15.518014999543084,433.8625239979592,293.77686628383924
1693952801,55,,Aggregated,6.700000,0.000000,31,37,39,48,80,120,210,260,390,430,430,2447,0,31,45.20795186924261,15.518014999543084,433.8625239979592,293.77646097261953
1693952802,55,,Aggregated,6.800000,0.000000,31,37,39,49,80,120,210,260,390,430,430,2456,0,31,45.227365679168955,15.518014999543084,433.8625239979592,293.77728013029315
1693952803,55,,Aggregated,6.800000,0.000000,31,37,39,49,79,120,210,260,390,430,430,2461,0,31,45.20952010403926,15.518014999543084,433.8625239979592,293.7761072734661
1693952804,55,,Aggregated,7.200000,0.000000,31,37,39,49,80,120,210,260,390,430,430,2468,0,31,45.27606586914276,15.518014999543084,433.8625239979592,293.7759319286872
1693952805,55,,Aggregated,7.200000,0.000000,31,37,39,49,80,130,210,260,390,430,430,2477,0,31,45.485306630620634,15.518014999543084,433.8625239979592,293.7759386354461
1693952806,55,,Aggregated,7.000000,0.000000,31,37,39,49,80,130,210,260,390,430,430,2485,0,31,45.4619025223518,15.518014999543084,433.8625239979592,293.7758551307847
1693952807,55,,Aggregated,7.500000,0.000000,31,37,40,49,80,130,210,260,390,430,430,2492,0,31,45.46417100603819,15.518014999543084,433.8625239979592,293.7756821829856
1693952808,60,,Aggregated,7.200000,0.000000,31,37,40,50,81,130,210,260,390,430,430,2504,0,31,45.67053160305474,15.518014999543084,433.8625239979592,293.77515974440894
1693952809,60,,Aggregated,7.200000,0.000000,31,37,40,50,81,130,210,260,390,430,430,2507,0,31,45.65509795534451,15.518014999543084,433.8625239979592,293.7754287993618
1693952810,60,,Aggregated,7.700000,0.000000,31,37,40,50,81,130,210,260,390,430,430,2518,0,31,45.64212294124263,15.518014999543084,433.8625239979592,293.775615567911
1693952811,60,,Aggregated,7.800000,0.000000,32,37,40,51,82,130,210,260,390,430,430,2530,0,32,45.796355546654624,15.518014999543084,433.8625239979592,293.7758893280632
1693952812,60,,Aggregated,7.500000,0.000000,32,37,40,51,82,130,210,260,390,430,430,2538,0,32,45.837352753759944,15.518014999543084,433.8625239979592,293.7762017336485
1693952813,60,,Aggregated,8.100000,0.000000,32,37,40,51,82,130,210,260,390,430,430,2545,0,32,45.83039896386929,15.518014999543084,433.8625239979592,293.77681728880157
1693952814,60,,Aggregated,8.200000,0.000000,32,37,40,51,82,130,210,260,390,430,430,2553,0,32,45.83609899845016,15.518014999543084,433.8625239979592,293.7767332549941
1693952815,60,,Aggregated,8.200000,0.000000,32,37,40,51,82,130,210,260,390,430,430,2559,0,32,45.950294542807605,15.518014999543084,433.8625239979592,293.7764751856194
1693952816,60,,Aggregated,8.300000,0.000000,32,37,40,51,82,130,210,260,390,430,430,2565,0,32,45.931300316585755,15.518014999543084,433.8625239979592,293.77621832358676
1693952817,60,,Aggregated,8.300000,0.000000,32,37,40,51,82,130,210,260,390,430,430,2569,0,32,45.95200531687108,15.518014999543084,433.8625239979592,293.7765667574932
1693952818,60,,Aggregated,8.000000,0.000000,32,37,40,51,82,130,210,260,390,430,430,2575,0,32,45.91441013244319,15.518014999543084,433.8625239979592,293.7770873786408
1693952819,60,,Aggregated,7.800000,0.000000,32,37,40,51,82,130,210,260,390,430,430,2582,0,32,45.89026453448412,15.518014999543084,433.8625239979592,293.77691711851276
1693952820,60,,Aggregated,7.000000,0.000000,32,37,40,51,82,130,210,260,390,430,430,2588,0,32,45.888430623661584,15.518014999543084,433.8625239979592,293.77627511591965
1693952821,60,,Aggregated,7.300000,0.000000,32,37,40,51,82,130,210,260,390,430,430,2600,0,32,45.827827538474736,15.518014999543084,433.8625239979592,293.7761538461538
1693952822,60,,Aggregated,7.300000,0.000000,32,37,40,51,82,130,200,250,390,430,430,2606,0,32,45.802843818126966,15.518014999543084,433.8625239979592,293.77551803530315
1693952823,60,,Aggregated,6.800000,0.000000,32,37,40,51,82,130,200,250,390,430,430,2615,0,32,45.779348374388924,15.518014999543084,433.8625239979592,293.7755258126195
1693952824,60,,Aggregated,6.600000,0.000000,32,37,40,51,82,130,200,250,390,430,430,2620,0,32,45.74955914314014,15.518014999543084,433.8625239979592,293.7759541984733
1693952825,60,,Aggregated,6.800000,0.000000,32,37,40,51,82,130,200,250,390,430,430,2626,0,32,45.78964275667362,15.518014999543084,433.8625239979592,293.7764661081493
1693952826,60,,Aggregated,6.700000,0.000000,32,37,40,52,82,130,220,250,390,430,430,2637,0,32,46.07634327684166,15.518014999543084,433.8625239979592,293.77701934015926
1693952827,60,,Aggregated,6.500000,0.000000,32,37,40,52,82,130,220,250,390,430,430,2640,0,32,46.05583891137609,15.518014999543084,433.8625239979592,293.7772727272727
1693952828,60,,Aggregated,6.900000,0.000000,32,37,40,52,82,130,220,250,390,430,430,2648,0,32,46.05991578437774,15.518014999543084,433.8625239979592,293.77719033232626
1693952829,60,,Aggregated,7.000000,0.000000,32,37,40,52,82,130,210,250,390,430,430,2660,0,32,46.08094833046127,15.518014999543084,433.8625239979592,293.77744360902255
1693952830,60,,Aggregated,7.100000,0.000000,32,37,40,52,82,130,210,250,390,430,430,2664,0,32,46.08261533371865,15.518014999543084,433.8625239979592,293.77777777777777
1693952831,60,,Aggregated,7.400000,0.000000,32,37,40,52,82,130,210,250,390,430,430,2667,0,32,46.0641001297436,15.518014999543084,433.8625239979592,293.7780277465317
1693952832,60,,Aggregated,7.700000,0.000000,32,37,40,52,82,130,210,250,390,430,430,2677,0,32,46.07592210161691,15.518014999543084,433.8625239979592,293.7781098244303
1693952833,60,,Aggregated,6.800000,0.000000,32,37,40,52,82,130,210,250,390,430,430,2685,0,32,46.02091296053124,15.518014999543084,433.8625239979592,293.7780260707635
1693952834,60,,Aggregated,7.200000,0.000000,32,37,40,52,82,130,210,250,390,430,430,2690,0,32,45.99277956134702,15.518014999543084,433.8625239979592,293.77806691449814
1693952835,60,,Aggregated,7.000000,0.000000,32,37,40,52,82,130,210,250,390,430,430,2698,0,32,46.000356267615224,15.518014999543084,433.8625239979592,293.7783543365456
1693952836,60,,Aggregated,7.200000,0.000000,32,37,40,52,82,130,210,250,390,430,430,2705,0,32,46.00020239372473,15.518014999543084,433.8625239979592,293.77855822550833
1693952837,60,,Aggregated,7.000000,0.000000,32,37,40,52,82,130,210,250,390,430,430,2710,0,32,45.97722462842412,15.518014999543084,433.8625239979592,293.77859778597787
1693952838,60,,Aggregated,6.700000,0.000000,32,37,40,52,82,130,210,250,390,430,430,2719,0,32,45.954373255251845,15.518014999543084,433.8625239979592,293.77933063626335
1693952839,60,,Aggregated,6.800000,0.000000,32,37,40,52,82,130,210,250,390,430,430,2726,0,32,45.91570924395887,15.518014999543084,433.8625239979592,293.77916360968453
1693952840,60,,Aggregated,7.000000,0.000000,32,37,40,52,82,130,210,250,390,430,430,2732,0,32,45.91171006882411,15.518014999543084,433.8625239979592,293.7778184480234
1693952841,60,,Aggregated,6.600000,0.000000,32,37,40,52,82,130,210,250,390,430,430,2740,0,32,45.87927202190882,15.518014999543084,433.8625239979592,293.7784671532847
1693952842,60,,Aggregated,6.700000,0.000000,32,37,40,52,82,130,210,250,390,430,430,2745,0,32,45.846575830976896,15.518014999543084,433.8625239979592,293.77850637522766
1693952843,60,,Aggregated,7.400000,0.000000,32,37,40,52,82,130,210,250,390,430,430,2758,0,32,45.8452130939202,15.518014999543084,433.8625239979592,293.77592458303116
1693952844,60,,Aggregated,6.800000,0.000000,32,37,40,52,82,130,210,250,390,430,430,2764,0,32,45.80507160565341,15.518014999543084,433.8625239979592,293.7756874095514
1693952845,60,,Aggregated,7.000000,0.000000,32,37,40,52,82,130,210,250,390,430,430,2773,0,32,45.87677182186131,15.518014999543084,433.8625239979592,293.7753335737468
1693952846,60,,Aggregated,7.300000,0.000000,32,37,40,52,82,130,210,250,390,430,430,2778,0,32,45.841582582441546,15.518014999543084,433.8625239979592,293.77573794096475
1693952847,60,,Aggregated,7.600000,0.000000,32,37,40,52,82,130,210,250,390,430,430,2785,0,32,45.873971503417934,15.518014999543084,433.8625239979592,293.7763016157989
1693952848,60,,Aggregated,7.600000,0.000000,32,37,40,52,82,130,210,250,390,430,430,2790,0,32,45.83925656380451,15.518014999543084,433.8625239979592,293.7763440860215
1693952849,60,,Aggregated,7.200000,0.000000,32,37,40,52,82,130,200,250,390,430,430,2801,0,32,45.87968570903552,15.518014999543084,433.8625239979592,293.77650838986074
1693952850,60,,Aggregated,7.400000,0.000000,32,37,40,52,82,130,200,250,390,430,430,2810,0,32,45.83086519679678,15.518014999543084,433.8625239979592,293.77722419928824
1693952851,60,,Aggregated,7.500000,0.000000,32,37,40,52,82,130,200,250,390,430,430,2816,0,31,45.79948128764112,15.518014999543084,433.8625239979592,293.7769886363636
1693952852,60,,Aggregated,7.500000,0.000000,32,37,40,52,82,130,200,250,390,430,430,2823,0,32,45.796444166489714,15.518014999543084,433.8625239979592,293.77647892313144
1693952853,60,,Aggregated,7.500000,0.000000,32,37,40,52,82,130,200,250,390,430,430,2833,0,32,45.834490776210274,15.518014999543084,433.8625239979592,293.7762089657607
1693952854,60,,Aggregated,7.500000,0.000000,32,37,41,52,82,130,200,250,390,430,430,2845,0,32,45.83632905448447,15.518014999543084,433.8625239979592,293.7768014059754
1693952855,60,,Aggregated,7.300000,0.000000,32,37,41,52,82,130,200,250,390,430,430,2857,0,32,45.84491473678897,15.518014999543084,433.8625239979592,293.77598879944
1693952856,60,,Aggregated,7.600000,0.000000,32,37,41,52,82,130,200,250,390,430,430,2861,0,32,45.885880311082616,15.518014999543084,433.8625239979592,293.7763019923104
1693952857,60,,Aggregated,8.000000,0.000000,32,37,41,52,82,130,200,250,390,430,430,2865,0,32,45.85800221466343,15.518014999543084,433.8625239979592,293.7762652705061
1693952858,60,,Aggregated,8.200000,0.000000,32,37,41,52,82,130,200,250,390,430,430,2871,0,32,45.855823159877765,15.518014999543084,433.8625239979592,293.77603622431207
1693952859,60,,Aggregated,8.400000,0.000000,32,37,41,52,82,130,200,250,390,430,430,2878,0,32,45.82864416018066,15.518014999543084,433.8625239979592,293.7765809589993
1693952860,60,,Aggregated,7.700000,0.000000,32,37,41,52,82,130,200,250,390,430,430,2888,0,32,45.82138253185539,15.518014999543084,433.8625239979592,293.7770083102493
1693952861,60,,Aggregated,8.000000,0.000000,32,37,41,52,82,130,200,250,390,430,430,2902,0,32,45.8227988332169,15.518014999543084,433.8625239979592,293.77773949000687
1693952862,60,,Aggregated,7.600000,0.000000,32,37,41,52,82,130,200,250,390,430,430,2907,0,32,45.80057808014947,15.518014999543084,433.8625239979592,293.77743378052975
1693952863,60,,Aggregated,7.900000,0.000000,32,37,41,52,82,130,200,250,390,430,430,2913,0,32,45.764909696187935,15.518014999543084,433.8625239979592,293.7775489186406
1693952864,60,,Aggregated,8.500000,0.000000,32,37,41,52,82,130,200,250,390,430,430,2919,0,32,45.77921396813858,15.518014999543084,433.8625239979592,293.77732100034257
1693952865,60,,Aggregated,8.300000,0.000000,32,37,41,52,82,130,200,250,390,430,430,2927,0,32,45.74841211411026,15.518014999543084,433.8625239979592,293.7772463272976
1693952866,60,,Aggregated,7.500000,0.000000,32,37,41,52,82,130,200,250,390,430,430,2939,0,32,45.756060883293344,15.518014999543084,433.8625239979592,293.77679482817285
1693952867,65,,Aggregated,7.300000,0.000000,32,37,41,53,83,130,210,260,410,450,450,2955,0,32,46.420989543147435,15.518014999543084,450.96482999724685,293.7773265651438
1693952868,65,,Aggregated,7.200000,0.000000,32,37,41,53,83,130,210,260,410,450,450,2962,0,32,46.37392707089728,15.518014999543084,450.96482999724685,293.7771775827144
1693952869,65,,Aggregated,7.800000,0.000000,32,37,41,53,83,130,210,260,410,450,450,2969,0,32,46.341017452342214,15.518014999543084,450.96482999724685,293.77770293027953
1693952870,65,,Aggregated,9.200000,0.000000,32,37,41,53,83,130,210,260,410,450,450,2975,0,32,46.335231367059144,15.518014999543084,450.96482999724685,293.7778151260504
1693952871,65,,Aggregated,8.700000,0.000000,32,37,42,53,83,130,210,260,410,450,450,2981,0,32,46.38020841328292,15.518014999543084,450.96482999724685,293.7779268701778
1693952872,65,,Aggregated,8.900000,0.000000,32,37,41,53,83,130,210,260,410,450,450,2987,0,32,46.337125772347584,15.518014999543084,450.96482999724685,293.7783729494476
1693952873,65,,Aggregated,8.300000,0.000000,32,37,42,53,83,130,210,250,390,450,450,3002,0,32,46.3777074340473,15.518014999543084,450.96482999724685,293.7794803464357
1693952874,65,,Aggregated,7.900000,0.000000,32,37,42,53,83,130,210,250,390,450,450,3006,0,32,46.37324855089999,15.518014999543084,450.96482999724685,293.77944111776446
1693952875,65,,Aggregated,8.100000,0.000000,32,37,42,53,83,130,210,250,390,450,450,3015,0,32,46.369028740631904,15.518014999543084,450.96482999724685,293.77910447761195
1693952876,65,,Aggregated,8.900000,0.000000,32,37,42,53,83,130,210,250,390,450,450,3024,0,32,46.47240500529223,15.518014999543084,450.96482999724685,293.7791005291005
1693952877,65,,Aggregated,8.500000,0.000000,32,37,42,54,84,130,210,250,390,450,450,3038,0,32,46.616195016787366,15.518014999543084,450.96482999724685,293.77913100724163
1693952878,65,,Aggregated,8.500000,0.000000,32,37,42,54,84,130,210,250,390,450,450,3043,0,32,46.60645153992852,15.518014999543084,450.96482999724685,293.7791652974039
1693952879,65,,Aggregated,8.600000,0.000000,32,37,42,54,84,130,210,250,390,450,450,3049,0,32,46.58666754673638,15.518014999543084,450.96482999724685,293.77959986880944
1693952880,65,,Aggregated,8.200000,0.000000,32,37,43,54,84,130,210,250,390,450,450,3058,0,32,46.601747225963294,15.518014999543084,450.96482999724685,293.78024852845
1693952881,65,,Aggregated,8.200000,0.000000,32,37,43,54,84,130,210,250,390,450,450,3067,0,32,46.57785998662959,15.518014999543084,450.96482999724685,293.78024127812193
1693952882,65,,Aggregated,8.100000,0.000000,32,37,43,54,84,130,210,250,390,450,450,3073,0,32,46.597674669376495,15.518014999543084,450.96482999724685,293.7803449397982
1693952883,65,,Aggregated,8.400000,0.000000,32,37,43,54,84,130,210,250,390,450,450,3080,0,32,46.57593982662323,15.518014999543084,450.96482999724685,293.7801948051948
1693952884,65,,Aggregated,8.500000,0.000000,32,37,43,54,84,130,210,250,390,450,450,3090,0,32,46.73148379417434,15.518014999543084,450.96482999724685,293.77928802588997
1693952886,65,,Aggregated,8.500000,0.000000,32,37,43,54,84,130,210,250,390,450,450,3095,0,32,46.74838109337612,15.518014999543084,450.96482999724685,293.77964458804524
1693952887,65,,Aggregated,8.300000,0.000000,32,37,43,54,85,130,210,250,390,450,450,3103,0,32,46.78004092040123,15.518014999543084,450.96482999724685,293.7792458910732
1693952888,65,,Aggregated,8.300000,0.000000,32,37,44,55,85,130,210,250,390,450,450,3115,0,32,46.92246791011163,15.518014999543084,450.96482999724685,293.777849117175
1693952889,65,,Aggregated,8.000000,0.000000,32,37,44,55,85,130,210,250,390,450,450,3119,0,32,46.89747602917619,15.518014999543084,450.96482999724685,293.77781340173135
1693952890,65,,Aggregated,7.300000,0.000000,32,37,44,55,85,130,210,250,390,450,450,3127,0,32,46.871225640550314,15.518014999543084,450.96482999724685,293.77774224496324
1693952891,65,,Aggregated,7.600000,0.000000,32,37,44,55,85,130,210,250,390,450,450,3137,0,32,46.87774959101009,15.518014999543084,450.96482999724685,293.7778131973223
1693952892,65,,Aggregated,7.500000,0.000000,32,37,44,55,85,130,210,250,390,450,450,3148,0,32,46.93733400349219,15.518014999543084,450.96482999724685,293.7779542566709
1693952893,65,,Aggregated,7.800000,0.000000,32,37,44,55,85,130,210,250,390,450,450,3159,0,32,46.89516941120242,15.518014999543084,450.96482999724685,293.7780943336499
1693952894,65,,Aggregated,7.800000,0.000000,32,37,44,55,85,130,210,250,390,450,450,3167,0,32,46.85991234291026,15.518014999543084,450.96482999724685,293.7780233659615
1693952895,65,,Aggregated,8.100000,0.000000,32,37,44,55,85,130,210,250,390,450,450,3174,0,32,46.82233256395627,15.518014999543084,450.96482999724685,293.7775677378702
1693952896,65,,Aggregated,8.400000,0.000000,32,37,44,55,85,130,210,250,390,450,450,3178,0,32,46.80040570264373,15.518014999543084,450.96482999724685,293.77784770295784
1693952897,65,,Aggregated,8.700000,0.000000,32,37,44,55,85,130,210,250,390,450,450,3185,0,32,46.7602466835163,15.518014999543084,450.96482999724685,293.77833594976454
1693952898,65,,Aggregated,8.300000,0.000000,32,37,44,55,85,130,210,250,390,450,450,3189,0,32,46.743246566635484,15.518014999543084,450.96482999724685,293.7779868297272
1693952899,65,,Aggregated,8.500000,0.000000,32,37,44,55,85,130,200,250,390,450,450,3202,0,32,46.73310072423514,15.518014999543084,450.96482999724685,293.7782635852592
1693952900,65,,Aggregated,7.300000,0.000000,32,37,44,55,85,130,200,250,390,450,450,3213,0,32,46.8466359140977,15.518014999543084,450.96482999724685,293.7787114845938
1693952901,65,,Aggregated,8.200000,0.000000,32,37,44,55,85,130,200,250,390,450,450,3222,0,32,46.824335277464684,15.518014999543084,450.96482999724685,293.77870887647424
1693952902,65,,Aggregated,8.300000,0.000000,32,37,44,55,85,130,200,250,390,450,450,3229,0,32,46.820860110247786,15.518014999543084,450.96482999724685,293.77825952307217
1693952903,65,,Aggregated,8.400000,0.000000,32,37,44,55,85,130,200,250,390,450,450,3238,0,32,46.777835753547826,15.518014999543084,450.96482999724685,293.7779493514515
1693952904,65,,Aggregated,7.900000,0.000000,32,37,44,55,85,130,200,250,390,450,450,3246,0,32,46.84055994300363,15.518014999543084,450.96482999724685,293.7784966112138
1693952905,65,,Aggregated,7.700000,0.000000,32,37,44,55,85,130,200,250,390,450,450,3254,0,32,46.82079740442221,15.518014999543084,450.96482999724685,293.77873386601107
1693952906,65,,Aggregated,7.800000,0.000000,32,37,44,55,85,130,200,250,390,450,450,3264,0,32,46.78606887744661,15.518014999543084,450.96482999724685,293.77849264705884
1693952907,65,,Aggregated,7.600000,0.000000,32,37,44,55,85,130,200,250,390,450,450,3270,0,32,46.756992610393276,15.518014999543084,450.96482999724685,293.77737003058104
1693952908,65,,Aggregated,8.200000,0.000000,32,37,44,55,85,130,200,250,390,450,450,3275,0,32,46.74604306625667,15.518014999543084,450.96482999724685,293.77770992366413
1693952909,65,,Aggregated,8.200000,0.000000,32,37,44,55,85,130,200,250,390,450,450,3281,0,32,46.72548794574533,15.518014999543084,450.96482999724685,293.77750685766534
1693952910,65,,Aggregated,8.600000,0.000000,32,37,44,55,85,130,200,250,390,450,450,3293,0,32,46.74102751836651,15.518014999543084,450.96482999724685,293.77740662010325
1693952911,65,,Aggregated,8.000000,0.000000,32,37,44,55,85,130,200,250,390,450,450,3298,0,32,46.72963714280673,15.518014999543084,450.96482999724685,293.7774408732565
1693952912,65,,Aggregated,8.100000,0.000000,32,37,44,55,85,130,200,250,390,450,450,3307,0,32,46.70400139158587,15.518014999543084,450.96482999724685,293.77774417901423
1693952913,65,,Aggregated,7.400000,0.000000,32,37,44,55,85,130,200,250,390,450,450,3314,0,32,46.71877003107186,15.518014999543084,450.96482999724685,293.77791188895594
1693952914,65,,Aggregated,7.600000,0.000000,32,37,44,55,85,130,200,250,390,450,450,3328,0,32,46.89533859103698,15.518014999543084,450.96482999724685,293.7785456730769
1693952915,65,,Aggregated,7.600000,0.000000,32,37,44,55,85,130,200,250,390,450,450,3332,0,32,46.90566057742231,15.518014999543084,450.96482999724685,293.7782112845138
1693952916,65,,Aggregated,7.400000,0.000000,32,37,44,55,85,130,200,250,390,450,450,3340,0,32,46.872683341605885,15.518014999543084,450.96482999724685,293.7784431137725
1693952917,65,,Aggregated,8.200000,0.000000,32,37,44,55,85,130,200,250,390,450,450,3348,0,32,46.8192844008254,15.518014999543084,450.96482999724685,293.778972520908
1693952918,65,,Aggregated,7.700000,0.000000,32,37,44,55,85,130,200,250,390,450,450,3354,0,32,46.83502163713993,15.518014999543084,450.96482999724685,293.77906976744185
1693952919,65,,Aggregated,7.900000,0.000000,32,37,44,55,85,130,200,250,390,450,450,3364,0,32,46.794823088277376,15.518014999543084,450.96482999724685,293.7788347205707
1693952920,65,,Aggregated,7.800000,0.000000,32,37,44,55,85,130,200,250,390,450,450,3369,0,32,46.80854425080506,15.518014999543084,450.96482999724685,293.77827248441673
1693952921,65,,Aggregated,7.900000,0.000000,32,37,44,56,85,130,200,250,390,450,450,3379,0,32,46.83035622697805,15.518014999543084,450.96482999724685,293.7786327315774
1693952922,65,,Aggregated,7.600000,0.000000,32,37,44,56,85,130,200,250,390,450,450,3388,0,32,46.91960594626864,15.518014999543084,450.96482999724685,293.7789256198347
1693952923,65,,Aggregated,8.100000,0.000000,32,37,44,56,85,130,200,250,390,450,450,3394,0,32,46.88927083528517,15.518014999543084,450.96482999724685,293.7787271655863
1693952924,65,,Aggregated,8.100000,0.000000,32,37,44,56,85,130,200,250,390,450,450,3404,0,32,46.94620179170467,15.518014999543084,450.96482999724685,293.77937720329027
1693952925,65,,Aggregated,8.000000,0.000000,32,37,44,56,85,130,200,250,390,450,450,3412,0,32,46.92268032150185,15.518014999543084,450.96482999724685,293.77960140679954
1693952926,65,,Aggregated,8.400000,0.000000,32,37,44,56,85,130,200,250,390,450,450,3421,0,32,46.91060099853029,15.518014999543084,450.96482999724685,293.7795966091786
1693952927,70,,Aggregated,7.700000,0.000000,32,37,45,57,88,140,220,270,450,520,520,3438,0,32,48.051058780679185,15.518014999543084,519.7386820000247,293.77923211169286
1693952928,70,,Aggregated,8.100000,0.000000,32,37,45,57,88,140,220,270,450,520,520,3446,0,32,48.04180244543594,15.518014999543084,519.7386820000247,293.77974463145677
1693952929,70,,Aggregated,7.900000,0.000000,32,37,45,57,88,140,220,270,450,520,520,3453,0,32,48.01871328525128,15.518014999543084,519.7386820000247,293.7799015348972
1693952930,70,,Aggregated,9.300000,0.000000,32,37,45,57,88,140,220,270,450,520,520,3460,0,32,48.00317706906758,15.518014999543084,519.7386820000247,293.77919075144507
1693952931,70,,Aggregated,9.200000,0.000000,32,37,44,56,88,140,220,270,450,520,520,3471,0,32,47.94849734801688,15.518014999543084,519.7386820000247,293.7790262172285
1693952932,70,,Aggregated,9.000000,0.000000,32,37,44,56,88,130,220,270,450,520,520,3481,0,32,47.90876868858558,15.518014999543084,519.7386820000247,293.77908646940534
1693952933,70,,Aggregated,8.900000,0.000000,32,37,44,56,88,130,220,270,450,520,520,3493,0,32,47.88299034353357,15.518014999543084,519.7386820000247,293.77870025765816
1693952934,70,,Aggregated,9.000000,0.000000,32,37,44,56,88,130,220,270,450,520,520,3499,0,32,47.850969312650086,15.518014999543084,519.7386820000247,293.778793941126
1693952935,70,,Aggregated,9.400000,0.000000,32,37,44,57,88,130,220,270,450,520,520,3504,0,32,47.87102950056009,15.518014999543084,519.7386820000247,293.77853881278537
1693952936,70,,Aggregated,9.300000,0.000000,32,37,44,56,88,130,220,270,450,520,520,3517,0,32,47.83896885384315,15.518014999543084,519.7386820000247,293.77878874040374
1693952937,70,,Aggregated,9.300000,0.000000,32,37,45,57,88,130,220,270,450,520,520,3526,0,32,47.926650144347505,15.518014999543084,519.7386820000247,293.77821894498015
1693952938,70,,Aggregated,9.200000,0.000000,32,37,45,57,88,130,220,270,450,520,520,3533,0,32,47.931456086887835,15.518014999543084,519.7386820000247,293.7786583639966
1693952939,70,,Aggregated,9.200000,0.000000,32,37,45,57,88,140,220,270,450,520,520,3538,0,32,48.00486902260406,15.518014999543084,519.7386820000247,293.7784058790277
1693952940,70,,Aggregated,8.600000,0.000000,32,37,45,57,88,130,220,270,450,520,520,3548,0,32,47.97204345264175,15.518014999543084,519.7386820000247,293.7781848928974
1693952941,70,,Aggregated,8.600000,0.000000,32,37,45,57,88,130,220,270,450,520,520,3557,0,32,47.971569231086185,15.518014999543084,519.7386820000247,293.77818386280575
1693952942,70,,Aggregated,8.400000,0.000000,32,37,45,57,88,130,220,270,450,520,520,3562,0,32,47.95108095788174,15.518014999543084,519.7386820000247,293.77849522740036
1693952943,70,,Aggregated,8.600000,0.000000,32,37,45,57,88,130,220,270,450,520,520,3569,0,32,47.93321105659296,15.518014999543084,519.7386820000247,293.77892967217707
1693952944,70,,Aggregated,8.600000,0.000000,32,37,45,57,88,130,220,270,450,520,520,3580,0,32,47.924640275135836,15.518014999543084,519.7386820000247,293.7776536312849
1693952945,70,,Aggregated,7.700000,0.000000,32,37,45,57,88,130,220,270,450,520,520,3589,0,32,47.88029817051881,15.518014999543084,519.7386820000247,293.777932571747
1693952946,70,,Aggregated,7.500000,0.000000,32,37,45,57,88,130,220,270,450,520,520,3599,0,32,47.8735631339231,15.518014999543084,519.7386820000247,293.7782717421506
1693952947,70,,Aggregated,8.100000,0.000000,32,37,45,57,88,130,220,270,450,520,520,3604,0,32,47.84646865537918,15.518014999543084,519.7386820000247,293.7785793562708
1693952948,70,,Aggregated,8.300000,0.000000,32,37,45,57,88,130,220,270,450,520,520,3617,0,32,47.85442029056733,15.518014999543084,519.7386820000247,293.7785457561515
1693952949,70,,Aggregated,8.100000,0.000000,32,37,45,57,88,130,220,270,450,520,520,3630,0,32,47.835936963633124,15.518014999543084,519.7386820000247,293.7779614325069
1693952950,70,,Aggregated,7.500000,0.000000,32,37,45,57,88,130,220,270,450,520,520,3637,0,32,47.82083934451191,15.518014999543084,519.7386820000247,293.7778388781963
1693952951,70,,Aggregated,8.300000,0.000000,32,37,45,57,88,130,220,270,450,520,520,3644,0,32,47.804003976396935,15.518014999543084,519.7386820000247,293.7777167947311
1693952952,70,,Aggregated,9.100000,0.000000,32,37,45,57,88,130,210,270,450,520,520,3651,0,32,47.81130510845975,15.518014999543084,519.7386820000247,293.7778690769652
1693952953,70,,Aggregated,8.900000,0.000000,32,37,45,57,88,130,210,270,450,520,520,3663,0,32,47.88144160960762,15.518014999543084,519.7386820000247,293.77777777777777
1693952954,70,,Aggregated,8.700000,0.000000,32,37,45,57,88,130,210,270,450,520,520,3670,0,32,47.83819300953426,15.518014999543084,519.7386820000247,293.7782016348774
1693952955,70,,Aggregated,8.900000,0.000000,32,37,45,57,88,130,210,270,450,520,520,3681,0,32,47.79872526351322,15.518014999543084,519.7386820000247,293.77777777777777
1693952956,70,,Aggregated,9.300000,0.000000,32,37,45,57,88,130,210,270,450,520,520,3685,0,32,47.80367933323946,15.518014999543084,519.7386820000247,293.7777476255088
1693952957,70,,Aggregated,8.800000,0.000000,32,37,45,57,88,130,210,270,450,520,520,3696,0,32,47.80860695237721,15.518014999543084,519.7386820000247,293.777867965368
1693952958,70,,Aggregated,8.900000,0.000000,32,37,46,57,88,130,210,270,450,520,520,3708,0,32,47.78460035382442,15.518014999543084,519.7386820000247,293.77777777777777
1693952959,70,,Aggregated,8.800000,0.000000,32,37,46,57,88,130,210,270,450,520,520,3716,0,32,47.77685951721729,15.518014999543084,519.7386820000247,293.77744886975245
1693952960,70,,Aggregated,9.400000,0.000000,32,37,46,57,88,130,210,270,450,520,520,3723,0,32,47.78734429034955,15.518014999543084,519.7386820000247,293.77759871071714
1693952961,70,,Aggregated,8.700000,0.000000,32,37,46,57,88,130,210,270,450,520,520,3733,0,32,47.77935231635991,15.518014999543084,519.7386820000247,293.77792660058935
1693952962,70,,Aggregated,8.800000,0.000000,32,37,46,57,88,130,210,270,450,520,520,3743,0,32,47.775153018690325,15.518014999543084,519.7386820000247,293.7782527384451
1693952963,70,,Aggregated,8.400000,0.000000,32,37,46,58,88,130,210,270,450,520,520,3753,0,32,47.78407387768649,15.518014999543084,519.7386820000247,293.7785771382894
1693952964,70,,Aggregated,8.700000,0.000000,32,37,46,58,88,130,210,270,450,520,520,3757,0,32,47.80223143437805,15.518014999543084,519.7386820000247,293.7785467128028
1693952965,70,,Aggregated,9.300000,0.000000,32,37,46,58,88,130,210,270,450,520,520,3768,0,32,47.783162007421886,15.518014999543084,519.7386820000247,293.7791932059448
1693952966,70,,Aggregated,8.900000,0.000000,32,37,46,58,88,130,210,270,450,520,520,3775,0,32,47.78268020078717,15.518014999543084,519.7386820000247,293.77880794701986
1693952967,70,,Aggregated,8.800000,0.000000,32,37,46,58,88,130,210,270,450,520,520,3781,0,32,47.75391295132688,15.518014999543084,519.7386820000247,293.7788944723618
1693952968,70,,Aggregated,8.700000,0.000000,32,37,46,58,88,130,210,270,450,520,520,3792,0,32,47.756018474674306,15.518014999543084,519.7386820000247,293.7795358649789
1693952969,70,,Aggregated,8.600000,0.000000,32,37,46,58,88,130,210,270,450,520,520,3798,0,32,47.72884190415133,15.518014999543084,519.7386820000247,293.7798841495524
1693952970,70,,Aggregated,8.100000,0.000000,32,37,46,58,88,130,210,270,450,520,520,3804,0,32,47.69894276182186,15.518014999543084,519.7386820000247,293.77970557308095
1693952971,70,,Aggregated,8.400000,0.000000,32,37,46,57,88,130,210,270,450,520,520,3809,0,32,47.672662669722015,15.518014999543084,519.7386820000247,293.7794696770806
1693952972,70,,Aggregated,7.900000,0.000000,32,37,46,57,88,130,210,270,450,520,520,3815,0,32,47.63108158295308,15.518014999543084,519.7386820000247,293.7798165137615
1693952974,70,,Aggregated,8.000000,0.000000,32,37,46,57,88,130,210,270,450,520,520,3822,0,32,47.600750234946865,15.518014999543084,519.7386820000247,293.7796964939822
1693952975,70,,Aggregated,6.900000,0.000000,32,37,46,57,88,130,210,270,450,520,520,3832,0,32,47.58461960724572,15.518014999543084,519.7386820000247,293.7792275574113
1693952976,70,,Aggregated,6.900000,0.000000,32,37,46,57,88,130,210,270,450,520,520,3848,0,32,47.57643619489815,15.518014999543084,519.7386820000247,293.779106029106
1693952977,70,,Aggregated,6.900000,0.000000,32,37,46,57,87,130,210,270,450,520,520,3858,0,32,47.54437654275936,15.518014999543084,519.7386820000247,293.7789009849663
1693952978,70,,Aggregated,7.200000,0.000000,32,37,46,57,87,130,210,270,450,520,520,3863,0,32,47.51706834169413,15.518014999543084,519.7386820000247,293.77918716023817
1693952979,70,,Aggregated,8.300000,0.000000,32,37,45,57,86,130,210,270,450,520,520,3871,0,32,47.47615486385025,15.518014999543084,519.7386820000247,293.77912684060965
1693952980,70,,Aggregated,8.300000,0.000000,32,37,45,57,87,130,210,270,450,520,520,3878,0,32,47.48100626172414,15.518014999543084,519.7386820000247,293.7792676637442
1693952981,70,,Aggregated,7.800000,0.000000,32,37,45,57,87,130,210,270,450,520,520,3886,0,32,47.44651691172522,15.518014999543084,519.7386820000247,293.7797220792589
1693952982,70,,Aggregated,7.900000,0.000000,32,37,45,57,87,130,210,270,450,520,520,3895,0,32,47.43188085236311,15.518014999543084,519.7386820000247,293.77997432605906
1693952983,70,,Aggregated,8.100000,0.000000,32,37,45,57,87,130,210,270,450,520,520,3900,0,32,47.408376463065046,15.518014999543084,519.7386820000247,293.7802564102564
1693952984,70,,Aggregated,8.400000,0.000000,32,37,45,57,88,130,200,270,450,520,520,3911,0,32,47.49822989950234,15.518014999543084,519.7386820000247,293.7803630784965
1693952985,70,,Aggregated,8.400000,0.000000,32,37,45,57,88,130,200,270,450,520,520,3919,0,32,47.484509712158946,15.518014999543084,519.7386820000247,293.78055626435315
1693952986,70,,Aggregated,8.800000,0.000000,32,37,45,57,88,130,200,270,450,520,520,3928,0,32,47.4638421967794,15.518014999543084,519.7386820000247,293.78080448065174
1693952987,70,,Aggregated,8.800000,0.000000,32,37,46,57,87,130,200,270,450,520,520,3938,0,32,47.4513869332012,15.518014999543084,519.7386820000247,293.7805992889792
1693952988,75,,Aggregated,7.800000,0.000000,32,37,46,58,89,130,220,280,690,730,730,3949,0,32,48.78879886121689,15.518014999543084,734.2611509993731,293.78095720435556
1693952989,75,,Aggregated,7.800000,0.000000,32,37,46,58,90,140,230,290,700,780,780,3959,0,32,49.431558603925716,15.518014999543084,778.878552999231,293.7812578934074
1693952990,75,,Aggregated,8.200000,0.000000,32,38,46,58,90,130,230,290,700,780,780,3972,0,32,49.44439912964214,15.518014999543084,778.878552999231,293.7817220543807
1693952991,75,,Aggregated,8.900000,0.000000,32,38,46,58,91,130,230,290,700,780,780,3982,0,32,49.48020090129147,15.518014999543084,778.878552999231,293.7820190858865
1693952992,75,,Aggregated,9.300000,0.000000,32,38,46,58,91,130,230,290,700,780,780,3989,0,32,49.44581610828283,15.518014999543084,778.878552999231,293.78240160441214
1693952993,75,,Aggregated,9.300000,0.000000,32,38,46,58,90,130,230,290,700,780,780,4000,0,32,49.40326930048468,15.518014999543084,778.878552999231,293.7825
1693952994,75,,Aggregated,9.500000,0.000000,32,38,46,58,91,130,230,290,690,780,780,4015,0,32,49.422577917545574,15.518014999543084,778.878552999231,293.7823163138232
1693952995,75,,Aggregated,10.000000,0.000000,32,38,47,58,91,140,230,290,690,780,780,4025,0,32,49.55710788719195,15.518014999543084,778.878552999231,293.7818633540373
1693952996,75,,Aggregated,10.400000,0.000000,32,38,47,58,91,140,230,290,690,780,780,4032,0,32,49.555726094480534,15.518014999543084,778.878552999231,293.78224206349205
1693952997,75,,Aggregated,10.800000,0.000000,32,38,47,59,91,140,230,290,690,780,780,4038,0,32,49.549815281561514,15.518014999543084,778.878552999231,293.7820703318474
1693952998,75,,Aggregated,10.300000,0.000000,32,38,47,59,91,140,230,290,690,780,780,4047,0,32,49.60756283838546,15.518014999543084,778.878552999231,293.78181368915244
1693952999,75,,Aggregated,9.800000,0.000000,32,38,47,59,92,140,230,290,690,780,780,4062,0,32,49.86605964376019,15.518014999543084,778.878552999231,293.7826193993107
1693953000,75,,Aggregated,10.000000,0.000000,32,38,47,59,92,140,230,290,690,780,780,4068,0,32,49.83688584020487,15.518014999543084,778.878552999231,293.78220255653883
1693953001,75,,Aggregated,9.700000,0.000000,32,38,47,59,92,140,230,290,690,780,780,4079,0,32,49.77639471707803,15.518014999543084,778.878552999231,293.78254474135815
1693953002,75,,Aggregated,9.400000,0.000000,32,38,47,59,92,140,230,290,690,780,780,4084,0,32,49.77253915474187,15.518014999543084,778.878552999231,293.7825661116552
1693953003,75,,Aggregated,9.800000,0.000000,32,38,47,59,92,140,230,290,690,780,780,4093,0,32,49.79305108330436,15.518014999543084,778.878552999231,293.7810896652822
1693953004,75,,Aggregated,9.500000,0.000000,32,38,47,59,92,140,230,290,690,780,780,4098,0,32,49.75912853610633,15.518014999543084,778.878552999231,293.7811127379209
1693953005,75,,Aggregated,9.000000,0.000000,32,38,47,59,92,140,230,290,690,780,780,4103,0,32,49.76416117133003,15.518014999543084,778.878552999231,293.7806483061175
1693953006,75,,Aggregated,8.200000,0.000000,32,38,47,59,92,140,230,290,690,780,780,4112,0,32,49.821206395662514,15.518014999543084,778.878552999231,293.78039883268485
1693953007,75,,Aggregated,7.800000,0.000000,32,38,48,59,93,140,230,290,690,780,780,4127,0,32,50.16749750956387,15.518014999543084,778.878552999231,293.7799854615944
1693953008,75,,Aggregated,8.100000,0.000000,32,38,48,59,93,140,230,290,690,780,780,4141,0,32,50.15880706277976,15.518014999543084,778.878552999231,293.780487804878
1693953009,75,,Aggregated,8.400000,0.000000,32,38,48,59,93,140,230,290,690,780,780,4148,0,32,50.15204405037766,15.518014999543084,778.878552999231,293.7801350048216
1693953010,75,,Aggregated,9.100000,0.000000,32,38,48,59,93,140,230,290,690,780,780,4158,0,32,50.128076472333035,15.518014999543084,778.878552999231,293.78018278018277
1693953011,75,,Aggregated,8.700000,0.000000,32,38,48,59,93,140,230,290,690,780,780,4165,0,32,50.091769868176904,15.518014999543084,778.878552999231,293.78055222088835
1693953012,75,,Aggregated,8.800000,0.000000,32,38,48,59,93,140,230,290,690,780,780,4172,0,32,50.102485176643015,15.518014999543084,778.878552999231,293.7806807286673
1693953013,75,,Aggregated,8.600000,0.000000,32,38,48,59,93,140,230,290,690,780,780,4183,0,32,50.048314217057786,15.518014999543084,778.878552999231,293.78077934496775
1693953014,75,,Aggregated,8.500000,0.000000,32,38,48,59,93,140,230,290,690,780,780,4190,0,32,50.02912297660001,15.518014999543084,778.878552999231,293.7806682577566
1693953015,75,,Aggregated,8.900000,0.000000,32,38,48,59,93,140,230,290,690,780,780,4204,0,32,50.03370759846607,15.518014999543084,778.878552999231,293.7813986679353
1693953016,75,,Aggregated,9.300000,0.000000,32,38,48,59,93,140,230,290,690,780,780,4214,0,32,50.05684740198245,15.518014999543084,778.878552999231,293.781205505458
1693953017,75,,Aggregated,9.700000,0.000000,32,38,48,59,93,140,230,290,690,780,780,4220,0,32,50.033930079847934,15.518014999543084,778.878552999231,293.78104265402845
1693953018,75,,Aggregated,9.600000,0.000000,32,38,48,59,93,140,230,290,690,780,780,4230,0,32,50.09896266689039,15.518014999543084,778.878552999231,293.7806146572104
1693953019,75,,Aggregated,9.600000,0.000000,32,38,48,59,93,140,230,290,690,780,780,4238,0,32,50.06970427228529,15.518014999543084,778.878552999231,293.78032090608775
1693953020,75,,Aggregated,8.800000,0.000000,32,38,48,59,93,140,230,290,690,780,780,4244,0,32,50.079876675529434,15.518014999543084,778.878552999231,293.7803958529689
1693953021,75,,Aggregated,9.000000,0.000000,32,38,48,59,93,140,230,290,690,780,780,4251,0,32,50.08138966430101,15.518014999543084,778.878552999231,293.78075746883087
1693953022,75,,Aggregated,8.600000,0.000000,32,38,48,59,93,140,230,290,690,780,780,4259,0,32,50.04503693635599,15.518014999543084,778.878552999231,293.78046489786334
1693953023,75,,Aggregated,8.700000,0.000000,32,38,48,59,93,140,230,290,690,780,780,4268,0,32,50.03381828958242,15.518014999543084,778.878552999231,293.78045923149017
1693953024,75,,Aggregated,8.500000,0.000000,32,38,48,59,93,140,230,290,690,780,780,4282,0,32,50.00878404762461,15.518014999543084,778.878552999231,293.7802428771602
1693953025,75,,Aggregated,8.400000,0.000000,32,38,48,59,92,140,230,290,690,780,780,4298,0,32,49.97268827615947,15.518014999543084,778.878552999231,293.7805956258725
1693953026,75,,Aggregated,8.700000,0.000000,32,38,48,59,92,140,230,290,690,780,780,4309,0,32,49.97238237617209,15.518014999543084,778.878552999231,293.78092364817826
1693953027,75,,Aggregated,8.700000,0.000000,32,38,48,60,94,140,230,290,690,780,780,4322,0,32,50.25699407008859,15.518014999543084,778.878552999231,293.7815826006478
1693953028,75,,Aggregated,9.400000,0.000000,32,38,48,60,94,140,230,290,690,780,780,4329,0,32,50.27450534740582,15.518014999543084,778.878552999231,293.7819357819358
1693953029,75,,Aggregated,9.900000,0.000000,32,38,48,60,94,140,230,290,690,780,780,4336,0,32,50.24251822115609,15.518014999543084,778.878552999231,293.78182656826567
1693953030,75,,Aggregated,10.000000,0.000000,32,38,48,59,94,140,230,290,690,780,780,4347,0,32,50.21335500205654,15.518014999543084,778.878552999231,293.78168852081893
1693953031,75,,Aggregated,9.900000,0.000000,32,38,48,59,93,140,230,290,690,780,780,4356,0,32,50.18902309135417,15.518014999543084,778.878552999231,293.78191000918275
1693953032,75,,Aggregated,10.100000,0.000000,32,38,48,59,93,140,230,290,690,780,780,4366,0,32,50.16183961198968,15.518014999543084,778.878552999231,293.78172240036645
1693953033,75,,Aggregated,10.100000,0.000000,32,38,48,59,93,140,230,290,690,780,780,4376,0,32,50.11363385647683,15.518014999543084,778.878552999231,293.7813071297989
1693953034,75,,Aggregated,10.600000,0.000000,32,38,48,59,93,140,230,290,690,780,780,4384,0,32,50.0858887258082,15.518014999543084,778.878552999231,293.7817062043796
1693953035,75,,Aggregated,10.800000,0.000000,32,38,48,59,93,140,230,290,690,780,780,4395,0,32,50.0507878361627,15.518014999543084,778.878552999231,293.7815699658703
1693953036,75,,Aggregated,10.300000,0.000000,32,38,48,59,93,140,230,290,690,780,780,4399,0,32,50.04393387904939,15.518014999543084,778.878552999231,293.78154125937715
1693953037,75,,Aggregated,10.200000,0.000000,32,38,48,59,93,140,230,290,690,780,780,4407,0,32,50.14903610935934,15.518014999543084,778.878552999231,293.78148400272295
1693953038,75,,Aggregated,9.700000,0.000000,32,38,48,59,93,140,230,290,690,780,780,4426,0,32,50.148376897412994,15.518014999543084,778.878552999231,293.78219611387254
1693953039,75,,Aggregated,9.000000,0.000000,32,38,48,60,93,140,230,290,690,780,780,4438,0,32,50.135873622339645,15.518014999543084,778.878552999231,293.7827850383055
1693953040,75,,Aggregated,8.700000,0.000000,32,38,49,60,93,140,230,290,690,780,780,4444,0,32,50.136288422354475,15.518014999543084,778.878552999231,293.7826282628263
1693953041,75,,Aggregated,9.600000,0.000000,32,38,48,60,93,140,230,290,690,780,780,4450,0,32,50.10705960695314,15.518014999543084,778.878552999231,293.7826966292135
1693953042,75,,Aggregated,10.000000,0.000000,32,38,49,60,93,140,230,290,690,780,780,4461,0,32,50.186224466025685,15.518014999543084,778.878552999231,293.78300829410443
1693953043,75,,Aggregated,9.400000,0.000000,32,38,49,60,93,140,230,290,690,780,780,4469,0,32,50.16872414588126,15.518014999543084,778.878552999231,293.78272544193334
1693953044,75,,Aggregated,9.400000,0.000000,32,38,49,60,93,140,230,290,690,780,780,4477,0,32,50.148773805883515,15.518014999543084,778.878552999231,293.78266696448514
1693953045,75,,Aggregated,9.100000,0.000000,32,38,49,60,93,140,230,290,690,780,780,4483,0,32,50.12969173788684,15.518014999543084,778.878552999231,293.7829578407316
1693953046,75,,Aggregated,9.100000,0.000000,32,38,48,60,93,140,230,290,690,780,780,4492,0,32,50.091878324787906,15.518014999543084,778.878552999231,293.7831700801425
1693953047,80,,Aggregated,9.000000,0.000000,32,38,49,60,94,140,240,310,690,780,780,4508,0,32,51.099195380199546,15.518014999543084,778.878552999231,293.78371783496004
1693953048,80,,Aggregated,8.700000,0.000000,32,38,49,60,94,140,240,310,690,780,780,4514,0,32,51.07441170069508,15.518014999543084,778.878552999231,293.7840053167922
1693953049,80,,Aggregated,8.700000,0.000000,32,38,49,60,94,140,240,310,690,780,780,4527,0,32,51.029637583596575,15.518014999543084,778.878552999231,293.78396288933067
1693953050,80,,Aggregated,9.800000,0.000000,32,38,49,60,95,140,250,320,690,780,780,4543,0,32,51.66130014658615,15.518014999543084,778.878552999231,293.7836231565045
1693953051,80,,Aggregated,8.800000,0.000000,32,38,49,60,95,140,250,320,690,780,780,4552,0,32,51.67476830600684,15.518014999543084,778.878552999231,293.783611599297
1693953052,80,,Aggregated,8.900000,0.000000,32,38,49,60,95,140,250,320,690,780,780,4565,0,32,51.630840500974045,15.518014999543084,778.878552999231,293.7831325301205
1693953053,80,,Aggregated,10.000000,0.000000,32,38,49,60,95,140,250,320,690,780,780,4574,0,32,51.62000437733874,15.518014999543084,778.878552999231,293.78312199387847
1693953054,80,,Aggregated,9.900000,0.000000,32,38,49,60,95,140,250,320,690,780,780,4581,0,32,51.59328984238239,15.518014999543084,778.878552999231,293.78279851560796
1693953056,80,,Aggregated,10.400000,0.000000,32,38,49,60,94,140,250,320,690,780,780,4594,0,32,51.56521769938113,15.518014999543084,778.878552999231,293.7816717457553
1693953057,80,,Aggregated,10.400000,0.000000,32,38,49,60,94,140,250,320,690,780,780,4599,0,32,51.55159895541659,15.518014999543084,778.878552999231,293.7816916721026
1693953058,80,,Aggregated,11.000000,0.000000,32,38,49,60,94,140,250,320,690,780,780,4611,0,32,51.539671928856535,15.518014999543084,778.878552999231,293.78139232270655
1693953059,80,,Aggregated,11.000000,0.000000,32,38,49,60,94,140,250,320,690,780,780,4618,0,32,51.520715525542485,15.518014999543084,778.878552999231,293.78172368990903
1693953060,80,,Aggregated,10.700000,0.000000,32,38,49,60,94,140,250,320,690,780,780,4624,0,32,51.519432691382235,15.518014999543084,778.878552999231,293.7815743944637
1693953061,80,,Aggregated,10.100000,0.000000,32,38,50,60,94,140,250,320,690,780,780,4637,0,32,51.55092069095433,15.518014999543084,778.878552999231,293.7819711020056
1693953062,80,,Aggregated,10.200000,0.000000,32,38,50,61,95,140,250,320,690,780,780,4654,0,32,51.72562273269256,15.518014999543084,778.878552999231,293.78212290502796
1693953063,80,,Aggregated,9.300000,0.000000,32,38,50,61,95,140,250,320,690,780,780,4662,0,32,51.75362842684579,15.518014999543084,778.878552999231,293.78206778206777
1693953064,80,,Aggregated,10.200000,0.000000,32,38,50,61,95,140,250,320,690,780,780,4671,0,32,51.73189070647914,15.518014999543084,778.878552999231,293.78248769000214
1693953065,80,,Aggregated,9.500000,0.000000,32,38,50,61,95,140,250,320,690,780,780,4678,0,32,51.707840696016476,15.518014999543084,778.878552999231,293.7821718683198
1693953066,80,,Aggregated,9.500000,0.000000,32,38,50,61,95,140,250,320,690,780,780,4688,0,32,51.66456879500163,15.518014999543084,778.878552999231,293.78199658703073
1693953067,80,,Aggregated,9.600000,0.000000,32,38,50,61,95,140,250,320,690,780,780,4700,0,32,51.609143183822525,15.518014999543084,778.878552999231,293.7821276595745
1693953068,80,,Aggregated,9.300000,0.000000,32,38,50,61,95,140,250,320,690,780,780,4706,0,32,51.62308962196464,15.518014999543084,778.878552999231,293.78198045048873
1693953069,80,,Aggregated,9.300000,0.000000,32,38,50,61,95,140,250,320,690,780,780,4715,0,32,51.63202523117058,15.518014999543084,778.878552999231,293.78218451749734
1693953070,80,,Aggregated,9.400000,0.000000,32,38,50,61,95,140,250,320,690,780,780,4730,0,32,51.64857578392585,15.518014999543084,778.878552999231,293.78202959830867
1693953071,80,,Aggregated,9.700000,0.000000,32,38,50,61,95,140,250,320,690,780,780,4738,0,32,51.6728098435979,15.518014999543084,778.878552999231,293.78155339805824
1693953072,80,,Aggregated,10.200000,0.000000,32,38,50,61,95,140,250,320,690,780,780,4749,0,32,51.6413590138886,15.518014999543084,778.878552999231,293.7816382396294
1693953073,80,,Aggregated,9.700000,0.000000,32,38,50,61,95,140,250,320,690,780,780,4759,0,32,51.59740017502859,15.518014999543084,778.878552999231,293.7820970792183
1693953074,80,,Aggregated,9.200000,0.000000,32,38,50,61,95,140,250,320,690,780,780,4772,0,32,51.63362925271748,15.518014999543084,778.878552999231,293.7822715842414
1693953075,80,,Aggregated,9.700000,0.000000,32,38,50,61,95,140,250,320,690,780,780,4783,0,32,51.60413653710408,15.518014999543084,778.878552999231,293.78256324482544
1693953076,80,,Aggregated,9.800000,0.000000,32,38,50,61,95,140,250,320,690,780,780,4795,0,32,51.546686471525966,15.518014999543084,778.878552999231,293.78248175182483
1693953077,80,,Aggregated,10.400000,0.000000,32,38,50,61,95,140,240,320,690,780,780,4804,0,32,51.49533231868676,15.518014999543084,778.878552999231,293.78226477935056
1693953078,80,,Aggregated,10.600000,0.000000,32,38,50,61,94,140,240,320,690,780,780,4813,0,32,51.46727168272759,15.518014999543084,778.878552999231,293.78204861832535
1693953079,80,,Aggregated,10.300000,0.000000,32,38,50,61,95,140,240,320,690,780,780,4827,0,32,51.51539357364011,15.518014999543084,778.878552999231,293.7820592500518
1693953080,80,,Aggregated,10.800000,0.000000,32,38,50,61,95,140,250,320,690,780,780,4836,0,32,51.63068813378041,15.518014999543084,778.878552999231,293.78184449958644
1693953081,80,,Aggregated,10.700000,0.000000,32,38,50,61,95,140,250,320,690,780,780,4846,0,32,51.58967604724681,15.518014999543084,778.878552999231,293.7818819645068
1693953082,80,,Aggregated,10.900000,0.000000,32,38,50,61,95,140,240,320,690,780,780,4857,0,32,51.54302333456077,15.518014999543084,778.878552999231,293.7817582870084
1693953083,80,,Aggregated,10.700000,0.000000,32,38,50,61,95,140,240,320,690,780,780,4864,0,32,51.51422791302788,15.518014999543084,778.878552999231,293.7818667763158
1693953084,80,,Aggregated,10.800000,0.000000,32,38,50,61,95,140,240,320,690,780,780,4872,0,32,51.478961042480755,15.518014999543084,778.878552999231,293.7818144499179
1693953085,80,,Aggregated,10.400000,0.000000,32,38,50,61,95,140,240,320,690,780,780,4881,0,32,51.45640317741464,15.518014999543084,778.878552999231,293.7818070067609
1693953086,80,,Aggregated,10.300000,0.000000,32,38,50,61,95,140,240,320,690,780,780,4889,0,32,51.42145120616751,15.518014999543084,778.878552999231,293.78195950092044
1693953087,80,,Aggregated,9.800000,0.000000,32,38,50,61,95,140,240,320,690,780,780,4900,0,32,51.502311506317675,15.518014999543084,778.878552999231,293.7820408163265
1693953088,80,,Aggregated,9.200000,0.000000,32,38,51,61,95,140,240,310,690,780,780,4909,0,32,51.52160957770584,15.518014999543084,778.878552999231,293.78244041556326
1693953089,80,,Aggregated,9.500000,0.000000,32,38,51,61,95,140,240,310,690,780,780,4918,0,32,51.55225798453772,15.518014999543084,778.878552999231,293.7824318828792
1693953090,80,,Aggregated,9.600000,0.000000,32,38,51,61,95,140,240,310,690,780,780,4932,0,32,51.58987438137632,15.518014999543084,778.878552999231,293.7816301703163
1693953091,80,,Aggregated,9.300000,0.000000,32,38,51,61,95,140,240,310,690,780,780,4937,0,32,51.59741909113838,15.518014999543084,778.878552999231,293.78164877455947
1693953092,80,,Aggregated,8.900000,0.000000,32,38,51,61,95,140,240,310,690,780,780,4950,0,32,51.53978654928388,15.518014999543084,778.878552999231,293.7818181818182
1693953093,80,,Aggregated,9.400000,0.000000,32,38,51,61,95,140,240,310,690,780,780,4961,0,32,51.52668113061168,15.518014999543084,778.878552999231,293.7821003829873
1693953094,80,,Aggregated,8.900000,0.000000,32,38,51,61,95,140,240,310,690,780,780,4966,0,32,51.503967105509474,15.518014999543084,778.878552999231,293.7823197744664
1693953095,80,,Aggregated,9.500000,0.000000,32,38,51,61,95,140,240,310,690,780,780,4980,0,32,51.564032159428855,15.518014999543084,778.878552999231,293.7825301204819
1693953096,80,,Aggregated,9.400000,0.000000,32,38,51,61,95,140,240,310,690,780,780,4993,0,32,51.58614465550892,15.518014999543084,778.878552999231,293.7822952132986
1693953097,80,,Aggregated,9.600000,0.000000,32,38,51,62,95,140,240,310,640,780,780,5004,0,32,51.5866544042659,15.518014999543084,778.878552999231,293.78237410071944
1693953098,80,,Aggregated,10.100000,0.000000,32,38,51,61,95,140,240,310,640,780,780,5015,0,32,51.531577114843984,15.518014999543084,778.878552999231,293.7826520438684
1693953099,80,,Aggregated,10.300000,0.000000,32,38,51,62,96,140,240,310,640,780,780,5027,0,32,51.58516821522528,15.518014999543084,778.878552999231,293.7821762482594
1693953100,80,,Aggregated,10.200000,0.000000,32,38,51,61,96,140,240,310,640,780,780,5040,0,32,51.53789294820363,15.518014999543084,778.878552999231,293.78234126984125
1693953101,80,,Aggregated,10.400000,0.000000,32,38,51,61,96,140,240,310,640,780,780,5047,0,32,51.53153115612058,15.518014999543084,778.878552999231,293.7824450168417
1693953102,80,,Aggregated,10.800000,0.000000,32,38,51,61,95,140,240,310,640,780,780,5058,0,32,51.504973455897364,15.518014999543084,778.878552999231,293.7827204428628
1693953103,80,,Aggregated,10.900000,0.000000,32,38,51,61,95,140,240,310,640,780,780,5063,0,32,51.485410751910855,15.518014999543084,778.878552999231,293.78293501876357
1693953104,80,,Aggregated,10.600000,0.000000,32,38,51,62,96,140,240,310,640,780,780,5074,0,32,51.52653600846029,15.518014999543084,778.878552999231,293.7830114308238
1693953105,80,,Aggregated,10.500000,0.000000,32,38,51,62,96,140,240,310,640,780,780,5088,0,32,51.488690595309116,15.518014999543084,778.878552999231,293.78341194968556
1693953106,80,,Aggregated,10.100000,0.000000,32,38,51,61,95,140,240,310,640,780,780,5095,0,32,51.462666951115196,15.518014999543084,778.878552999231,293.78351324828265
1693953107,85,,Aggregated,10.500000,0.000000,32,38,51,62,97,140,250,320,640,780,780,5108,0,32,51.902417464942516,15.518014999543084,778.878552999231,293.783476898982
1693953108,85,,Aggregated,10.400000,0.000000,32,38,51,62,97,140,250,320,640,780,780,5116,0,32,51.87146151913999,15.518014999543084,778.878552999231,293.78264268960123
1693953109,85,,Aggregated,10.000000,0.000000,33,38,51,62,97,140,250,320,640,780,780,5125,0,33,52.027563920180015,15.518014999543084,778.878552999231,293.7828292682927
1693953110,85,,Aggregated,10.200000,0.000000,32,38,51,62,97,140,250,320,640,780,780,5138,0,32,51.99252145950306,15.518014999543084,778.878552999231,293.78279486181395
1693953111,85,,Aggregated,9.700000,0.000000,32,38,51,62,97,140,250,320,640,780,780,5148,0,32,51.97294967850167,15.518014999543084,778.878552999231,293.7828282828283
1693953112,85,,Aggregated,9.600000,0.000000,32,38,51,62,97,140,250,320,640,780,780,5161,0,32,51.95009652236508,15.518014999543084,778.878552999231,293.78240651036623
1693953113,85,,Aggregated,9.600000,0.000000,32,38,51,62,97,140,250,320,640,780,780,5175,0,32,51.92792726182012,15.518014999543084,778.878552999231,293.7826086956522
1693953114,85,,Aggregated,10.400000,0.000000,32,38,51,62,97,140,250,320,640,780,780,5190,0,32,51.905369826188306,15.518014999543084,778.878552999231,293.7830443159923
1693953115,85,,Aggregated,10.300000,0.000000,33,38,51,62,97,140,250,320,640,780,780,5202,0,33,51.90457668337538,15.518014999543084,778.878552999231,293.78335255670896
1693953116,85,,Aggregated,11.500000,0.000000,33,38,51,62,97,140,250,320,640,780,780,5212,0,32,51.89527302550204,15.518014999543084,778.878552999231,293.7837682271681
1693953117,85,,Aggregated,11.500000,0.000000,33,38,51,62,97,140,250,320,640,780,780,5223,0,33,51.894030341166804,15.518014999543084,778.878552999231,293.78364924372966
1693953118,85,,Aggregated,11.500000,0.000000,33,38,51,62,97,140,250,320,640,780,780,5240,0,33,51.906503501703945,15.518014999543084,778.878552999231,293.78282442748093
1693953119,85,,Aggregated,11.700000,0.000000,33,38,51,62,97,140,250,320,640,780,780,5244,0,33,51.89690401047445,15.518014999543084,778.878552999231,293.7829900839054
1693953120,85,,Aggregated,11.500000,0.000000,33,38,51,62,97,140,240,320,640,780,780,5253,0,33,51.897302539106605,15.518014999543084,778.878552999231,293.7826004188083
1693953121,85,,Aggregated,12.400000,0.000000,32,38,51,62,97,140,240,320,640,780,780,5261,0,32,51.861604476701395,15.518014999543084,778.878552999231,293.7819806120509
1693953122,85,,Aggregated,11.700000,0.000000,33,38,51,62,97,140,240,320,640,780,780,5272,0,32,51.843481292285084,15.518014999543084,778.878552999231,293.7818664643399
1693953123,85,,Aggregated,11.400000,0.000000,32,38,51,62,97,140,240,320,640,780,780,5287,0,32,51.80388502816673,15.518014999543084,778.878552999231,293.7819179118593
1693953124,85,,Aggregated,10.900000,0.000000,32,38,51,62,97,140,240,320,640,780,780,5297,0,32,51.76325638661857,15.518014999543084,778.878552999231,293.7821408344346
1693953125,85,,Aggregated,11.000000,0.000000,33,38,51,62,97,140,240,310,640,780,780,5307,0,33,51.82057681249728,15.518014999543084,778.878552999231,293.7817976257773
1693953126,85,,Aggregated,11.100000,0.000000,33,38,51,62,97,140,250,310,640,780,780,5319,0,33,51.92320444330267,15.518014999543084,778.878552999231,293.7815378830607
1693953127,85,,Aggregated,10.300000,0.000000,33,38,52,62,97,140,250,310,640,780,780,5334,0,33,51.940069140217645,15.518014999543084,778.878552999231,293.7814023247094
1693953128,85,,Aggregated,10.300000,0.000000,33,38,52,62,97,140,240,310,640,780,780,5351,0,33,51.92890844158434,15.518014999543084,778.878552999231,293.78153616146517
1693953129,85,,Aggregated,10.500000,0.000000,33,38,52,62,97,140,240,310,640,780,780,5360,0,33,51.90895755035797,15.518014999543084,778.878552999231,293.78171641791045
1693953130,85,,Aggregated,11.000000,0.000000,33,38,52,62,97,140,240,310,640,780,780,5374,0,33,51.959469588373615,15.518014999543084,778.878552999231,293.781168589505
1693953131,85,,Aggregated,11.100000,0.000000,33,38,52,62,97,140,240,310,640,780,780,5387,0,33,51.945464377746646,15.518014999543084,778.878552999231,293.7815110451086
1693953132,85,,Aggregated,11.500000,0.000000,33,38,52,62,97,140,240,310,640,780,780,5396,0,33,51.91861066307033,15.518014999543084,778.878552999231,293.781504818384
1693953133,85,,Aggregated,12.000000,0.000000,33,38,52,62,97,140,240,310,640,780,780,5408,0,33,51.88206564477271,15.518014999543084,778.878552999231,293.7816198224852
1693953135,85,,Aggregated,12.500000,0.000000,33,38,52,62,97,140,240,310,640,780,780,5421,0,33,51.90619579817908,15.518014999543084,778.878552999231,293.78159011252535
1693953136,85,,Aggregated,12.200000,0.000000,33,38,52,62,97,140,240,310,640,780,780,5427,0,33,51.89077228006895,15.518014999543084,778.878552999231,293.78127879122906
1693953137,85,,Aggregated,12.300000,0.000000,33,38,52,62,97,140,240,310,640,780,780,5438,0,33,51.87738375302122,15.518014999543084,778.878552999231,293.7815373299007
1693953138,85,,Aggregated,11.900000,0.000000,33,38,52,62,97,140,240,310,640,780,780,5453,0,33,51.85173753363641,15.518014999543084,778.878552999231,293.78103796075555
1693953139,85,,Aggregated,11.900000,0.000000,33,38,52,62,97,140,240,310,640,780,780,5462,0,33,51.815955912105736,15.518014999543084,778.878552999231,293.78066642255584
1693953140,85,,Aggregated,11.500000,0.000000,33,38,52,62,97,140,240,310,640,780,780,5475,0,33,51.84627061112805,15.518014999543084,778.878552999231,293.78027397260274
1693953141,85,,Aggregated,11.500000,0.000000,33,38,52,62,97,140,240,310,640,780,780,5483,0,33,51.850270278120874,15.518014999543084,778.878552999231,293.780047419296
1693953142,85,,Aggregated,11.300000,0.000000,33,38,52,62,97,140,240,310,640,780,780,5491,0,33,51.82889141903732,15.518014999543084,778.878552999231,293.78018575851394
1693953143,85,,Aggregated,10.900000,0.000000,33,38,52,62,97,140,240,300,640,780,780,5504,0,33,51.80652477814798,15.518014999543084,778.878552999231,293.78052325581393
1693953144,85,,Aggregated,10.900000,0.000000,33,38,52,62,97,140,240,300,640,780,780,5515,0,33,51.79712150714804,15.518014999543084,778.878552999231,293.7800543970988
1693953145,85,,Aggregated,10.100000,0.000000,33,38,52,62,97,140,240,300,640,780,780,5524,0,33,51.7702963529895,15.518014999543084,778.878552999231,293.78023171614774
1693953146,85,,Aggregated,10.700000,0.000000,33,38,52,62,97,140,240,300,640,780,780,5538,0,33,51.77741330027219,15.518014999543084,778.878552999231,293.7802455760202
1693953147,85,,Aggregated,10.300000,0.000000,33,38,52,62,97,140,240,300,640,780,780,5547,0,33,51.894315819344385,15.518014999543084,778.878552999231,293.780602127276
1693953148,85,,Aggregated,10.800000,0.000000,33,38,52,62,97,140,240,300,640,780,780,5555,0,33,51.86713597639927,15.518014999543084,778.878552999231,293.78073807380736
1693953149,85,,Aggregated,10.500000,0.000000,33,38,52,62,97,140,240,300,640,780,780,5566,0,33,51.87856772671575,15.518014999543084,778.878552999231,293.7806324110672
1693953150,85,,Aggregated,10.200000,0.000000,33,38,52,62,98,140,240,300,640,780,780,5584,0,33,51.878635883577346,15.518014999543084,778.878552999231,293.78062320916905
1693953151,85,,Aggregated,10.100000,0.000000,33,38,52,63,98,140,240,300,640,780,780,5602,0,33,51.92078974400094,15.518014999543084,778.878552999231,293.7809710817565
1693953152,85,,Aggregated,10.600000,0.000000,33,38,52,63,97,140,240,300,640,780,780,5615,0,33,51.88691366017645,15.518014999543084,778.878552999231,293.78147818343723
1693953153,85,,Aggregated,11.500000,0.000000,33,38,52,63,97,140,240,300,640,780,780,5623,0,33,51.88889407396362,15.518014999543084,778.878552999231,293.7814333985417
1693953154,85,,Aggregated,12.200000,0.000000,33,39,52,63,97,140,240,300,640,780,780,5636,0,33,51.91235750583782,15.518014999543084,778.878552999231,293.7817601135557
1693953155,85,,Aggregated,11.900000,0.000000,33,39,52,63,97,140,240,300,640,780,780,5646,0,33,51.88735450175318,15.518014999543084,778.878552999231,293.781792419412
1693953156,85,,Aggregated,11.700000,0.000000,33,39,52,63,97,140,240,300,640,780,780,5653,0,33,51.90363690976396,15.518014999543084,778.878552999231,293.7815319299487
1693953157,85,,Aggregated,11.800000,0.000000,33,39,52,63,98,140,240,300,640,780,780,5667,0,33,51.988291394546124,15.518014999543084,778.878552999231,293.78189518263633
1693953158,85,,Aggregated,11.700000,0.000000,33,39,52,63,98,140,240,300,640,780,780,5677,0,33,51.9682347354044,15.518014999543084,778.878552999231,293.78227937290825
1693953159,85,,Aggregated,11.800000,0.000000,33,39,52,63,98,140,240,300,640,780,780,5684,0,33,51.94315223274066,15.518014999543084,778.878552999231,293.7823715693174
1693953160,85,,Aggregated,12.200000,0.000000,33,39,53,63,98,140,240,300,640,780,780,5698,0,33,51.943367663374566,15.518014999543084,778.878552999231,293.7818532818533
1693953161,85,,Aggregated,11.800000,0.000000,33,39,53,63,98,140,240,300,640,780,780,5707,0,33,52.00582368615989,15.518014999543084,778.878552999231,293.7818468547398
1693953162,85,,Aggregated,11.500000,0.000000,33,39,53,63,98,140,240,300,640,780,780,5717,0,33,52.02854125973676,15.518014999543084,778.878552999231,293.7820535245758
1693953163,85,,Aggregated,10.700000,0.000000,33,39,53,63,98,140,240,300,640,780,780,5726,0,33,52.01677601587855,15.518014999543084,778.878552999231,293.78239608801954
1693953164,85,,Aggregated,9.900000,0.000000,33,39,53,63,98,140,240,300,640,780,780,5737,0,33,52.029911504081895,15.518014999543084,778.878552999231,293.78281331706467
1693953165,85,,Aggregated,10.300000,0.000000,33,39,53,63,98,140,240,300,640,780,780,5751,0,33,52.2379351973435,15.518014999543084,778.878552999231,293.7828203790645
1693953166,85,,Aggregated,9.700000,0.000000,33,39,53,63,98,140,240,300,640,780,780,5763,0,33,52.2134538375734,15.518014999543084,778.878552999231,293.7829255596044
1693953167,90,,Aggregated,10.300000,0.000000,33,39,53,64,98,150,240,300,640,780,780,5777,0,33,52.31509179728921,15.518014999543084,778.878552999231,293.782759217587
1693953168,90,,Aggregated,10.500000,0.000000,33,39,53,64,98,150,240,300,640,780,780,5791,0,33,52.336105874795976,15.518014999543084,778.878552999231,293.7829390433431
1693953169,90,,Aggregated,11.200000,0.000000,33,39,53,64,99,150,240,300,640,780,780,5803,0,33,52.55059839254702,15.518014999543084,778.878552999231,293.78287092882994
1693953170,90,,Aggregated,10.900000,0.000000,33,39,53,64,99,150,240,300,640,780,780,5811,0,33,52.51893642401472,15.518014999543084,778.878552999231,293.7828256754431
1693953171,90,,Aggregated,11.500000,0.000000,33,39,53,64,99,150,240,300,640,780,780,5821,0,33,52.50112529598871,15.518014999543084,778.878552999231,293.78233980415735
1693953172,90,,Aggregated,11.500000,0.000000,33,39,53,64,99,150,240,300,640,780,780,5835,0,33,52.48662767779859,15.518014999543084,778.878552999231,293.7823479005998
1693953173,90,,Aggregated,10.700000,0.000000,33,39,53,64,99,150,240,300,640,780,780,5842,0,33,52.47009235038693,15.518014999543084,778.878552999231,293.7824375213968
1693953174,90,,Aggregated,11.600000,0.000000,33,39,53,64,99,150,240,300,640,780,780,5854,0,33,52.46359463921312,15.518014999543084,778.878552999231,293.78271267509393
1693953175,90,,Aggregated,11.200000,0.000000,33,39,54,64,99,150,240,300,640,780,780,5864,0,33,52.47865897441239,15.518014999543084,778.878552999231,293.78257162346523
1693953176,90,,Aggregated,12.000000,0.000000,33,39,54,64,99,150,240,300,640,780,780,5874,0,33,52.4611509611789,15.518014999543084,778.878552999231,293.78277153558054
1693953177,90,,Aggregated,11.400000,0.000000,33,39,54,64,99,150,240,300,640,780,780,5889,0,33,52.47393691797632,15.518014999543084,778.878552999231,293.782815418577
1693953178,90,,Aggregated,11.000000,0.000000,33,39,54,64,99,150,240,300,640,780,780,5904,0,33,52.48902029623408,15.518014999543084,778.878552999231,293.7828590785908
1693953179,90,,Aggregated,11.000000,0.000000,33,39,54,64,99,150,240,300,640,780,780,5915,0,33,52.45558175975777,15.518014999543084,778.878552999231,293.7829247675402
1693953180,90,,Aggregated,11.400000,0.000000,33,39,54,64,99,150,240,300,640,780,780,5927,0,33,52.443984544959164,15.518014999543084,778.878552999231,293.7823519487093
1693953181,90,,Aggregated,11.300000,0.000000,33,39,54,64,99,150,240,300,640,780,780,5936,0,33,52.42998459500893,15.518014999543084,778.878552999231,293.78217654986526
1693953182,90,,Aggregated,11.000000,0.000000,33,39,54,64,99,150,240,300,640,780,780,5946,0,33,52.46938539807681,15.518014999543084,778.878552999231,293.7825428859738
1693953183,90,,Aggregated,12.000000,0.000000,33,39,54,64,99,150,240,300,640,780,780,5957,0,33,52.4657198225564,15.518014999543084,778.878552999231,293.78294443511834
1693953184,90,,Aggregated,11.500000,0.000000,33,39,54,64,99,150,240,300,640,780,780,5969,0,33,52.46287185424295,15.518014999543084,778.878552999231,293.78287820405427
1693953185,90,,Aggregated,11.300000,0.000000,33,39,54,64,99,150,240,300,640,780,780,5979,0,33,52.45663039153415,15.518014999543084,778.878552999231,293.7829068406088
1693953186,90,,Aggregated,11.400000,0.000000,33,39,54,64,99,150,240,300,640,780,780,5995,0,33,52.62259353360872,15.518014999543084,778.878552999231,293.78315262718934
1693953187,90,,Aggregated,11.200000,0.000000,33,39,54,64,99,150,240,300,620,780,780,6004,0,33,52.611785169718054,15.518014999543084,778.878552999231,293.78347768154566
1693953188,90,,Aggregated,11.500000,0.000000,33,39,54,64,99,150,240,300,620,780,780,6015,0,33,52.61669148445347,15.518014999543084,778.878552999231,293.7833748960931
1693953189,90,,Aggregated,11.500000,0.000000,33,39,54,64,99,150,240,300,620,780,780,6027,0,33,52.603603569435585,15.518014999543084,778.878552999231,293.78330844532934
1693953190,90,,Aggregated,10.800000,0.000000,33,39,54,65,99,150,240,300,620,780,780,6040,0,33,52.65654875446858,15.518014999543084,778.878552999231,293.7836092715232
1693953191,90,,Aggregated,10.900000,0.000000,33,39,54,64,99,150,240,300,620,780,780,6056,0,33,52.644452383585815,15.518014999543084,778.878552999231,293.78401585204756
1693953192,90,,Aggregated,11.300000,0.000000,33,39,54,64,99,150,240,300,620,780,780,6068,0,33,52.626630578278416,15.518014999543084,778.878552999231,293.7837837837838
1693953193,90,,Aggregated,11.000000,0.000000,33,39,54,65,99,150,240,300,620,780,780,6075,0,33,52.64648566106892,15.518014999543084,778.878552999231,293.7840329218107
1693953194,90,,Aggregated,12.100000,0.000000,33,39,54,64,99,150,240,300,620,780,780,6082,0,33,52.620390811574545,15.518014999543084,778.878552999231,293.78395264715556
1693953195,90,,Aggregated,12.100000,0.000000,33,39,54,64,99,150,240,300,620,780,780,6096,0,33,52.5958147645981,15.518014999543084,778.878552999231,293.78412073490813
1693953196,90,,Aggregated,11.400000,0.000000,33,39,54,65,99,150,240,300,620,780,780,6105,0,33,52.59737566732115,15.518014999543084,778.878552999231,293.7841113841114
1693953197,90,,Aggregated,11.300000,0.000000,33,39,54,65,99,150,240,300,620,780,780,6121,0,33,52.57454305096939,15.518014999543084,778.878552999231,293.7836954745957
1693953198,90,,Aggregated,11.500000,0.000000,33,39,54,64,99,150,240,300,620,780,780,6133,0,33,52.53796607695725,15.518014999543084,778.878552999231,293.7839556497636
1693953199,90,,Aggregated,10.900000,0.000000,33,39,54,65,99,150,240,300,620,780,780,6148,0,33,52.54349698600845,15.518014999543084,778.878552999231,293.7836694860117
1693953200,90,,Aggregated,11.600000,0.000000,33,39,54,65,99,150,240,300,620,780,780,6159,0,33,52.531065089295716,15.518014999543084,778.878552999231,293.78356876116254
1693953201,90,,Aggregated,11.600000,0.000000,33,39,54,65,99,150,240,300,620,780,780,6170,0,33,52.53447501458161,15.518014999543084,778.878552999231,293.7839546191248
1693953202,90,,Aggregated,11.600000,0.000000,33,39,54,65,99,150,240,300,620,780,780,6185,0,33,52.6501830130913,15.518014999543084,778.878552999231,293.7839935327405
1693953203,90,,Aggregated,11.700000,0.000000,33,39,54,65,99,150,240,300,620,780,780,6195,0,33,52.63258759757371,15.518014999543084,778.878552999231,293.78401937046004
1693953204,90,,Aggregated,10.900000,0.000000,33,39,54,65,99,150,240,300,620,780,780,6202,0,33,52.607253936790144,15.518014999543084,778.878552999231,293.78394066430184
1693953205,90,,Aggregated,11.500000,0.000000,33,39,54,65,99,150,240,300,620,780,780,6216,0,33,52.57897358734885,15.518014999543084,778.878552999231,293.7837837837838
1693953207,90,,Aggregated,11.900000,0.000000,33,39,54,65,99,150,240,300,620,780,780,6226,0,33,52.576942532920015,15.518014999543084,778.878552999231,293.7839704465146
1693953208,90,,Aggregated,11.800000,0.000000,33,39,54,65,99,150,240,300,620,780,780,6234,0,33,52.54541892668582,15.518014999543084,778.878552999231,293.78392685274304
1693953209,90,,Aggregated,11.900000,0.000000,33,39,54,65,99,150,240,300,620,780,780,6242,0,33,52.53483766660647,15.518014999543084,778.878552999231,293.78420378083945
1693953210,90,,Aggregated,11.100000,0.000000,33,39,54,65,99,150,240,300,620,780,780,6257,0,33,52.52494224388125,15.518014999543084,778.878552999231,293.7844014703532
1693953211,90,,Aggregated,10.800000,0.000000,33,39,54,65,99,150,240,300,620,780,780,6268,0,33,52.58577195181354,15.518014999543084,778.878552999231,293.78430121250796
1693953212,90,,Aggregated,10.800000,0.000000,33,39,55,65,99,150,240,310,620,780,780,6282,0,33,52.92291888999801,15.518014999543084,778.878552999231,293.78414517669535
1693953213,90,,Aggregated,10.800000,0.000000,33,39,54,65,99,150,240,310,620,780,780,6290,0,33,52.907494557865036,15.518014999543084,778.878552999231,293.78410174880764
1693953214,90,,Aggregated,10.900000,0.000000,33,39,54,65,99,150,240,310,620,780,780,6299,0,33,52.88457268486616,15.518014999543084,778.878552999231,293.78425146848707
1693953215,90,,Aggregated,10.500000,0.000000,33,39,54,65,99,150,240,310,620,780,780,6312,0,33,52.88200248447176,15.518014999543084,778.878552999231,293.78453738910014
1693953216,90,,Aggregated,10.200000,0.000000,33,39,54,65,99,150,240,310,620,780,780,6324,0,33,52.84490049098426,15.518014999543084,778.878552999231,293.78478810879193
1693953217,90,,Aggregated,10.800000,0.000000,33,39,54,65,99,150,240,310,620,780,780,6332,0,33,52.8177942670543,15.518014999543084,778.878552999231,293.7845862286797
1693953218,90,,Aggregated,10.500000,0.000000,33,39,55,65,99,150,250,310,620,780,780,6343,0,33,52.99897744379425,15.518014999543084,778.878552999231,293.784644489989
1693953219,90,,Aggregated,10.500000,0.000000,33,39,54,65,99,150,250,310,620,780,780,6349,0,33,52.985258257676605,15.518014999543084,778.878552999231,293.78484800756024
1693953220,90,,Aggregated,10.700000,0.000000,33,39,55,65,99,150,250,310,620,780,780,6363,0,33,53.02791189580294,15.518014999543084,778.878552999231,293.78484991356277
1693953221,90,,Aggregated,10.600000,0.000000,33,39,55,65,99,150,250,310,620,780,780,6383,0,33,52.99750652718079,15.518014999543084,778.878552999231,293.7848973836754
1693953222,90,,Aggregated,10.400000,0.000000,33,39,55,65,99,150,250,310,620,780,780,6390,0,33,52.983095298120965,15.518014999543084,778.878552999231,293.7848200312989
1693953223,90,,Aggregated,11.300000,0.000000,33,39,55,65,99,150,250,300,620,780,780,6404,0,33,52.994768321516545,15.518014999543084,778.878552999231,293.78513429106806
1693953224,90,,Aggregated,10.900000,0.000000,33,39,55,65,99,150,250,300,620,780,780,6414,0,33,52.97838353351862,15.518014999543084,778.878552999231,293.7850015590895
1693953225,90,,Aggregated,11.000000,0.000000,33,39,55,65,99,150,250,300,620,780,780,6423,0,33,52.957651422231585,15.518014999543084,778.878552999231,293.78483574653586
1693953226,90,,Aggregated,11.400000,0.000000,33,39,55,65,99,150,250,300,620,780,780,6436,0,33,52.953374064168955,15.518014999543084,778.878552999231,293.78511497824735
1693953227,90,,Aggregated,11.000000,0.000000,33,39,55,66,99,150,250,300,620,780,780,6445,0,33,52.95284212226439,15.518014999543084,778.878552999231,293.78463925523664
1693953228,95,,Aggregated,11.200000,0.000000,34,40,55,66,100,150,250,340,640,780,780,6459,0,34,53.78615963152184,15.518014999543084,778.878552999231,293.7843319399288
1693953229,95,,Aggregated,11.100000,0.000000,34,40,55,66,100,150,250,340,640,780,780,6471,0,34,53.99228305810655,15.518014999543084,778.878552999231,293.78426827383714
1693953230,95,,Aggregated,11.200000,0.000000,34,40,56,66,100,150,250,340,640,780,780,6483,0,34,54.05245428813967,15.518014999543084,778.878552999231,293.7845133425883
1693953231,95,,Aggregated,11.900000,0.000000,34,40,56,66,100,150,250,340,640,780,780,6494,0,34,54.05798639267169,15.518014999543084,778.878552999231,293.7844163843548
1693953232,95,,Aggregated,11.900000,0.000000,34,40,56,66,100,150,250,340,640,780,780,6510,0,34,54.02315298817342,15.518014999543084,778.878552999231,293.78433179723504
1693953233,95,,Aggregated,11.100000,0.000000,34,40,56,66,100,150,250,340,640,780,780,6521,0,34,53.996533094771124,15.518014999543084,778.878552999231,293.78438889740835
1693953234,95,,Aggregated,11.700000,0.000000,34,40,56,66,100,150,250,340,640,780,780,6535,0,34,54.039915056619456,15.518014999543084,778.878552999231,293.7845447589901
1693953235,95,,Aggregated,11.600000,0.000000,34,40,56,66,100,150,250,340,640,780,780,6543,0,34,54.01416439278741,15.518014999543084,778.878552999231,293.78465535686996
1693953236,95,,Aggregated,11.900000,0.000000,34,40,56,66,100,150,250,340,640,780,780,6553,0,34,54.08745287029073,15.518014999543084,778.878552999231,293.78467877308105
1693953237,95,,Aggregated,11.900000,0.000000,34,40,56,67,100,150,250,340,640,780,780,6566,0,34,54.10830808483347,15.518014999543084,778.878552999231,293.78403898872983
1693953238,95,,Aggregated,11.600000,0.000000,34,40,56,67,100,150,250,340,640,780,780,6576,0,34,54.09091064507491,15.518014999543084,778.878552999231,293.78421532846716
1693953239,95,,Aggregated,11.800000,0.000000,34,40,56,67,100,150,250,340,640,780,780,6591,0,34,54.129507091185616,15.518014999543084,778.878552999231,293.7845546957973
1693953240,95,,Aggregated,11.800000,0.000000,34,40,56,67,100,150,250,340,640,780,780,6602,0,34,54.12344622084401,15.518014999543084,778.878552999231,293.78445925477126
1693953241,95,,Aggregated,12.000000,0.000000,34,40,56,67,100,150,250,340,640,780,780,6612,0,34,54.13139798170195,15.518014999543084,778.878552999231,293.7841802782819
1693953242,95,,Aggregated,11.900000,0.000000,34,40,56,67,100,150,250,340,640,780,780,6624,0,34,54.11243936307676,15.518014999543084,778.878552999231,293.78442028985506
1693953243,95,,Aggregated,11.900000,0.000000,34,40,56,67,100,150,250,340,640,780,780,6635,0,34,54.075719745444715,15.518014999543084,778.878552999231,293.78432554634514
1693953244,95,,Aggregated,11.300000,0.000000,34,40,56,67,100,150,250,340,640,780,780,6649,0,34,54.05803654023555,15.518014999543084,778.878552999231,293.7841780718905
1693953245,95,,Aggregated,11.200000,0.000000,34,40,56,67,100,150,250,340,640,780,780,6660,0,34,54.05180893709157,15.518014999543084,778.878552999231,293.7843843843844
1693953246,95,,Aggregated,10.900000,0.000000,34,40,56,67,100,150,250,340,640,780,780,6675,0,34,54.20082175805795,15.518014999543084,778.878552999231,293.78426966292136
1693953247,95,,Aggregated,11.600000,0.000000,34,40,56,67,100,150,250,340,640,780,780,6686,0,34,54.201054254715714,15.518014999543084,778.878552999231,293.7846245886928
1693953248,95,,Aggregated,11.700000,0.000000,34,40,56,67,100,150,250,340,640,780,780,6699,0,34,54.154975216754075,15.518014999543084,778.878552999231,293.78414688759517
1693953249,95,,Aggregated,12.100000,0.000000,34,40,56,67,100,150,250,340,640,780,780,6711,0,34,54.18136249188392,15.518014999543084,778.878552999231,293.78393682014604
1693953250,95,,Aggregated,12.200000,0.000000,34,40,56,67,100,150,250,340,640,780,780,6723,0,34,54.15699969106564,15.518014999543084,778.878552999231,293.78387624572366
1693953251,95,,Aggregated,11.400000,0.000000,34,40,56,67,100,150,250,340,640,780,780,6732,0,34,54.138800809572146,15.518014999543084,778.878552999231,293.7840166369578
1693953252,95,,Aggregated,11.700000,0.000000,34,40,56,67,100,150,250,340,640,780,780,6748,0,34,54.38449137271046,15.518014999543084,778.878552999231,293.7837877889745
1693953253,95,,Aggregated,11.500000,0.000000,34,40,57,67,100,150,250,340,640,780,780,6762,0,34,54.43105712851915,15.518014999543084,778.878552999231,293.7837917775806
1693953254,95,,Aggregated,11.900000,0.000000,34,40,57,67,100,150,250,340,640,780,780,6771,0,34,54.416697001041896,15.518014999543084,778.878552999231,293.78393147245606
1693953255,95,,Aggregated,12.600000,0.000000,34,40,57,67,100,150,250,340,640,780,780,6779,0,34,54.40356767046095,15.518014999543084,778.878552999231,293.78403894379704
1693953256,95,,Aggregated,12.500000,0.000000,34,40,57,67,100,150,250,340,640,780,780,6786,0,34,54.39254638786514,15.518014999543084,778.878552999231,293.7841143530799
1693953257,95,,Aggregated,11.700000,0.000000,34,40,57,67,100,150,250,340,640,780,780,6802,0,34,54.38964984387687,15.518014999543084,778.878552999231,293.78418112319906
1693953258,95,,Aggregated,11.300000,0.000000,34,40,57,68,100,160,250,340,640,780,780,6820,0,34,54.76169807493341,15.518014999543084,778.878552999231,293.7844574780059
1693953259,95,,Aggregated,11.000000,0.000000,34,40,57,68,100,160,250,340,640,780,780,6831,0,34,54.74664111477761,15.518014999543084,778.878552999231,293.784365393061
1693953260,95,,Aggregated,11.400000,0.000000,34,40,57,68,100,160,250,340,640,780,780,6840,0,34,54.75946872646746,15.518014999543084,778.878552999231,293.7843567251462
1693953261,95,,Aggregated,12.100000,0.000000,34,41,57,68,110,160,270,360,640,780,780,6860,0,34,55.52595286225225,15.518014999543084,778.878552999231,293.78440233236154
1693953262,95,,Aggregated,12.000000,0.000000,34,41,57,68,110,160,270,360,640,780,780,6868,0,34,55.547610783350066,15.518014999543084,778.878552999231,293.78436225975537
1693953263,95,,Aggregated,11.800000,0.000000,34,41,57,68,110,160,270,360,640,780,780,6880,0,34,55.613601152041475,15.518014999543084,778.878552999231,293.7845930232558
1693953264,95,,Aggregated,12.600000,0.000000,34,41,57,68,110,160,270,360,640,780,780,6890,0,34,55.69334299666889,15.518014999543084,778.878552999231,293.78388969521046
1693953265,95,,Aggregated,11.700000,0.000000,34,41,57,68,110,160,270,360,640,780,780,6899,0,34,55.70611875258023,15.518014999543084,778.878552999231,293.7837367734454
1693953266,95,,Aggregated,11.700000,0.000000,34,41,57,68,110,160,270,360,640,780,780,6914,0,34,55.70528853457411,15.518014999543084,778.878552999231,293.78377205669653
1693953267,95,,Aggregated,12.200000,0.000000,34,41,57,68,110,160,270,360,640,780,780,6920,0,34,55.692965431942916,15.518014999543084,778.878552999231,293.78381502890176
1693953268,95,,Aggregated,12.700000,0.000000,34,41,58,68,110,160,270,360,640,780,780,6930,0,34,55.72629829033815,15.518014999543084,778.878552999231,293.7834054834055
1693953269,95,,Aggregated,12.300000,0.000000,34,41,58,68,110,160,270,360,640,780,780,6940,0,34,55.70914518343585,15.518014999543084,778.878552999231,293.7829971181556
1693953270,95,,Aggregated,11.400000,0.000000,34,41,58,68,110,160,260,360,640,780,780,6951,0,34,55.71389864451901,15.518014999543084,778.878552999231,293.78319666235075
1693953271,95,,Aggregated,10.900000,0.000000,34,41,58,68,110,160,260,360,640,780,780,6969,0,34,55.66863794490586,15.518014999543084,778.878552999231,293.78318266609267
1693953272,95,,Aggregated,10.500000,0.000000,34,41,58,68,110,160,270,370,640,780,780,6983,0,34,56.110792882866015,15.518014999543084,778.878552999231,293.78361735643705
1693953273,95,,Aggregated,10.900000,0.000000,34,41,58,68,110,160,270,370,640,780,780,6999,0,34,56.11995815388856,15.518014999543084,778.878552999231,293.78396913844836
1693953274,95,,Aggregated,10.600000,0.000000,34,41,58,68,110,160,270,370,620,780,780,7007,0,34,56.117510228496556,15.518014999543084,778.878552999231,293.7840730697874
1693953275,95,,Aggregated,11.300000,0.000000,34,41,58,68,110,160,270,370,620,780,780,7015,0,34,56.09735327912608,15.518014999543084,778.878552999231,293.784034212402
1693953277,95,,Aggregated,11.800000,0.000000,34,41,58,68,110,160,270,370,620,780,780,7026,0,34,56.13932757387874,15.518014999543084,778.878552999231,293.7842300028466
1693953278,95,,Aggregated,11.300000,0.000000,34,41,58,68,110,160,270,370,620,780,780,7037,0,34,56.14017020307893,15.518014999543084,778.878552999231,293.7842830751741
1693953279,95,,Aggregated,11.200000,0.000000,34,41,58,69,110,160,270,370,620,780,780,7048,0,34,56.196718910196964,15.518014999543084,778.878552999231,293.78461975028375
1693953280,95,,Aggregated,11.200000,0.000000,34,41,58,69,110,160,270,370,620,780,780,7061,0,34,56.30487237361061,15.518014999543084,778.878552999231,293.78444979464666
1693953281,95,,Aggregated,11.600000,0.000000,34,41,58,69,110,160,270,370,620,780,780,7072,0,34,56.27344084418373,15.518014999543084,778.878552999231,293.7842194570136
1693953282,95,,Aggregated,12.100000,0.000000,34,41,58,69,110,160,270,370,620,780,780,7084,0,34,56.28870464879498,15.518014999543084,778.878552999231,293.78416149068323
1693953283,95,,Aggregated,11.900000,0.000000,34,41,58,69,110,160,270,370,620,780,780,7094,0,34,56.33741058881687,15.518014999543084,778.878552999231,293.7840428531153
1693953284,95,,Aggregated,11.900000,0.000000,34,42,59,69,110,170,270,370,620,780,780,7107,0,34,56.54293052667211,15.518014999543084,778.878552999231,293.78429717180245
1693953285,95,,Aggregated,10.800000,0.000000,34,42,59,69,110,170,270,370,620,780,780,7115,0,34,56.52225400745817,15.518014999543084,778.878552999231,293.7841180604357
1693953286,95,,Aggregated,10.700000,0.000000,34,42,59,69,110,170,270,370,620,780,780,7125,0,34,56.499379482955696,15.518014999543084,778.878552999231,293.78343859649124
1693953287,95,,Aggregated,10.600000,0.000000,34,42,59,69,110,170,270,370,620,780,780,7136,0,34,56.657295200681475,15.518014999543084,778.878552999231,293.7836322869955
1693953288,100,,Aggregated,10.600000,0.000000,34,42,59,70,110,170,280,380,650,780,780,7156,0,34,57.45580316784067,15.518014999543084,778.878552999231,293.7835382895472
1693953289,100,,Aggregated,10.900000,0.000000,34,42,59,70,110,170,280,380,650,780,780,7164,0,34,57.4234136661186,15.518014999543084,778.878552999231,293.78364042434396
1693953290,100,,Aggregated,11.900000,0.000000,34,42,59,70,110,170,280,380,650,780,780,7172,0,34,57.389825260607175,15.518014999543084,778.878552999231,293.7834634690463
1693953291,100,,Aggregated,11.500000,0.000000,34,42,59,70,110,170,280,380,650,780,780,7186,0,34,57.349677057065826,15.518014999543084,778.878552999231,293.7836070136376
1693953292,100,,Aggregated,11.500000,0.000000,34,42,59,70,110,170,280,380,650,780,780,7201,0,34,57.296566680053985,15.518014999543084,778.878552999231,293.78391890015274
1693953293,100,,Aggregated,11.300000,0.000000,34,42,59,69,110,170,280,380,650,780,780,7221,0,34,57.2351738455977,15.518014999543084,778.878552999231,293.7843788948899
1693953294,100,,Aggregated,11.900000,0.000000,34,42,59,69,110,170,280,380,650,780,780,7229,0,34,57.20270735718102,15.518014999543084,778.878552999231,293.7844791810762
1693953295,100,,Aggregated,12.500000,0.000000,34,42,59,69,110,170,280,380,650,780,780,7238,0,34,57.20473404173307,15.518014999543084,778.878552999231,293.78474716772587
1693953296,100,,Aggregated,11.900000,0.000000,34,42,59,69,110,170,280,380,650,780,780,7253,0,34,57.2122653561374,15.518014999543084,778.878552999231,293.78450296429065
1693953297,100,,Aggregated,12.400000,0.000000,34,42,59,70,110,170,280,380,650,780,780,7266,0,34,57.34247457006145,15.518014999543084,778.878552999231,293.7846132672722
1693953298,100,,Aggregated,12.500000,0.000000,34,42,59,70,110,170,280,380,650,780,780,7281,0,34,57.44171680992553,15.518014999543084,778.878552999231,293.78478231012224
1693953299,100,,Aggregated,12.800000,0.000000,34,42,59,70,110,170,280,380,650,780,780,7297,0,34,57.40976602864899,15.518014999543084,778.878552999231,293.78470604357955
1693953300,100,,Aggregated,12.200000,0.000000,34,42,59,70,110,170,280,380,650,780,780,7312,0,34,57.4786290224362,15.518014999543084,778.878552999231,293.78460065645515
1693953301,100,,Aggregated,12.900000,0.000000,34,42,59,70,110,170,280,380,650,780,780,7322,0,34,57.47678670514396,15.518014999543084,778.878552999231,293.78434853865065
1693953302,100,,Aggregated,13.600000,0.000000,34,42,59,70,110,170,280,380,650,780,780,7337,0,34,57.44911002113427,15.518014999543084,778.878552999231,293.7843805370042
1693953303,100,,Aggregated,13.400000,0.000000,34,42,59,70,110,170,280,380,650,780,780,7347,0,34,57.51779747285345,15.518014999543084,778.878552999231,293.7842656866748
1693953304,100,,Aggregated,13.000000,0.000000,34,42,59,70,110,170,280,380,650,780,780,7359,0,34,57.48518999620308,15.518014999543084,778.878552999231,293.7843456991439
1693953305,100,,Aggregated,12.700000,0.000000,34,42,59,70,110,170,280,380,650,780,780,7372,0,34,57.465288414413735,15.518014999543084,778.878552999231,293.7844546934346
1693953306,100,,Aggregated,12.900000,0.000000,34,42,59,70,110,170,280,380,650,780,780,7380,0,34,57.442331948110855,15.518014999543084,778.878552999231,293.78441734417345
1693953307,100,,Aggregated,13.100000,0.000000,34,42,59,70,110,170,280,380,650,780,780,7395,0,34,57.50216373753422,15.518014999543084,778.878552999231,293.7843137254902
1693953308,100,,Aggregated,12.900000,0.000000,34,42,59,70,110,170,280,380,650,780,780,7403,0,34,57.481659692835116,15.518014999543084,778.878552999231,293.78441172497634
1693953309,100,,Aggregated,12.400000,0.000000,34,42,59,70,110,170,280,380,650,780,780,7419,0,34,57.501068879371545,15.518014999543084,778.878552999231,293.78420272273894
1693953310,100,,Aggregated,12.200000,0.000000,34,42,59,70,110,170,280,380,650,780,780,7431,0,34,57.457511083576044,15.518014999543084,778.878552999231,293.7844166330238
1693953311,100,,Aggregated,12.000000,0.000000,34,42,59,70,110,170,280,380,650,780,780,7437,0,34,57.436398201836006,15.518014999543084,778.878552999231,293.78459056070994
1693953312,100,,Aggregated,11.800000,0.000000,34,42,59,70,110,170,280,380,650,780,780,7450,0,34,57.514063831148455,15.518014999543084,778.878552999231,293.78469798657716
1693953313,100,,Aggregated,11.700000,0.000000,34,42,60,70,110,170,280,380,650,780,780,7465,0,34,57.65206669391091,15.518014999543084,778.878552999231,293.7847287340924
1693953314,100,,Aggregated,11.200000,0.000000,34,42,60,70,110,170,280,380,650,780,780,7480,0,34,57.62409021845539,15.518014999543084,778.878552999231,293.78489304812837
1693953315,100,,Aggregated,11.400000,0.000000,34,42,60,70,110,170,280,380,650,780,780,7492,0,34,57.59144937720981,15.518014999543084,778.878552999231,293.7849706353444
1693953316,100,,Aggregated,11.700000,0.000000,34,43,60,70,110,170,280,380,650,780,780,7504,0,34,57.620669001873246,15.518014999543084,778.878552999231,293.7851812366738
1693953317,100,,Aggregated,11.900000,0.000000,34,43,60,70,110,170,280,380,650,780,780,7516,0,34,57.596014764775774,15.518014999543084,778.878552999231,293.78499201703033
1693953318,100,,Aggregated,11.900000,0.000000,34,43,60,70,110,170,280,380,650,780,780,7524,0,34,57.57879943009792,15.518014999543084,778.878552999231,293.78508771929825
1693953319,100,,Aggregated,12.100000,0.000000,34,43,60,70,110,170,280,380,650,780,780,7540,0,34,57.64803678395943,15.518014999543084,778.878552999231,293.78541114058356
1693953320,100,,Aggregated,12.100000,0.000000,34,43,60,70,110,170,280,380,650,780,780,7553,0,34,57.649158946650516,15.518014999543084,778.878552999231,293.78551568913014
1693953321,100,,Aggregated,12.000000,0.000000,34,43,60,71,110,170,280,380,650,780,780,7567,0,34,57.65262579543465,15.518014999543084,778.878552999231,293.7855160565614
1693953322,100,,Aggregated,12.000000,0.000000,34,43,60,71,110,170,280,380,650,780,780,7582,0,34,57.66758447336605,15.518014999543084,778.878552999231,293.785544711158
1693953323,100,,Aggregated,12.300000,0.000000,34,43,60,71,110,170,280,380,650,780,780,7592,0,34,57.66480393770562,15.518014999543084,778.878552999231,293.7858271865121
1693953324,100,,Aggregated,13.100000,0.000000,34,43,60,71,110,170,280,380,650,780,780,7604,0,34,57.73300991005496,15.518014999543084,778.878552999231,293.78603366649133
1693953325,100,,Aggregated,12.600000,0.000000,34,43,60,71,110,170,280,380,650,780,780,7612,0,34,57.767197624285046,15.518014999543084,778.878552999231,293.7859957961114
1693953326,100,,Aggregated,12.300000,0.000000,34,43,60,71,110,170,280,380,650,780,780,7624,0,34,57.73017070409944,15.518014999543084,778.878552999231,293.7862014690451
1693953327,100,,Aggregated,12.100000,0.000000,34,43,60,71,110,170,280,380,650,780,780,7636,0,34,57.71539534678546,15.518014999543084,778.878552999231,293.7864064955474
1693953328,100,,Aggregated,12.100000,0.000000,34,43,60,71,110,170,280,380,650,780,780,7654,0,34,57.66923956820726,15.518014999543084,778.878552999231,293.78612490201203
1693953329,100,,Aggregated,12.000000,0.000000,34,43,60,71,110,170,280,380,650,780,780,7667,0,34,57.66414132607922,15.518014999543084,778.878552999231,293.7862266857963
1693953330,100,,Aggregated,12.000000,0.000000,34,43,60,71,110,170,280,380,650,780,780,7682,0,34,57.67158293530934,15.518014999543084,778.878552999231,293.78638375423066
1693953331,100,,Aggregated,12.500000,0.000000,34,43,60,71,110,170,280,380,650,780,780,7699,0,34,57.75892407676916,15.518014999543084,778.878552999231,293.78646577477593
1693953332,100,,Aggregated,12.700000,0.000000,34,43,60,71,110,170,280,370,650,780,780,7712,0,34,57.74551980693103,15.518014999543084,778.878552999231,293.7864367219917
1693953333,100,,Aggregated,12.500000,0.000000,34,43,60,71,110,170,280,370,650,780,780,7726,0,34,57.71253651968074,15.518014999543084,778.878552999231,293.78643541289154
1693953334,100,,Aggregated,12.700000,0.000000,34,43,60,71,110,170,280,370,650,780,780,7736,0,34,57.73069011893175,15.518014999543084,778.878552999231,293.78658221303
1693953335,100,,Aggregated,13.100000,0.000000,34,43,60,71,110,170,280,370,650,780,780,7750,0,34,57.70657185845807,15.518014999543084,778.878552999231,293.7868387096774
1693953336,100,,Aggregated,13.100000,0.000000,34,43,60,71,110,170,280,370,650,780,780,7760,0,34,57.680895843562794,15.518014999543084,778.878552999231,293.7865979381443
1693953337,100,,Aggregated,12.900000,0.000000,34,43,60,71,110,170,280,370,650,780,780,7768,0,34,57.66416783870307,15.518014999543084,778.878552999231,293.78668898043253
1693953338,100,,Aggregated,13.500000,0.000000,34,43,60,71,110,170,280,370,650,780,780,7782,0,34,57.67563241031168,15.518014999543084,778.878552999231,293.7868157286045
1693953339,100,,Aggregated,13.300000,0.000000,35,43,60,71,110,170,280,370,650,780,780,7793,0,35,57.666268566796596,15.518014999543084,778.878552999231,293.7862184011292
1693953340,100,,Aggregated,13.100000,0.000000,34,43,60,71,110,170,270,370,650,780,780,7805,0,34,57.633653418712235,15.518014999543084,778.878552999231,293.78616271620757
1693953341,100,,Aggregated,12.800000,0.000000,35,43,60,71,110,170,270,370,650,780,780,7816,0,35,57.65291613652158,15.518014999543084,778.878552999231,293.78595189355167
1693953342,100,,Aggregated,12.400000,0.000000,35,43,60,71,110,170,270,370,650,780,780,7834,0,35,57.63818488959017,15.518014999543084,778.878552999231,293.7860607607863
1693953343,100,,Aggregated,12.300000,0.000000,35,43,60,71,110,170,270,370,650,780,780,7849,0,35,57.66167709772497,15.518014999543084,778.878552999231,293.78646961396356
1693953345,100,,Aggregated,11.700000,0.000000,35,44,60,71,110,170,270,370,650,780,780,7864,0,35,57.64935722622659,15.518014999543084,778.878552999231,293.78687690742623
1693953346,100,,Aggregated,11.900000,0.000000,35,44,60,71,110,170,270,370,650,780,780,7877,0,35,57.711245051166486,15.518014999543084,778.878552999231,293.7868477846896
1693953347,100,,Aggregated,12.700000,0.000000,35,44,60,71,110,170,270,370,650,780,780,7889,0,35,57.76874967626246,15.518014999543084,778.878552999231,293.7869184941057
1693953348,105,,Aggregated,12.500000,0.000000,35,44,61,71,120,170,280,380,700,780,780,7904,0,35,58.56420488942763,15.518014999543084,778.878552999231,293.78719635627533
1693953349,105,,Aggregated,12.500000,0.000000,35,44,61,72,120,170,290,380,700,780,780,7918,0,35,58.677919774948684,15.518014999543084,778.878552999231,293.7873200303107
1693953350,105,,Aggregated,12.500000,0.000000,35,44,61,72,120,170,290,380,700,780,780,7925,0,35,58.65508582612634,15.518014999543084,778.878552999231,293.7868769716088
1693953351,105,,Aggregated,13.400000,0.000000,35,44,61,72,120,170,290,380,700,780,780,7939,0,35,58.61760307243433,15.518014999543084,778.878552999231,293.7868749212747
1693953352,105,,Aggregated,12.900000,0.000000,35,44,61,72,120,170,280,380,700,780,780,7953,0,35,58.64006219075289,15.518014999543084,778.878552999231,293.78687287815916
1693953353,105,,Aggregated,13.100000,0.000000,35,44,61,72,120,170,280,380,700,780,780,7972,0,35,58.63358420397138,15.518014999543084,778.878552999231,293.78700451580534
1693953354,105,,Aggregated,13.100000,0.000000,35,44,61,72,120,170,280,380,700,780,780,7985,0,35,58.63155240388924,15.518014999543084,778.878552999231,293.78685034439576
1693953355,105,,Aggregated,13.600000,0.000000,35,44,61,72,120,170,280,380,700,780,780,7998,0,35,58.60952996949905,15.518014999543084,778.878552999231,293.7866966741685
1693953356,105,,Aggregated,13.600000,0.000000,35,44,61,72,120,170,280,380,690,780,780,8011,0,35,58.61690847110849,15.518014999543084,778.878552999231,293.7859193608788
1693953357,105,,Aggregated,13.200000,0.000000,35,44,61,72,120,170,280,380,690,780,780,8025,0,35,58.62449492262151,15.518014999543084,778.878552999231,293.7860436137072
1693953358,105,,Aggregated,13.200000,0.000000,35,44,61,72,120,170,280,380,690,780,780,8036,0,35,58.65808395757067,15.518014999543084,778.878552999231,293.7863364858138
1693953359,105,,Aggregated,13.700000,0.000000,35,44,61,72,120,170,280,380,690,780,780,8043,0,35,58.63095687778633,15.518014999543084,778.878552999231,293.7863981101579
1693953360,105,,Aggregated,13.200000,0.000000,35,44,61,72,120,170,280,380,690,780,780,8057,0,35,58.60057218568153,15.518014999543084,778.878552999231,293.78627280625545
1693953361,105,,Aggregated,12.300000,0.000000,35,44,61,72,120,170,280,380,690,780,780,8072,0,35,58.58947449566873,15.518014999543084,778.878552999231,293.7861744301288
1693953362,105,,Aggregated,12.800000,0.000000,35,44,61,72,120,170,280,380,690,780,780,8084,0,35,58.590120670216265,15.518014999543084,778.878552999231,293.7862444334488
1693953363,105,,Aggregated,13.400000,0.000000,35,44,61,72,120,170,280,380,690,780,780,8097,0,35,58.62038729875448,15.518014999543084,778.878552999231,293.7860936149191
1693953364,105,,Aggregated,12.600000,0.000000,35,44,61,72,120,170,280,380,690,780,780,8111,0,35,58.59419640081619,15.518014999543084,778.878552999231,293.7863395388978
1693953365,105,,Aggregated,12.400000,0.000000,35,44,61,72,120,170,280,380,690,780,780,8126,0,35,58.57579085441924,15.518014999543084,778.878552999231,293.78611863155305
1693953366,105,,Aggregated,12.500000,0.000000,35,44,61,72,120,170,280,380,690,780,780,8138,0,35,58.64376355959761,15.518014999543084,778.878552999231,293.78606537232736
1693953367,105,,Aggregated,12.800000,0.000000,35,44,61,72,120,180,290,380,690,780,780,8154,0,35,58.94505485406117,15.518014999543084,778.878552999231,293.7859946038754
1693953368,105,,Aggregated,12.400000,0.000000,35,44,61,72,120,180,290,380,690,780,780,8166,0,35,58.9388038294163,15.518014999543084,778.878552999231,293.7861866274798
1693953369,105,,Aggregated,12.000000,0.000000,35,44,61,72,120,180,290,380,690,780,780,8180,0,35,58.93822836540568,15.518014999543084,778.878552999231,293.7859413202934
1693953370,105,,Aggregated,12.500000,0.000000,35,44,61,72,120,170,290,380,690,780,780,8190,0,35,58.91898251172398,15.518014999543084,778.878552999231,293.7859584859585
1693953371,105,,Aggregated,13.500000,0.000000,35,44,61,72,120,170,290,380,690,780,780,8200,0,35,58.913288205612304,15.518014999543084,778.878552999231,293.7859756097561
1693953372,105,,Aggregated,13.400000,0.000000,35,45,61,72,120,170,290,380,690,780,780,8217,0,35,58.91929393063424,15.518014999543084,778.878552999231,293.7859316052087
1693953373,105,,Aggregated,12.400000,0.000000,35,45,61,72,120,170,290,380,690,780,780,8229,0,35,58.94083719990648,15.518014999543084,778.878552999231,293.78612225057725
1693953374,105,,Aggregated,13.500000,0.000000,35,45,62,73,120,180,290,380,690,780,780,8247,0,35,59.20915253389574,15.518014999543084,778.878552999231,293.78610403783193
1693953375,105,,Aggregated,13.000000,0.000000,35,45,62,73,120,180,290,380,690,780,780,8257,0,35,59.17373691534904,15.518014999543084,778.878552999231,293.7858786484195
1693953376,105,,Aggregated,13.100000,0.000000,35,45,62,73,120,180,300,410,690,780,780,8272,0,35,59.88671572413397,15.518014999543084,778.878552999231,293.7857833655706
1693953377,105,,Aggregated,12.900000,0.000000,35,45,62,74,120,180,300,420,690,780,780,8289,0,35,60.388827562317225,15.518014999543084,778.878552999231,293.78561949571724
1693953378,105,,Aggregated,12.900000,0.000000,35,45,62,74,120,180,300,410,690,780,780,8304,0,35,60.33916466474632,15.518014999543084,778.878552999231,293.7858863198459
1693953379,105,,Aggregated,13.800000,0.000000,35,45,62,73,120,180,300,410,690,780,780,8317,0,35,60.300747444397246,15.518014999543084,778.878552999231,293.78598052182275
1693953380,105,,Aggregated,13.600000,0.000000,35,45,62,73,120,180,300,410,690,780,780,8330,0,35,60.27036702749587,15.518014999543084,778.878552999231,293.7858343337335
1693953381,105,,Aggregated,13.400000,0.000000,35,45,62,73,120,180,300,410,690,780,780,8347,0,35,60.27266629280599,15.518014999543084,778.878552999231,293.7857913022643
1693953382,105,,Aggregated,14.100000,0.000000,35,45,62,73,120,180,300,410,690,780,780,8357,0,35,60.25555167967565,15.518014999543084,778.878552999231,293.78568864425034
1693953383,105,,Aggregated,14.200000,0.000000,35,45,62,73,120,180,300,410,690,780,780,8368,0,35,60.220656193599204,15.518014999543084,778.878552999231,293.7857313575526
1693953384,105,,Aggregated,14.000000,0.000000,35,45,62,73,120,180,300,410,690,780,780,8380,0,35,60.21362071050468,15.518014999543084,778.878552999231,293.7859188544153
1693953385,105,,Aggregated,13.600000,0.000000,35,45,62,73,120,180,300,410,690,780,780,8395,0,35,60.17727765682431,15.518014999543084,778.878552999231,293.78582489577127
1693953386,105,,Aggregated,13.200000,0.000000,35,45,62,73,120,180,300,410,690,780,780,8413,0,35,60.15353413194485,15.518014999543084,778.878552999231,293.7861642695828
1693953387,105,,Aggregated,13.200000,0.000000,35,45,62,73,120,180,300,410,690,780,780,8421,0,35,60.18342752084715,15.518014999543084,778.878552999231,293.78624866405414
1693953388,105,,Aggregated,13.800000,0.000000,35,45,62,74,120,180,310,410,690,780,780,8441,0,35,60.43456185582985,15.518014999543084,778.878552999231,293.7860443075465
1693953389,105,,Aggregated,13.400000,0.000000,35,45,62,74,120,180,310,410,690,780,780,8453,0,35,60.41003192464915,15.518014999543084,778.878552999231,293.7861114397255
1693953390,105,,Aggregated,13.100000,0.000000,35,45,62,74,120,190,310,410,690,780,780,8471,0,35,60.490591413417015,15.518014999543084,778.878552999231,293.78644788100576
1693953391,105,,Aggregated,13.500000,0.000000,35,45,62,74,120,180,310,410,690,780,780,8481,0,35,60.457347118035486,15.518014999543084,778.878552999231,293.7859922178988
1693953392,105,,Aggregated,12.900000,0.000000,35,45,62,74,120,180,310,410,690,780,780,8492,0,35,60.5021308910814,15.518014999543084,778.878552999231,293.7859161563825
1693953393,105,,Aggregated,14.100000,0.000000,35,45,62,74,120,180,310,410,690,780,780,8506,0,35,60.52950744051941,15.518014999543084,778.878552999231,293.7859158241242
1693953394,105,,Aggregated,13.000000,0.000000,35,45,62,74,120,180,310,410,690,780,780,8516,0,35,60.50705784758718,15.518014999543084,778.878552999231,293.78604978863314
1693953395,105,,Aggregated,13.300000,0.000000,35,45,62,74,120,180,310,410,690,780,780,8527,0,35,60.473856091949905,15.518014999543084,778.878552999231,293.7858566905125
1693953396,105,,Aggregated,13.600000,0.000000,35,45,62,74,120,180,310,410,690,780,780,8542,0,35,60.470730178303036,15.518014999543084,778.878552999231,293.7857644579724
1693953397,105,,Aggregated,13.400000,0.000000,35,45,62,74,120,180,310,410,690,780,780,8559,0,35,60.4381625011174,15.518014999543084,778.878552999231,293.7856057950695
1693953398,105,,Aggregated,13.000000,0.000000,35,45,62,74,120,180,310,410,690,780,780,8571,0,35,60.41974565045522,15.518014999543084,778.878552999231,293.7854392719636
1693953399,105,,Aggregated,13.200000,0.000000,35,45,62,74,120,180,310,410,690,780,780,8582,0,35,60.39382312293832,15.518014999543084,778.878552999231,293.78559776275927
1693953400,105,,Aggregated,13.500000,0.000000,35,45,62,74,120,180,310,410,690,780,780,8598,0,35,60.38838712049981,15.518014999543084,778.878552999231,293.78494998836936
1693953401,105,,Aggregated,12.800000,0.000000,35,45,62,74,120,180,300,410,690,780,780,8608,0,35,60.36670189034149,15.518014999543084,778.878552999231,293.7851998141264
1693953402,105,,Aggregated,13.000000,0.000000,35,46,63,74,120,180,310,410,690,780,780,8624,0,35,60.57942094550703,15.518014999543084,778.878552999231,293.78501855287567
1693953403,105,,Aggregated,12.100000,0.000000,35,46,63,74,120,180,310,410,690,780,780,8637,0,35,60.5506756461802,15.518014999543084,778.878552999231,293.7852263517425
1693953404,105,,Aggregated,12.500000,0.000000,35,46,63,74,120,180,310,410,690,780,780,8651,0,35,60.54898337869123,15.518014999543084,778.878552999231,293.78545832851694
1693953405,105,,Aggregated,13.400000,0.000000,35,46,63,74,120,180,310,410,690,780,780,8665,0,35,60.51514247121239,15.518014999543084,778.878552999231,293.7847663012118
1693953406,105,,Aggregated,13.000000,0.000000,35,46,63,74,120,180,310,410,690,780,780,8674,0,35,60.48828610480259,15.518014999543084,778.878552999231,293.7848743370994
1693953407,110,,Aggregated,13.200000,0.000000,35,46,63,74,120,190,320,430,690,780,780,8687,0,35,60.94630403707369,15.518014999543084,778.878552999231,293.784966041211
1693953408,110,,Aggregated,13.500000,0.000000,35,46,63,75,120,190,340,440,700,780,780,8702,0,35,61.888127068380626,15.518014999543084,783.3075659982569,293.7852217880947
1693953410,110,,Aggregated,12.700000,0.000000,35,46,63,75,120,200,350,460,710,780,780,8726,0,35,62.94687924994981,15.518014999543084,783.3075659982569,293.7853541141416
1693953411,110,,Aggregated,12.500000,0.000000,35,46,63,75,120,200,350,460,710,780,780,8738,0,35,62.96445605745729,15.518014999543084,783.3075659982569,293.78519111924925
1693953412,110,,Aggregated,13.900000,0.000000,35,46,63,75,120,200,350,460,710,780,780,8752,0,35,62.92066222018455,15.518014999543084,783.3075659982569,293.78542047531994
1693953413,110,,Aggregated,13.900000,0.000000,35,46,64,75,120,200,350,460,710,780,780,8769,0,35,63.148764300609656,15.518014999543084,783.3075659982569,293.78469608849355
1693953414,110,,Aggregated,13.900000,0.000000,35,46,64,75,120,200,350,460,710,780,780,8782,0,35,63.11594468481534,15.518014999543084,783.3075659982569,293.78478706445003
1693953415,110,,Aggregated,14.100000,0.000000,35,46,64,75,120,200,350,460,710,780,780,8797,0,35,63.08702768580838,15.518014999543084,783.3075659982569,293.7843583039673
1693953416,110,,Aggregated,14.300000,0.000000,35,47,64,75,120,200,350,460,710,780,780,8810,0,35,63.07284215823552,15.518014999543084,783.3075659982569,293.7844494892168
1693953417,110,,Aggregated,14.500000,0.000000,35,47,64,75,120,200,350,460,710,780,780,8825,0,35,63.04494055853316,15.518014999543084,783.3075659982569,293.7843626062323
1693953418,110,,Aggregated,14.300000,0.000000,35,47,64,75,120,200,350,460,710,780,780,8834,0,35,63.0201582586662,15.518014999543084,783.3075659982569,293.78446909667196
1693953419,110,,Aggregated,14.700000,0.000000,35,47,64,75,120,200,350,460,710,780,780,8846,0,35,63.020638159173615,15.518014999543084,783.3075659982569,293.78464842866833
1693953420,110,,Aggregated,14.600000,0.000000,35,47,64,75,120,200,350,460,710,780,780,8860,0,35,63.004434247521864,15.518014999543084,783.3075659982569,293.7848758465011
1693953421,110,,Aggregated,14.200000,0.000000,35,47,64,76,120,200,350,470,710,780,780,8878,0,35,63.36747516558324,15.518014999543084,783.3075659982569,293.78508673124577
1693953422,110,,Aggregated,13.300000,0.000000,35,47,64,76,130,200,350,470,710,780,780,8896,0,35,63.660075893665216,15.518014999543084,783.3075659982569,293.785184352518
1693953423,110,,Aggregated,13.700000,0.000000,35,47,64,76,130,200,350,460,710,780,780,8914,0,35,63.753703687127576,15.518014999543084,783.3075659982569,293.7855059457034
1693953424,110,,Aggregated,14.100000,0.000000,35,47,64,76,130,200,350,460,710,780,780,8924,0,35,63.72740661564989,15.518014999543084,783.3075659982569,293.7855221873599
1693953425,110,,Aggregated,14.200000,0.000000,35,47,64,76,130,200,350,460,710,780,780,8933,0,35,63.70738244017272,15.518014999543084,783.3075659982569,293.7855143848651
1693953426,110,,Aggregated,14.100000,0.000000,36,47,64,76,130,200,350,460,710,780,780,8951,0,36,63.72104038979587,15.518014999543084,783.3075659982569,293.7854988269467
1693953427,110,,Aggregated,14.100000,0.000000,36,47,65,76,130,200,350,460,710,780,780,8966,0,36,63.85728890855147,15.518014999543084,783.3075659982569,293.78518848985055
1693953428,110,,Aggregated,13.800000,0.000000,36,47,65,76,130,200,350,460,710,780,780,8977,0,36,63.822396887387036,15.518014999543084,783.3075659982569,293.78534031413614
1693953429,110,,Aggregated,14.500000,0.000000,36,47,65,76,130,200,350,460,710,780,780,8987,0,36,63.811828654063895,15.518014999543084,783.3075659982569,293.7849115388895
1693953430,110,,Aggregated,14.300000,0.000000,36,47,65,76,130,200,350,460,710,780,780,9000,0,36,63.8758285213408,15.518014999543084,783.3075659982569,293.78433333333334
1693953431,110,,Aggregated,13.900000,0.000000,36,47,65,76,130,200,350,460,710,780,780,9011,0,36,63.847946679509796,15.518014999543084,783.3075659982569,293.7842636777272
1693953432,110,,Aggregated,13.600000,0.000000,36,47,65,76,130,200,350,460,710,780,780,9027,0,36,63.83340341753259,15.518014999543084,783.3075659982569,293.78442450426496
1693953433,110,,Aggregated,13.300000,0.000000,36,47,65,76,130,200,350,460,710,780,780,9037,0,36,63.811583174289936,15.518014999543084,783.3075659982569,293.7843310833241
1693953434,110,,Aggregated,13.000000,0.000000,36,47,65,76,130,200,350,460,710,780,780,9053,0,36,63.77202964686409,15.518014999543084,783.3075659982569,293.7841599469789
1693953435,110,,Aggregated,12.500000,0.000000,36,47,64,76,130,200,350,460,710,780,780,9069,0,36,63.72788442022908,15.518014999543084,783.3075659982569,293.78443047745066
1693953436,110,,Aggregated,12.400000,0.000000,36,47,65,76,130,200,350,460,710,780,780,9089,0,36,63.7327643713361,15.518014999543084,783.3075659982569,293.7846847838046
1693953437,110,,Aggregated,13.100000,0.000000,36,47,65,76,130,200,350,450,710,780,780,9106,0,36,63.833037389971075,15.518014999543084,783.3075659982569,293.7846474851746
1693953438,110,,Aggregated,13.400000,0.000000,36,48,65,76,130,200,350,450,710,780,780,9117,0,36,63.814388923886284,15.518014999543084,783.3075659982569,293.78435888998575
1693953439,110,,Aggregated,13.100000,0.000000,36,48,65,76,130,200,350,450,710,780,780,9134,0,36,63.946396777761294,15.518014999543084,783.3075659982569,293.78432231223996
1693953440,110,,Aggregated,13.700000,0.000000,36,48,65,77,130,200,350,450,710,780,780,9143,0,36,63.966461676262604,15.518014999543084,783.3075659982569,293.7845346166466
1693953441,110,,Aggregated,14.300000,0.000000,36,48,65,76,130,200,350,450,710,780,780,9154,0,36,63.934633204836466,15.518014999543084,783.3075659982569,293.78457504915883
1693953442,110,,Aggregated,14.500000,0.000000,36,48,65,76,130,200,350,450,710,780,780,9169,0,36,63.91189586182491,15.518014999543084,783.3075659982569,293.78405496782636
1693953443,110,,Aggregated,14.100000,0.000000,36,48,65,76,130,200,350,450,710,780,780,9181,0,36,63.89359574099452,15.518014999543084,783.3075659982569,293.7840104563773
1693953444,110,,Aggregated,13.900000,0.000000,36,48,65,76,130,200,350,450,710,780,780,9191,0,36,63.87540947710575,15.518014999543084,783.3075659982569,293.7842454575128
1693953445,110,,Aggregated,14.000000,0.000000,36,48,65,76,130,200,350,450,710,780,780,9205,0,36,63.86663917556514,15.518014999543084,783.3075659982569,293.78435632808254
1693953446,110,,Aggregated,13.800000,0.000000,36,48,65,76,130,200,350,450,710,780,780,9216,0,36,63.83634157466159,15.518014999543084,783.3075659982569,293.78407118055554
1693953447,110,,Aggregated,13.200000,0.000000,36,48,65,76,130,200,350,450,710,780,780,9227,0,36,63.81518889455697,15.518014999543084,783.3075659982569,293.7840034680828
1693953448,110,,Aggregated,12.800000,0.000000,36,48,65,76,130,200,350,450,710,780,780,9237,0,36,63.807179451777856,15.518014999543084,783.3075659982569,293.7842373064848
1693953449,110,,Aggregated,12.300000,0.000000,36,48,65,76,130,200,350,450,710,780,780,9253,0,36,63.83283593365015,15.518014999543084,783.3075659982569,293.78428617745595
1693953450,110,,Aggregated,11.700000,0.000000,36,48,65,77,130,200,350,450,710,780,780,9268,0,36,63.897358336109114,15.518014999543084,783.3075659982569,293.78463530427274
1693953451,110,,Aggregated,11.700000,0.000000,36,48,65,77,130,200,350,450,710,780,780,9284,0,36,63.89918308262044,15.518014999543084,783.3075659982569,293.7845756139595
1693953452,110,,Aggregated,12.000000,0.000000,36,48,65,77,130,200,350,450,710,780,780,9295,0,36,63.88800813835874,15.518014999543084,783.3075659982569,293.7845077998924
1693953453,110,,Aggregated,12.400000,0.000000,36,48,65,77,130,200,350,450,710,780,780,9305,0,36,63.9505142908158,15.518014999543084,783.3075659982569,293.7843095110156
1693953454,110,,Aggregated,12.600000,0.000000,36,48,65,77,130,210,360,480,1100,1500,1500,9319,0,36,65.61390664621123,15.518014999543084,1511.5114209984313,293.7842043137676
1693953455,110,,Aggregated,12.600000,0.000000,36,48,66,77,130,220,380,530,1300,1600,1600,9342,0,36,68.46146753479316,15.518014999543084,1556.7806879989803,293.78366516805823
1693953456,110,,Aggregated,12.200000,0.000000,36,49,66,78,130,220,390,540,1300,1600,1600,9357,0,36,69.12262804627773,15.518014999543084,1556.7806879989803,293.7836913540665
1693953457,110,,Aggregated,12.800000,0.000000,36,49,66,78,130,230,410,580,1300,1600,1600,9371,0,36,70.05745795945097,15.518014999543084,1556.7806879989803,293.7834809518728
1693953458,110,,Aggregated,13.700000,0.000000,36,49,66,78,140,230,430,610,1300,1600,1600,9394,0,36,71.12122116425486,15.518014999543084,1556.7806879989803,293.7833723653396
1693953459,110,,Aggregated,14.000000,0.000000,36,49,66,78,140,230,430,600,1300,1600,1600,9403,0,36,71.09964602722611,15.518014999543084,1556.7806879989803,293.783260661491
1693953460,110,,Aggregated,14.900000,0.000000,36,49,66,78,140,230,430,600,1300,1600,1600,9415,0,36,71.08022197705988,15.518014999543084,1556.7806879989803,293.78332448220925
1693953461,110,,Aggregated,15.300000,0.000000,36,49,66,78,140,230,430,600,1300,1600,1600,9429,0,36,71.05755793467206,15.518014999543084,1556.7806879989803,293.7834340863294
1693953462,110,,Aggregated,14.400000,0.000000,36,49,66,78,140,230,430,600,1300,1600,1600,9437,0,36,71.03303728907787,15.518014999543084,1556.7806879989803,293.7834057433506
1693953463,110,,Aggregated,14.300000,0.000000,36,49,66,78,140,230,430,600,1300,1600,1600,9449,0,36,71.0125328976643,15.518014999543084,1556.7806879989803,293.7831516562599
1693953464,110,,Aggregated,14.400000,0.000000,36,49,66,78,140,230,430,600,1300,1600,1600,9463,0,36,70.97944861154184,15.518014999543084,1556.7806879989803,293.783472471732
1693953465,110,,Aggregated,13.600000,0.000000,36,49,66,78,140,230,430,600,1300,1600,1600,9476,0,36,70.93991756933517,15.518014999543084,1556.7806879989803,293.7837695230055
1693953466,110,,Aggregated,14.200000,0.000000,36,49,66,78,140,230,430,600,1300,1600,1600,9485,0,36,70.92642617649165,15.518014999543084,1556.7806879989803,293.7839746968898
1693953467,115,,Aggregated,14.200000,0.000000,36,49,67,79,140,230,440,610,1300,1600,1600,9498,0,36,71.44648470172862,15.518014999543084,1556.7806879989803,293.7840598020636
1693953468,115,,Aggregated,13.100000,0.000000,36,50,67,79,140,240,450,640,1300,1600,1600,9511,0,36,72.50073331910552,15.518014999543084,1556.7806879989803,293.78393439175693
1693953470,115,,Aggregated,11.900000,0.000000,36,50,67,80,140,240,480,700,1300,1600,1600,9529,0,36,74.02866919246551,15.518014999543084,1556.7806879989803,293.78423759051316
1693953471,115,,Aggregated,11.900000,0.000000,36,50,68,80,140,250,490,710,1300,1600,1600,9548,0,36,74.91593459645932,15.518014999543084,1556.7806879989803,293.7843527440302
1693953472,115,,Aggregated,11.500000,0.000000,36,50,68,80,140,250,490,710,1300,1600,1600,9564,0,36,75.17038556900926,15.518014999543084,1556.7806879989803,293.78450439146803
1693953473,115,,Aggregated,13.200000,0.000000,36,50,68,80,140,250,490,710,1300,1600,1600,9578,0,36,75.17367931958752,15.518014999543084,1556.7806879989803,293.78429734808935
1693953474,115,,Aggregated,13.300000,0.000000,36,50,68,80,140,250,490,710,1300,1600,1600,9591,0,36,75.12889088979315,15.518014999543084,1556.7806879989803,293.7844854551142
1693953475,115,,Aggregated,13.900000,0.000000,36,50,68,80,140,250,490,700,1300,1600,1600,9602,0,36,75.1248083563842,15.518014999543084,1556.7806879989803,293.7844199125182
1693953476,115,,Aggregated,14.100000,0.000000,36,51,68,81,140,250,520,710,1300,1600,1600,9620,0,36,76.10089614646553,15.518014999543084,1556.7806879989803,293.7841995841996
1693953477,115,,Aggregated,13.500000,0.000000,36,51,68,81,140,250,520,710,1300,1600,1600,9638,0,36,76.03888216849954,15.518014999543084,1556.7806879989803,293.7842913467524
1693953478,115,,Aggregated,14.100000,0.000000,36,51,68,81,140,250,520,710,1300,1600,1600,9656,0,36,75.99917878282982,15.518014999543084,1556.7806879989803,293.7842792046396
1693953479,115,,Aggregated,14.100000,0.000000,36,51,68,81,140,250,520,710,1300,1600,1600,9666,0,36,76.02859285806015,15.518014999543084,1556.7806879989803,293.78439892406374
1693953480,115,,Aggregated,15.400000,0.000000,36,51,68,81,140,250,520,710,1300,1600,1600,9681,0,36,75.97705550666385,15.518014999543084,1556.7806879989803,293.7846296870158
1693953481,115,,Aggregated,15.400000,0.000000,36,51,68,81,140,250,520,710,1300,1600,1600,9696,0,36,75.96562976000597,15.518014999543084,1556.7806879989803,293.78475660066005
1693953482,115,,Aggregated,15.000000,0.000000,36,51,68,81,140,250,520,710,1300,1600,1600,9711,0,36,76.00048202193486,15.518014999543084,1556.7806879989803,293.7845741942127
1693953483,115,,Aggregated,14.800000,0.000000,36,51,68,81,140,250,520,710,1300,1600,1600,9729,0,36,76.07828845750004,15.518014999543084,1556.7806879989803,293.7841504779525
1693953484,115,,Aggregated,14.800000,0.000000,36,51,68,81,140,250,520,710,1300,1600,1600,9742,0,36,76.09621617409431,15.518014999543084,1556.7806879989803,293.7843358653254
1693953485,115,,Aggregated,14.700000,0.000000,36,51,69,82,150,260,540,740,1400,1600,1600,9758,0,36,77.47946452859426,15.518014999543084,1556.7806879989803,293.7843820455011
1693953486,115,,Aggregated,15.200000,0.000000,36,51,69,83,150,270,560,780,1400,1600,1600,9779,0,36,78.82771834860735,15.518014999543084,1556.7806879989803,293.78474281623886
1693953487,115,,Aggregated,15.400000,0.000000,36,51,69,83,150,280,560,780,1400,1600,1600,9797,0,36,79.06423284321978,15.518014999543084,1556.7806879989803,293.7846279473308
1693953488,115,,Aggregated,15.900000,0.000000,36,51,69,83,150,280,560,780,1400,1600,1600,9816,0,36,79.01752261399929,15.518014999543084,1556.7806879989803,293.7843317033415
1693953489,115,,Aggregated,15.800000,0.000000,36,51,69,83,150,280,560,780,1400,1600,1600,9831,0,36,78.99570510243399,15.518014999543084,1556.7806879989803,293.7840504526498
1693953490,115,,Aggregated,15.600000,0.000000,36,51,69,83,150,280,560,780,1400,1600,1600,9840,0,36,78.95121117591816,15.518014999543084,1556.7806879989803,293.7837398373984
1693953491,115,,Aggregated,15.800000,0.000000,36,51,69,83,150,280,560,780,1400,1600,1600,9853,0,36,78.90422960185036,15.518014999543084,1556.7806879989803,293.7837206942048
1693953492,115,,Aggregated,15.600000,0.000000,36,51,69,83,150,270,560,780,1400,1600,1600,9868,0,36,78.930043565569,15.518014999543084,1556.7806879989803,293.78364410214834
1693953493,115,,Aggregated,15.200000,0.000000,36,51,69,83,150,270,560,780,1400,1600,1600,9881,0,36,78.88619036292377,15.518014999543084,1556.7806879989803,293.78362513915596
1693953494,115,,Aggregated,15.500000,0.000000,36,51,69,83,150,270,560,780,1400,1600,1600,9895,0,36,78.834599437701,15.518014999543084,1556.7806879989803,293.7837291561395
1693953495,115,,Aggregated,15.300000,0.000000,36,51,69,83,150,270,560,780,1400,1600,1600,9911,0,36,78.86191007749457,15.518014999543084,1556.7806879989803,293.78367470487336
1693953496,115,,Aggregated,14.500000,0.000000,36,51,69,83,150,270,560,780,1400,1600,1600,9923,0,36,78.81752856072319,15.518014999543084,1556.7806879989803,293.78323087775874
1693953497,115,,Aggregated,15.400000,0.000000,36,52,69,83,150,280,560,780,1400,1600,1600,9935,0,36,79.06174028878304,15.518014999543084,1556.7806879989803,293.78298943130346
1693953498,115,,Aggregated,14.000000,0.000000,36,52,70,84,150,290,590,780,1400,1600,1600,9954,0,36,80.24729938889546,15.518014999543084,1556.7806879989803,293.7833031946956
1693953499,115,,Aggregated,13.600000,0.000000,36,52,70,84,150,300,590,780,1400,1600,1600,9971,0,36,80.92920455150579,15.518014999543084,1556.7806879989803,293.78337177815666
1693953500,115,,Aggregated,13.400000,0.000000,36,52,70,84,150,300,590,780,1400,1600,1600,9982,0,36,80.87325916840875,15.518014999543084,1556.7806879989803,293.78361049889804
1693953501,115,,Aggregated,13.600000,0.000000,36,52,70,84,150,300,590,780,1400,1600,1600,9996,0,36,80.866509100546,15.518014999543084,1556.7806879989803,293.78351340536216
1693953502,115,,Aggregated,13.900000,0.000000,36,52,70,84,150,300,590,780,1300,1600,1600,10004,0,36,80.83232814364791,15.518014999543084,1556.7806879989803,293.78358656537387
1693953503,115,,Aggregated,14.200000,0.000000,36,52,70,85,150,300,590,780,1300,1600,1600,10020,0,36,80.91182134521529,15.518014999543084,1556.7806879989803,293.78343313373256
1693953504,115,,Aggregated,13.900000,0.000000,36,52,70,85,150,300,590,780,1300,1600,1600,10032,0,36,80.889409037585,15.518014999543084,1556.7806879989803,293.7831937799043
1693953505,115,,Aggregated,13.300000,0.000000,36,52,70,85,150,290,590,780,1300,1600,1600,10051,0,36,80.84090569744922,15.518014999543084,1556.7806879989803,293.7836036215302
1693953506,115,,Aggregated,13.700000,0.000000,36,52,70,85,150,290,590,780,1300,1600,1600,10064,0,36,80.8046694046177,15.518014999543084,1556.7806879989803,293.7834856915739
1693953507,115,,Aggregated,13.400000,0.000000,36,52,70,85,150,290,590,780,1300,1600,1600,10079,0,36,80.76850433317502,15.518014999543084,1556.7806879989803,293.783609485068
1693953508,115,,Aggregated,14.000000,0.000000,36,52,70,84,150,290,590,780,1300,1600,1600,10097,0,36,80.7049448186663,15.518014999543084,1556.7806879989803,293.7837971674755
1693953509,115,,Aggregated,13.900000,0.000000,36,52,70,84,150,290,580,780,1300,1600,1600,10104,0,36,80.68153085927095,15.518014999543084,1556.7806879989803,293.7838479809976
1693953510,115,,Aggregated,14.100000,0.000000,36,52,70,85,150,290,580,780,1300,1600,1600,10118,0,36,80.80105531410112,15.518014999543084,1556.7806879989803,293.78394939711404
1693953511,115,,Aggregated,13.800000,0.000000,36,52,70,85,150,290,580,780,1300,1600,1600,10133,0,36,80.8363103599206,15.518014999543084,1556.7806879989803,293.7841705319254
1693953512,115,,Aggregated,13.400000,0.000000,36,52,70,85,150,290,580,780,1300,1600,1600,10148,0,36,80.81339341407883,15.518014999543084,1556.7806879989803,293.78389830508473
1693953513,115,,Aggregated,13.400000,0.000000,36,52,70,85,150,290,580,780,1300,1600,1600,10157,0,36,80.77346848174419,15.518014999543084,1556.7806879989803,293.7838928817564
1693953514,115,,Aggregated,14.100000,0.000000,36,52,70,85,150,290,580,780,1300,1600,1600,10169,0,36,80.7148704917961,15.518014999543084,1556.7806879989803,293.7840495623955
1693953515,115,,Aggregated,14.200000,0.000000,36,52,70,85,150,290,580,780,1300,1600,1600,10187,0,36,80.6717734071934,15.518014999543084,1556.7806879989803,293.78384215176203
1693953516,115,,Aggregated,13.600000,0.000000,36,52,70,85,150,290,580,780,1300,1600,1600,10203,0,36,80.68888651661993,15.518014999543084,1556.7806879989803,293.78329902969716
1693953517,115,,Aggregated,13.200000,0.000000,36,52,70,85,150,290,580,780,1300,1600,1600,10216,0,36,80.64928971232057,15.518014999543084,1556.7806879989803,293.7832811276429
1693953518,115,,Aggregated,13.600000,0.000000,36,52,70,85,150,290,580,780,1300,1600,1600,10230,0,36,80.69887512913733,15.518014999543084,1556.7806879989803,293.7831867057674
1693953519,115,,Aggregated,13.700000,0.000000,36,52,71,85,150,290,580,780,1300,1600,1600,10244,0,36,80.8103367636737,15.518014999543084,1556.7806879989803,293.7830925419758
1693953520,115,,Aggregated,13.500000,0.000000,36,52,70,85,150,290,580,780,1300,1600,1600,10258,0,36,80.74828627530526,15.518014999543084,1556.7806879989803,293.78329108988106
1693953521,115,,Aggregated,13.400000,0.000000,36,53,71,85,150,290,580,780,1300,1600,1600,10275,0,36,80.91413916195435,15.518014999543084,1556.7806879989803,293.78316301703165
1693953522,115,,Aggregated,13.800000,0.000000,36,53,71,86,160,300,590,780,1300,1600,1600,10292,0,36,81.58817201399889,15.518014999543084,1556.7806879989803,293.7832296929654
1693953523,115,,Aggregated,13.500000,0.000000,36,53,71,86,160,300,580,780,1300,1600,1600,10309,0,36,81.69708908236302,15.518014999543084,1556.7806879989803,293.78319914637694
1693953524,115,,Aggregated,13.600000,0.000000,36,53,71,86,160,300,580,780,1300,1600,1600,10323,0,36,81.84374742420582,15.518014999543084,1556.7806879989803,293.78339629952535
1693953525,115,,Aggregated,14.200000,0.000000,36,53,71,86,160,300,580,780,1300,1600,1600,10340,0,36,81.8358475838566,15.518014999543084,1556.7806879989803,293.78346228239843
1693953527,115,,Aggregated,15.000000,0.000000,36,53,71,86,160,300,580,780,1300,1600,1600,10349,0,36,81.92274224785692,15.518014999543084,1556.7806879989803,293.7833607111798
1693953528,120,,Aggregated,15.100000,0.000000,36,53,72,87,160,310,610,800,1300,1600,1600,10366,0,36,83.07761494588809,15.518014999543084,1556.7806879989803,293.78333011769246
1693953529,120,,Aggregated,14.800000,0.000000,36,54,72,88,160,320,620,800,1300,1600,1600,10379,0,36,83.73509185914595,15.518014999543084,1556.7806879989803,293.78350515463916
1693953530,120,,Aggregated,14.800000,0.000000,36,54,72,88,160,330,620,800,1300,1600,1600,10394,0,36,84.18031655378763,15.518014999543084,1556.7806879989803,293.7835289590148
1693953531,120,,Aggregated,14.700000,0.000000,36,54,72,88,160,340,620,800,1300,1600,1600,10412,0,36,84.61298804236178,15.518014999543084,1556.7806879989803,293.7835190165194
1693953532,120,,Aggregated,14.700000,0.000000,36,54,72,88,160,340,620,800,1300,1600,1600,10422,0,36,84.55959957676728,15.518014999543084,1556.7806879989803,293.78372673191325
1693953533,120,,Aggregated,14.800000,0.000000,36,54,72,88,160,340,620,800,1300,1600,1600,10438,0,36,84.51072894376956,15.518014999543084,1556.7806879989803,293.7835792297375
1693953534,120,,Aggregated,14.600000,0.000000,36,54,72,88,160,330,620,800,1300,1600,1600,10454,0,36,84.45038001559845,15.518014999543084,1556.7806879989803,293.7838148077291
1693953535,120,,Aggregated,14.300000,0.000000,36,54,72,88,160,330,620,800,1300,1600,1600,10468,0,36,84.4087648786846,15.518014999543084,1556.7806879989803,293.78362628964464
1693953536,120,,Aggregated,14.200000,0.000000,36,54,72,88,160,330,620,800,1300,1600,1600,10473,0,36,84.41432335520588,15.518014999543084,1556.7806879989803,293.78372959037523
1693953537,120,,Aggregated,14.200000,0.000000,36,54,72,88,170,330,620,800,1300,1600,1600,10493,0,36,84.56088601334964,15.518014999543084,1556.7806879989803,293.78395120556564
1693953538,120,,Aggregated,13.200000,0.000000,36,54,72,89,170,330,620,800,1300,1600,1600,10508,0,36,84.63426941883053,15.518014999543084,1556.7806879989803,293.78368861819564
1693953539,120,,Aggregated,14.200000,0.000000,36,54,72,89,170,330,620,800,1300,1600,1600,10520,0,36,84.58920179515897,15.518014999543084,1556.7806879989803,293.78355513307986
1693953540,120,,Aggregated,13.900000,0.000000,36,54,72,88,170,330,620,800,1300,1600,1600,10541,0,36,84.51525925444348,15.518014999543084,1556.7806879989803,293.78360686841853
1693953541,120,,Aggregated,13.800000,0.000000,36,54,72,88,160,330,620,800,1300,1600,1600,10556,0,36,84.44490437050783,15.518014999543084,1556.7806879989803,293.78353543008717
1693953542,120,,Aggregated,14.600000,0.000000,36,54,72,88,160,330,620,800,1300,1600,1600,10574,0,36,84.43741612172097,15.518014999543084,1556.7806879989803,293.7831473425383
1693953543,120,,Aggregated,14.300000,0.000000,36,54,72,88,160,330,620,800,1300,1600,1600,10590,0,36,84.39351535128205,15.518014999543084,1556.7806879989803,293.7830028328612
1693953544,120,,Aggregated,14.600000,0.000000,37,54,72,88,160,330,620,800,1300,1600,1600,10605,0,37,84.34484317681041,15.518014999543084,1556.7806879989803,293.783026874116
1693953545,120,,Aggregated,15.000000,0.000000,36,54,72,88,160,330,620,800,1300,1600,1600,10617,0,36,84.28980232580481,15.518014999543084,1556.7806879989803,293.78317792220025
1693953546,120,,Aggregated,15.200000,0.000000,37,54,72,88,160,330,620,800,1300,1600,1600,10632,0,37,84.27563112839289,15.518014999543084,1556.7806879989803,293.78273137697516
1693953547,120,,Aggregated,14.600000,0.000000,36,54,72,88,160,330,620,800,1300,1600,1600,10646,0,36,84.2120795644446,15.518014999543084,1556.7806879989803,293.78264136764983
1693953548,120,,Aggregated,15.800000,0.000000,37,54,72,88,160,330,620,800,1300,1600,1600,10655,0,37,84.44091404158449,15.518014999543084,1556.7806879989803,293.78263725950256
1693953549,120,,Aggregated,15.000000,0.000000,37,54,72,89,170,340,630,800,1300,1600,1600,10668,0,37,85.17808716770513,15.518014999543084,1556.7806879989803,293.7828083989501
1693953550,120,,Aggregated,14.700000,0.000000,37,54,73,89,170,350,650,830,1300,1600,1600,10685,0,37,86.56184106186953,15.518014999543084,1556.7806879989803,293.7831539541413
1693953551,120,,Aggregated,14.800000,0.000000,37,55,73,90,170,350,680,870,1400,1600,1600,10702,0,37,88.3811687148267,15.518014999543084,1556.7806879989803,293.7832180900766
1693953552,120,,Aggregated,13.700000,0.000000,37,55,74,90,180,360,690,900,1400,1600,1600,10727,0,37,89.51637185746952,15.518014999543084,1556.7806879989803,293.7831639787452
1693953553,120,,Aggregated,13.900000,0.000000,37,55,74,91,180,370,690,900,1400,1600,1600,10744,0,37,89.97935364613552,15.518014999543084,1556.7806879989803,293.78350707371555
1693953554,120,,Aggregated,14.600000,0.000000,37,55,74,91,180,370,690,900,1400,1600,1600,10758,0,37,89.94885331874742,15.518014999543084,1556.7806879989803,293.7836029001673
1693953555,120,,Aggregated,14.700000,0.000000,37,55,74,91,180,370,690,900,1400,1600,1600,10768,0,37,89.97049662147863,15.518014999543084,1556.7806879989803,293.7837109955423
1693953556,120,,Aggregated,15.000000,0.000000,37,55,74,91,180,370,690,900,1400,1600,1600,10785,0,37,90.0613974821592,15.518014999543084,1556.7806879989803,293.7839592025962
1693953557,120,,Aggregated,14.900000,0.000000,37,55,74,91,180,370,690,900,1400,1600,1600,10799,0,37,90.02781568590554,15.518014999543084,1556.7806879989803,293.7839614779146
1693953558,120,,Aggregated,14.800000,0.000000,37,55,74,91,180,370,690,900,1400,1600,1600,10814,0,37,90.00617240994102,15.518014999543084,1556.7806879989803,293.78389125208065
1693953559,120,,Aggregated,15.200000,0.000000,37,55,74,91,180,370,690,900,1400,1600,1600,10827,0,37,90.06291084548816,15.518014999543084,1556.7806879989803,293.78415073427544
1693953560,120,,Aggregated,15.200000,0.000000,37,55,74,91,180,360,690,900,1400,1600,1600,10841,0,37,90.02048327470732,15.518014999543084,1556.7806879989803,293.78424499584906
1693953561,120,,Aggregated,15.700000,0.000000,37,55,75,92,180,370,690,900,1400,1600,1600,10852,0,37,90.12073778908093,15.518014999543084,1556.7806879989803,293.7838186509399
1693953562,120,,Aggregated,15.400000,0.000000,37,56,75,92,180,370,690,900,1400,1600,1600,10869,0,37,90.72608791508934,15.518014999543084,1556.7806879989803,293.7835127426626
1693953563,120,,Aggregated,15.700000,0.000000,37,56,75,93,180,380,700,900,1400,1600,1600,10881,0,37,91.37790610220563,15.518014999543084,1556.7806879989803,293.78329197684036
1693953564,120,,Aggregated,14.500000,0.000000,37,56,76,93,190,390,710,930,1400,1600,1600,10896,0,37,92.62166471091224,15.518014999543084,1556.7806879989803,293.7834067547724
1693953565,120,,Aggregated,14.000000,0.000000,37,56,76,94,190,400,730,950,1400,1600,1600,10912,0,37,94.363116246618,15.518014999543084,1619.6486539993202,293.7836326979472
1693953566,120,,Aggregated,13.200000,0.000000,37,56,76,94,190,410,740,980,1500,1600,1800,10925,0,37,96.01187396742263,15.518014999543084,1797.6910889992723,293.78352402746
1693953567,120,,Aggregated,13.900000,0.000000,37,56,76,94,200,430,800,1000,1600,1800,1800,10952,0,37,98.96062940440997,15.518014999543084,1834.390544998314,293.78350986121256
1693953568,120,,Aggregated,13.700000,0.000000,37,56,76,95,200,430,800,1000,1600,1800,1800,10968,0,37,99.15765979778385,15.518014999543084,1834.390544998314,293.7835521517141
1693953569,120,,Aggregated,13.800000,0.000000,37,57,77,95,200,430,800,1000,1600,1800,1800,10990,0,37,99.17509390428468,15.518014999543084,1834.390544998314,293.78316651501365
1693953570,120,,Aggregated,15.700000,0.000000,37,57,77,95,200,430,800,1000,1600,1800,1800,10998,0,37,99.24379201391932,15.518014999543084,1834.390544998314,293.7832333151482
1693953571,120,,Aggregated,15.100000,0.000000,37,57,77,96,200,430,800,1000,1600,1800,1800,11012,0,37,99.42004945669122,15.518014999543084,1834.390544998314,293.7829640392299
1693953572,120,,Aggregated,16.100000,0.000000,37,57,77,95,200,430,800,1000,1600,1800,1800,11026,0,37,99.3436503647817,15.518014999543084,1834.390544998314,293.78296753128967
1693953573,120,,Aggregated,15.500000,0.000000,37,57,77,95,200,430,800,1000,1600,1800,1800,11036,0,37,99.31684708672452,15.518014999543084,1834.390544998314,293.7830735773831
1693953574,120,,Aggregated,15.500000,0.000000,37,57,77,95,200,430,800,1000,1600,1800,1800,11047,0,37,99.27488362035795,15.518014999543084,1834.390544998314,293.7830180139404
1693953575,120,,Aggregated,15.400000,0.000000,37,57,77,95,200,430,790,1000,1600,1800,1800,11063,0,37,99.20774800027988,15.518014999543084,1834.390544998314,293.78278947844166
1693953576,120,,Aggregated,15.200000,0.000000,37,57,77,96,200,430,790,1000,1600,1800,1800,11077,0,37,99.18949468990655,15.518014999543084,1834.390544998314,293.7827931750474
1693953577,120,,Aggregated,14.900000,0.000000,37,57,77,96,200,430,790,1000,1600,1800,1800,11090,0,37,99.14774019144238,15.518014999543084,1834.390544998314,293.782777276826
1693953578,120,,Aggregated,14.900000,0.000000,37,57,77,95,200,430,790,1000,1600,1800,1800,11109,0,37,99.05062541642761,15.518014999543084,1834.390544998314,293.7826086956522
1693953579,120,,Aggregated,14.600000,0.000000,37,57,77,95,200,430,790,1000,1600,1800,1800,11125,0,37,98.99462908171586,15.518014999543084,1834.390544998314,293.7825617977528
1693953581,120,,Aggregated,12.900000,0.000000,37,57,77,95,200,430,790,1000,1600,1800,1800,11142,0,37,98.9106881667643,15.518014999543084,1834.390544998314,293.78253455394
1693953582,120,,Aggregated,13.700000,0.000000,37,57,77,96,200,430,790,1000,1600,1800,1800,11157,0,37,99.29878025706694,15.518014999543084,1834.390544998314,293.78255803531414
1693953583,120,,Aggregated,13.400000,0.000000,37,57,77,97,200,440,790,1000,1600,1800,1800,11173,0,37,99.76235889931938,15.518014999543084,1834.390544998314,293.7824219099615
1693953584,120,,Aggregated,14.300000,0.000000,37,57,77,97,200,440,790,1000,1600,1800,1800,11186,0,37,99.78129430324476,15.518014999543084,1834.390544998314,293.78195959234756
1693953585,120,,Aggregated,14.600000,0.000000,37,57,78,97,200,440,790,1000,1600,1800,1800,11200,0,37,99.85151361634856,15.518014999543084,1834.390544998314,293.781875
1693953586,120,,Aggregated,14.600000,0.000000,37,57,78,97,200,440,790,1000,1600,1800,1800,11213,0,37,99.78365405432079,15.518014999543084,1834.390544998314,293.7817711584768
1693953587,120,,Aggregated,14.900000,0.000000,37,57,77,97,200,440,790,1000,1600,1800,1800,11226,0,37,99.7153276836897,15.518014999543084,1834.390544998314,293.78157847853197
1693953588,125,,Aggregated,14.700000,0.000000,37,57,78,97,210,440,790,1000,1600,1800,1800,11244,0,37,100.11866420287221,15.518014999543084,1834.390544998314,293.7815723941658
1693953589,125,,Aggregated,14.700000,0.000000,37,57,78,98,210,440,790,1000,1600,1800,1800,11261,0,37,100.09112669222056,15.518014999543084,1834.390544998314,293.78154693188884
1693953590,125,,Aggregated,15.100000,0.000000,37,57,78,98,210,440,790,1000,1600,1800,1800,11274,0,37,100.0490464721568,15.518014999543084,1834.390544998314,293.7817101295015
1693953591,125,,Aggregated,14.800000,0.000000,37,57,78,98,210,440,790,1000,1600,1800,1800,11289,0,37,100.01194545381311,15.518014999543084,1834.390544998314,293.78164584994244
1693953592,125,,Aggregated,14.800000,0.000000,37,57,78,98,200,440,790,1000,1600,1800,1800,11304,0,37,99.98761691561378,15.518014999543084,1834.390544998314,293.78175866949755
1693953593,125,,Aggregated,14.400000,0.000000,37,58,78,98,210,440,790,1000,1600,1800,1800,11318,0,37,100.18097908968919,15.518014999543084,1834.390544998314,293.78167520763384
1693953594,125,,Aggregated,14.400000,0.000000,37,58,78,98,210,440,790,1000,1600,1800,1800,11337,0,37,100.12264462371866,15.518014999543084,1834.390544998314,293.781688277322
1693953595,125,,Aggregated,13.900000,0.000000,37,58,78,98,210,440,780,1000,1600,1800,1800,11351,0,37,100.0562815227817,15.518014999543084,1834.390544998314,293.7819575367809
1693953596,125,,Aggregated,14.900000,0.000000,37,58,78,98,210,440,780,1000,1600,1800,1800,11365,0,37,99.97671180607928,15.518014999543084,1834.390544998314,293.78196216454023
1693953597,125,,Aggregated,14.700000,0.000000,37,58,78,98,210,440,780,1000,1600,1800,1800,11381,0,37,100.02372111247719,15.518014999543084,1834.390544998314,293.7820929619541
1693953598,125,,Aggregated,15.000000,0.000000,37,58,78,99,210,440,780,1000,1600,1800,1800,11399,0,37,100.12770703852162,15.518014999543084,1834.390544998314,293.78199842091414
1693953599,125,,Aggregated,15.500000,0.000000,37,58,78,98,210,430,780,1000,1600,1800,1800,11415,0,37,100.03490771845016,15.018099002190866,1834.390544998314,293.78169075777487
1693953600,125,,Aggregated,15.000000,0.000000,37,58,78,98,210,430,780,1000,1600,1800,1800,11425,0,37,99.97255753532733,15.018099002190866,1834.390544998314,293.7817943107221
1693953601,125,,Aggregated,15.300000,0.000000,37,58,78,98,210,430,780,1000,1600,1800,1800,11438,0,37,99.9088774046264,15.018099002190866,1834.390544998314,293.78169260360204
1693953602,125,,Aggregated,14.800000,0.000000,37,58,78,98,210,430,780,1000,1600,1800,1800,11454,0,37,99.84422824368109,15.018099002190866,1834.390544998314,293.7816483324603
1693953603,125,,Aggregated,14.800000,0.000000,37,58,78,98,210,430,780,1000,1600,1800,1800,11471,0,37,99.75519861878725,15.018099002190866,1834.390544998314,293.7817104001395
1693953604,125,,Aggregated,14.600000,0.000000,37,58,78,98,210,440,780,1000,1600,1800,1800,11484,0,37,100.01132674809392,15.018099002190866,1834.390544998314,293.78178335074887
1693953605,125,,Aggregated,15.500000,0.000000,37,58,78,99,210,440,780,1000,1600,1800,1800,11510,0,37,100.31168557863634,15.018099002190866,1834.390544998314,293.781841876629
1693953606,125,,Aggregated,14.500000,0.000000,37,58,78,98,210,440,780,1000,1600,1800,1800,11521,0,37,100.24769384550916,15.018099002190866,1834.390544998314,293.7818765732141
1693953607,125,,Aggregated,15.700000,0.000000,37,58,78,99,210,440,780,1000,1600,1800,1800,11529,0,37,100.39047802646517,15.018099002190866,1834.390544998314,293.7820279295689
1693953608,125,,Aggregated,15.200000,0.000000,37,58,79,99,210,440,780,1000,1600,1800,1800,11549,0,37,100.67175412651537,15.018099002190866,1834.390544998314,293.7820590527318
1693953609,125,,Aggregated,14.400000,0.000000,37,58,79,99,210,440,780,1000,1600,1800,1800,11567,0,37,100.65605149296525,15.018099002190866,1834.390544998314,293.782138843261
1693953610,125,,Aggregated,14.800000,0.000000,37,58,79,99,210,440,780,1000,1600,1800,1800,11582,0,37,100.61025994596174,15.018099002190866,1834.390544998314,293.7824209981005
1693953611,125,,Aggregated,15.000000,0.000000,37,58,79,99,210,440,780,1000,1600,1800,1800,11597,0,37,100.72361130974586,15.018099002190866,1834.390544998314,293.782529964646
1693953612,125,,Aggregated,15.300000,0.000000,37,58,79,99,210,440,780,1000,1600,1800,1800,11613,0,37,100.65447076510175,15.018099002190866,1834.390544998314,293.78265736674416
1693953613,125,,Aggregated,15.700000,0.000000,37,58,79,99,210,440,780,1000,1600,1800,1800,11627,0,37,100.58670713443934,15.018099002190866,1834.390544998314,293.78240302743615
1693953614,125,,Aggregated,15.700000,0.000000,37,58,79,99,210,440,780,1000,1600,1800,1800,11641,0,37,100.89531658965113,15.018099002190866,1834.390544998314,293.78223520316124
1693953615,125,,Aggregated,15.100000,0.000000,37,58,80,100,210,450,780,1000,1600,1800,1800,11664,0,37,101.09514319557006,15.018099002190866,1834.390544998314,293.78257887517145
1693953616,125,,Aggregated,15.400000,0.000000,37,58,80,100,210,450,780,1000,1600,1800,1800,11679,0,37,101.03632739661985,15.018099002190866,1834.390544998314,293.78243000256873
1693953617,125,,Aggregated,14.700000,0.000000,37,58,80,100,210,440,780,1000,1600,1800,1800,11695,0,37,100.9945255130505,15.018099002190866,1834.390544998314,293.78204360837964
1693953618,125,,Aggregated,15.300000,0.000000,37,59,80,100,210,440,780,1000,1600,1800,1800,11712,0,37,100.9823595891502,15.018099002190866,1834.390544998314,293.7820184426229
1693953619,125,,Aggregated,16.000000,0.000000,37,59,80,100,210,440,780,1000,1600,1800,1800,11725,0,37,101.0851296227829,15.018099002190866,1834.390544998314,293.78191897654585
1693953620,125,,Aggregated,15.900000,0.000000,37,59,80,100,220,440,780,1000,1600,1800,1800,11746,0,37,101.14490455253919,15.018099002190866,1834.390544998314,293.78171292354847
1693953621,125,,Aggregated,15.300000,0.000000,37,59,80,100,220,440,770,1000,1600,1800,1800,11763,0,37,101.13459651484575,15.018099002190866,1834.390544998314,293.7815183201564
1693953622,125,,Aggregated,16.100000,0.000000,37,59,80,100,220,440,770,1000,1600,1800,1800,11780,0,37,101.20607870391687,15.018099002190866,1834.390544998314,293.78132427843803
1693953623,125,,Aggregated,16.000000,0.000000,37,59,80,100,220,440,770,1000,1600,1800,1800,11797,0,37,101.43903155523776,15.018099002190866,1834.390544998314,293.78146986521995
1693953624,125,,Aggregated,16.400000,0.000000,37,59,80,100,220,440,770,1000,1600,1800,1800,11809,0,37,101.36917834728987,15.018099002190866,1834.390544998314,293.7813532051825
1693953625,125,,Aggregated,16.700000,0.000000,37,59,80,100,220,440,770,1000,1600,1800,1800,11824,0,37,101.32662487391242,15.018099002190866,1834.390544998314,293.7815460081191
1693953626,125,,Aggregated,16.700000,0.000000,37,59,80,100,220,440,770,1000,1600,1800,1800,11839,0,37,101.24091687821144,15.018099002190866,1834.390544998314,293.78148492271305
1693953627,125,,Aggregated,16.200000,0.000000,37,59,80,100,220,440,770,1000,1600,1800,1800,11855,0,37,101.21069394973837,15.018099002190866,1834.390544998314,293.781273724167
1693953628,125,,Aggregated,16.300000,0.000000,37,59,80,100,220,440,770,1000,1600,1800,1800,11872,0,37,101.15381225944674,15.018099002190866,1834.390544998314,293.78125
1693953629,125,,Aggregated,15.800000,0.000000,37,59,80,100,220,440,770,1000,1600,1800,1800,11883,0,37,101.09380764925895,15.018099002190866,1834.390544998314,293.78111587982835
1693953630,125,,Aggregated,15.900000,0.000000,37,59,80,100,220,440,770,1000,1600,1800,1800,11898,0,37,101.0351287982977,15.018099002190866,1834.390544998314,293.78088754412505
1693953631,125,,Aggregated,15.800000,0.000000,37,59,80,100,220,440,760,1000,1600,1800,1800,11908,0,37,100.98057747523917,15.018099002190866,1834.390544998314,293.78090359422237
1693953632,125,,Aggregated,14.900000,0.000000,37,59,80,100,220,440,760,1000,1600,1800,1800,11926,0,37,101.05791288840659,15.018099002190866,1834.390544998314,293.7806473251719
1693953634,125,,Aggregated,14.700000,0.000000,37,59,80,100,220,440,760,1000,1600,1800,1800,11945,0,37,100.99014547502163,15.018099002190866,1834.390544998314,293.7805776475513
1693953635,125,,Aggregated,14.000000,0.000000,37,59,80,100,220,440,760,1000,1600,1800,1800,11962,0,37,100.93816305819573,15.018099002190866,1834.390544998314,293.78080588530344
1693953636,125,,Aggregated,14.600000,0.000000,37,59,80,100,210,440,760,1000,1600,1800,1800,11983,0,37,100.84842147151214,15.018099002190866,1834.390544998314,293.78093966452474
1693953637,125,,Aggregated,14.600000,0.000000,37,59,80,100,210,440,760,1000,1600,1800,1800,11995,0,37,100.81471218958954,15.018099002190866,1834.390544998314,293.78099208003334
1693953638,125,,Aggregated,15.300000,0.000000,37,59,80,100,210,440,760,1000,1500,1800,1800,12009,0,37,100.76887409468941,15.018099002190866,1834.390544998314,293.7811641269048
1693953639,125,,Aggregated,15.400000,0.000000,37,59,80,100,210,440,760,1000,1500,1800,1800,12023,0,37,100.73753800641406,15.018099002190866,1834.390544998314,293.7812525991849
1693953640,125,,Aggregated,15.000000,0.000000,37,59,80,100,210,440,760,1000,1500,1800,1800,12033,0,37,100.69556925497521,15.018099002190866,1834.390544998314,293.78110196958363
1693953641,125,,Aggregated,14.900000,0.000000,37,59,81,100,220,440,760,1000,1500,1800,1800,12044,0,37,101.03208548066401,15.018099002190866,1834.390544998314,293.7812188641647
1693953642,125,,Aggregated,14.800000,0.000000,37,60,81,100,220,450,770,1000,1500,1800,1800,12068,0,37,101.64398735416982,15.018099002190866,1834.390544998314,293.78157109711634
1693953643,125,,Aggregated,14.200000,0.000000,37,60,81,100,220,450,770,1000,1500,1800,1800,12083,0,37,101.61987055111472,15.018099002190866,1834.390544998314,293.78134569229496
1693953644,125,,Aggregated,15.900000,0.000000,37,60,81,100,220,450,770,1000,1500,1800,1800,12098,0,37,101.55429962085721,15.018099002190866,1834.390544998314,293.781534137874
1693953645,125,,Aggregated,15.600000,0.000000,37,60,81,100,220,440,770,1000,1500,1800,1800,12115,0,37,101.52761115552023,15.018099002190866,1834.390544998314,293.78159306644653
1693953646,125,,Aggregated,14.800000,0.000000,37,60,81,100,220,440,770,1000,1500,1800,1800,12127,0,37,101.55978783376997,15.018099002190866,1834.390544998314,293.78164426486353
1693953647,125,,Aggregated,14.800000,0.000000,37,60,81,100,220,440,770,1000,1500,1800,1800,12147,0,37,101.53515543970815,15.018099002190866,1834.390544998314,293.78142751296616
1693953648,130,,Aggregated,14.000000,0.000000,37,60,81,100,220,450,760,1000,1500,1800,1800,12159,0,37,101.81209695132257,15.018099002190866,1834.390544998314,293.781478740028
1693953649,130,,Aggregated,15.100000,0.000000,37,60,82,100,220,450,780,1000,1500,1800,1800,12176,0,37,102.79921684363748,15.018099002190866,1834.390544998314,293.78129106438894
1693953650,130,,Aggregated,14.800000,0.000000,37,60,82,100,230,460,790,1000,1500,1800,1800,12189,0,37,103.52092610592547,15.018099002190866,1834.390544998314,293.7814422840266
1693953651,130,,Aggregated,14.700000,0.000000,37,60,82,100,230,470,810,1000,1500,1800,1800,12205,0,37,104.66711931168588,15.018099002190866,1834.390544998314,293.7812371978697
1693953652,130,,Aggregated,15.400000,0.000000,38,61,83,110,230,480,820,1000,1500,1800,1800,12227,0,38,105.41233338391473,15.018099002190866,1834.390544998314,293.78089474114665
1693953653,130,,Aggregated,15.800000,0.000000,38,61,83,110,230,480,820,1000,1500,1800,1800,12252,0,38,105.33188767443029,15.018099002190866,1834.390544998314,293.78101534443357
1693953654,130,,Aggregated,15.700000,0.000000,38,61,83,110,230,480,820,1000,1500,1800,1800,12268,0,38,105.31136229084814,15.018099002190866,1834.390544998314,293.78097489403325
1693953655,130,,Aggregated,16.000000,0.000000,38,61,83,110,230,480,820,1000,1500,1800,1800,12277,0,38,105.26215509140111,15.018099002190866,1834.390544998314,293.7809725502973
1693953656,130,,Aggregated,16.500000,0.000000,38,61,83,100,230,480,820,1000,1500,1800,1800,12286,0,38,105.2220257724341,15.018099002190866,1834.390544998314,293.7808888165392
1693953657,130,,Aggregated,16.200000,0.000000,38,61,83,110,230,480,820,1000,1500,1800,1800,12302,0,38,105.6203103204466,15.018099002190866,1834.390544998314,293.78068606730614
1693953658,130,,Aggregated,16.200000,0.000000,38,61,83,110,230,480,820,1000,1500,1800,1800,12320,0,38,105.74409469887483,15.018099002190866,1834.390544998314,293.78076298701296
1693953659,130,,Aggregated,14.900000,0.000000,38,61,83,110,230,480,820,1000,1500,1800,1800,12331,0,38,105.6747660734847,15.018099002190866,1834.390544998314,293.78087746330385
1693953660,130,,Aggregated,15.600000,0.000000,38,61,83,110,230,480,820,1000,1500,1800,1800,12346,0,38,105.59488211664785,15.018099002190866,1834.390544998314,293.78114369026406
1693953661,130,,Aggregated,15.700000,0.000000,38,61,83,110,230,480,820,1000,1500,1800,1800,12361,0,38,105.54667084913335,15.018099002190866,1834.390544998314,293.7810856726802
1693953662,130,,Aggregated,15.300000,0.000000,38,61,83,110,230,480,820,1000,1500,1800,1800,12375,0,38,105.54634323128438,15.018099002190866,1834.390544998314,293.78076767676765
1693953663,130,,Aggregated,15.200000,0.000000,38,61,83,110,230,480,820,1000,1500,1800,1800,12392,0,38,105.63768032586621,15.018099002190866,1834.390544998314,293.78082633957393
1693953664,130,,Aggregated,14.500000,0.000000,38,61,83,110,230,480,820,1000,1500,1800,1800,12404,0,38,105.60789850291287,15.018099002190866,1834.390544998314,293.7807965172525
1693953665,130,,Aggregated,14.200000,0.000000,38,61,84,110,230,480,820,1000,1500,1800,1800,12421,0,38,105.68046530103324,15.018099002190866,1834.390544998314,293.7806939859915
1693953666,130,,Aggregated,14.200000,0.000000,38,61,84,110,230,480,820,1000,1500,1800,1800,12446,0,38,105.60056387957113,15.018099002190866,1834.390544998314,293.7805720713482
1693953667,130,,Aggregated,13.600000,0.000000,38,61,84,110,230,480,820,1000,1500,1800,1800,12463,0,38,105.54662563541169,15.018099002190866,1834.390544998314,293.7807911417797
1693953668,130,,Aggregated,15.100000,0.000000,38,61,84,110,230,480,820,1000,1500,1800,1800,12477,0,38,105.49686637670358,15.018099002190866,1834.390544998314,293.78103710827924
1693953669,130,,Aggregated,15.600000,0.000000,38,61,84,110,230,480,820,1000,1500,1800,1800,12491,0,38,105.4454722929416,15.018099002190866,1834.390544998314,293.7812024657754
1693953670,130,,Aggregated,15.800000,0.000000,38,61,84,110,230,480,810,1000,1500,1800,1800,12503,0,38,105.60304632977176,15.018099002190866,1834.390544998314,293.7812524994001
1693953671,130,,Aggregated,15.800000,0.000000,38,61,84,110,240,480,810,1000,1500,1800,1800,12523,0,38,105.9542890089541,15.018099002190866,1834.390544998314,293.78104288109876
1693953672,130,,Aggregated,15.600000,0.000000,38,61,84,110,240,480,810,1000,1500,1800,1800,12538,0,38,106.06261046531601,15.018099002190866,1834.390544998314,293.7809060456213
1693953673,130,,Aggregated,16.000000,0.000000,38,61,84,110,240,480,810,1000,1500,1800,1800,12554,0,38,106.01387485917866,15.018099002190866,1834.390544998314,293.78094631193244
1693953674,130,,Aggregated,15.800000,0.000000,38,62,85,110,240,490,810,1000,1500,1800,1800,12573,0,38,106.529487678767,15.018099002190866,1834.390544998314,293.7807205917442
1693953675,130,,Aggregated,15.700000,0.000000,38,62,85,110,240,490,810,1000,1500,1800,1800,12588,0,38,106.50915071553409,15.018099002190866,1834.390544998314,293.78058468382585
1693953676,130,,Aggregated,15.500000,0.000000,38,62,85,110,240,490,810,1000,1500,1800,1800,12600,0,38,106.45264898112269,15.018099002190866,1834.390544998314,293.78039682539685
1693953677,130,,Aggregated,16.900000,0.000000,38,62,85,110,240,490,810,1000,1500,1800,1800,12619,0,38,106.41030585689349,15.018099002190866,1834.390544998314,293.780331246533
1693953678,130,,Aggregated,15.600000,0.000000,38,62,85,110,240,480,810,1000,1500,1800,1800,12639,0,38,106.33434056390107,15.018099002190866,1834.390544998314,293.7803623704407
1693953679,130,,Aggregated,15.300000,0.000000,38,62,85,110,240,480,800,1000,1500,1800,1800,12654,0,38,106.4092639030454,15.018099002190866,1834.390544998314,293.7803066224119
1693953680,130,,Aggregated,15.300000,0.000000,38,62,85,110,240,480,800,1000,1500,1800,1800,12668,0,38,106.39640394609604,15.018099002190866,1834.390544998314,293.7804704767919
1693953681,130,,Aggregated,15.800000,0.000000,38,62,85,110,240,480,800,1000,1500,1800,1800,12689,0,38,106.56675070061846,15.018099002190866,1834.390544998314,293.78059736779886
1693953682,130,,Aggregated,16.200000,0.000000,38,62,85,110,240,480,800,1000,1500,1800,1800,12708,0,38,106.5066463460145,15.018099002190866,1834.390544998314,293.78037456720176
1693953683,130,,Aggregated,15.900000,0.000000,38,62,86,110,240,480,800,1000,1500,1800,1800,12727,0,38,106.68227905957188,15.018099002190866,1834.390544998314,293.78046672428695
1693953685,130,,Aggregated,16.200000,0.000000,38,62,86,110,240,480,800,1000,1500,1800,1800,12741,0,38,106.63976489389923,15.018099002190866,1834.390544998314,293.7806294639353
1693953686,130,,Aggregated,17.200000,0.000000,38,62,86,110,240,480,800,1000,1500,1800,1800,12756,0,38,106.7479255902456,15.018099002190866,1834.390544998314,293.780260269677
1693953687,130,,Aggregated,16.400000,0.000000,38,63,86,110,250,490,800,1000,1500,1800,1800,12773,0,38,107.36997847312092,15.018099002190866,1834.390544998314,293.78016127769513
1693953688,130,,Aggregated,16.400000,0.000000,38,63,86,110,250,490,800,1000,1500,1800,1800,12787,0,38,107.40817369517241,15.018099002190866,1834.390544998314,293.78040197075154
1693953689,130,,Aggregated,16.700000,0.000000,38,63,87,110,250,490,800,1000,1500,1800,1800,12798,0,38,107.4061226882453,15.018099002190866,1834.390544998314,293.7802000312549
1693953690,130,,Aggregated,16.500000,0.000000,38,63,87,110,250,490,800,1000,1500,1800,1800,12816,0,38,107.43564371092087,15.018099002190866,1834.390544998314,293.78004057428217
1693953691,130,,Aggregated,15.600000,0.000000,38,63,87,110,250,490,800,1000,1500,1800,1800,12832,0,38,108.04999756157802,15.018099002190866,1834.390544998314,293.7801589775561
1693953692,130,,Aggregated,15.800000,0.000000,38,63,88,110,250,500,800,1000,1500,1800,1800,12849,0,38,108.73473258581674,15.018099002190866,1834.390544998314,293.780294186318
1693953693,130,,Aggregated,16.100000,0.000000,38,63,88,110,250,510,800,1000,1500,1800,1800,12867,0,38,108.97661974431941,15.018099002190866,1834.390544998314,293.78044610243256
1693953694,130,,Aggregated,15.700000,0.000000,38,63,88,110,250,500,800,1000,1500,1800,1800,12883,0,38,109.00873711101192,15.018099002190866,1834.390544998314,293.78064115501047
1693953695,130,,Aggregated,15.600000,0.000000,38,63,88,110,260,510,800,1000,1500,1800,1800,12900,0,38,109.43550106652499,15.018099002190866,1834.390544998314,293.78077519379843
1693953696,130,,Aggregated,15.400000,0.000000,38,63,89,110,260,510,800,1000,1500,1800,1800,12923,0,38,109.80089965419577,15.018099002190866,1834.390544998314,293.78062369418865
1693953697,130,,Aggregated,15.500000,0.000000,38,64,89,110,260,510,800,1000,1500,1800,1800,12940,0,38,109.8022463284528,15.018099002190866,1834.390544998314,293.78068006182383
1693953698,130,,Aggregated,16.500000,0.000000,38,64,89,110,260,510,800,1000,1500,1800,1800,12955,0,38,109.78663710692264,15.018099002190866,1834.390544998314,293.7808568120417
1693953699,130,,Aggregated,16.200000,0.000000,38,64,89,110,260,510,800,1000,1500,1800,1800,12974,0,38,109.74121405312016,15.018099002190866,1834.390544998314,293.7804840450131
1693953700,130,,Aggregated,16.700000,0.000000,38,64,89,110,260,510,800,1000,1500,1800,1800,12994,0,38,109.71912956042712,15.018099002190866,1834.390544998314,293.7805140834231
1693953701,130,,Aggregated,17.400000,0.000000,38,64,89,110,260,510,800,1000,1500,1800,1800,13009,0,38,109.6481417227453,15.018099002190866,1834.390544998314,293.7805365516181
1693953702,130,,Aggregated,17.400000,0.000000,38,64,89,110,260,510,800,1000,1500,1800,1800,13024,0,38,109.56846325208748,15.018099002190866,1834.390544998314,293.78071253071255
1693953703,130,,Aggregated,17.500000,0.000000,38,64,89,110,260,510,800,1000,1500,1800,1800,13045,0,38,109.53615837203456,15.018099002190866,1834.390544998314,293.78045228056726
1693953704,130,,Aggregated,17.300000,0.000000,38,64,89,110,260,510,800,1000,1500,1800,1800,13056,0,38,109.48125777789352,15.018099002190866,1834.390544998314,293.7805606617647
1693953705,130,,Aggregated,17.200000,0.000000,38,64,89,110,250,510,800,1000,1500,1800,1800,13071,0,38,109.39850362253631,15.018099002190866,1834.390544998314,293.78065947517405
1693953706,130,,Aggregated,16.900000,0.000000,38,64,89,110,250,500,800,1000,1500,1800,1800,13087,0,38,109.34527343288491,15.018099002190866,1834.390544998314,293.7808512264079
1693953707,135,,Aggregated,16.800000,0.000000,38,64,89,110,260,500,800,1000,1500,1800,1800,13102,0,38,109.48000074966973,15.018099002190866,1834.390544998314,293.7807968249122
1693953708,135,,Aggregated,16.000000,0.000000,38,64,90,120,260,510,800,1000,1500,1800,1800,13121,0,38,110.10660542581931,15.018099002190866,1834.390544998314,293.780733175825
1693953709,135,,Aggregated,16.300000,0.000000,38,64,90,120,260,510,800,1000,1500,1800,1800,13140,0,38,110.153513017517,15.018099002190866,1834.390544998314,293.7808219178082
1693953710,135,,Aggregated,15.600000,0.000000,38,64,90,120,260,510,790,1000,1500,1800,1800,13162,0,38,110.07649865302871,15.018099002190866,1834.390544998314,293.7811122929646
1693953711,135,,Aggregated,15.800000,0.000000,38,64,90,120,260,510,790,1000,1500,1800,1800,13175,0,38,110.01777467841892,15.018099002190866,1834.390544998314,293.78102466793166
1693953712,135,,Aggregated,16.300000,0.000000,38,64,90,120,260,510,790,1000,1500,1800,1800,13190,0,38,109.96463807347772,15.018099002190866,1834.390544998314,293.7811220621683
1693953713,135,,Aggregated,16.400000,0.000000,38,64,90,120,260,510,790,1000,1500,1800,1800,13204,0,38,109.88664459460531,15.018099002190866,1834.390544998314,293.78112693123296
1693953714,135,,Aggregated,16.200000,0.000000,38,64,90,120,260,510,790,1000,1500,1800,1800,13223,0,38,109.97441838509964,15.018099002190866,1834.390544998314,293.78106329879756
1693953715,135,,Aggregated,15.800000,0.000000,38,65,90,120,260,510,790,1000,1500,1800,1800,13239,0,38,109.91650187266158,15.018099002190866,1834.390544998314,293.7811012916383
1693953716,135,,Aggregated,16.100000,0.000000,38,64,90,120,260,510,790,1000,1500,1800,1800,13254,0,38,109.84786771353374,15.018099002190866,1834.390544998314,293.7810472310246
1693953717,135,,Aggregated,16.500000,0.000000,38,64,90,120,260,510,790,1000,1500,1800,1800,13270,0,38,109.79408204899639,15.018099002190866,1834.390544998314,293.78078372268277
1693953718,135,,Aggregated,16.400000,0.000000,38,64,90,120,260,510,790,1000,1500,1800,1800,13283,0,38,109.71586671694536,15.018099002190866,1834.390544998314,293.78084770006774
1693953719,135,,Aggregated,16.400000,0.000000,38,65,90,120,260,510,790,1000,1500,1800,1800,13298,0,38,109.72160744459198,15.018099002190866,1834.390544998314,293.7808693036547
1693953720,135,,Aggregated,16.500000,0.000000,38,65,90,120,260,510,790,990,1500,1800,1800,13318,0,38,109.80913226048843,15.018099002190866,1834.390544998314,293.78082294638835
1693953721,135,,Aggregated,15.700000,0.000000,38,65,90,120,260,510,790,990,1500,1800,1800,13339,0,38,110.1248143119563,15.018099002190866,1834.390544998314,293.7804932903516
1693953722,135,,Aggregated,15.400000,0.000000,38,65,91,120,260,510,790,990,1500,1800,1800,13362,0,38,110.15129313704382,15.018099002190866,1834.390544998314,293.7807214488849
1693953723,135,,Aggregated,15.500000,0.000000,38,65,91,120,260,510,790,990,1500,1800,1800,13382,0,38,110.44628167569745,15.018099002190866,1834.390544998314,293.7805260798087
1693953724,135,,Aggregated,16.200000,0.000000,38,65,91,120,260,510,790,990,1500,1800,1800,13399,0,38,110.36590156184681,15.018099002190866,1834.390544998314,293.78043137547576
1693953725,135,,Aggregated,17.100000,0.000000,38,65,91,120,260,510,790,990,1500,1800,1800,13410,0,38,110.31735330717243,15.018099002190866,1834.390544998314,293.78038777032066
1693953726,135,,Aggregated,17.300000,0.000000,38,65,91,120,260,510,790,990,1500,1800,1800,13422,0,38,110.2673340629706,15.018099002190866,1834.390544998314,293.7804351065415
1693953727,135,,Aggregated,17.200000,0.000000,39,65,91,120,260,510,790,990,1500,1800,1800,13439,0,39,110.20208399376354,15.018099002190866,1834.390544998314,293.7805640300618
1693953728,135,,Aggregated,16.800000,0.000000,39,65,91,120,260,500,790,990,1500,1800,1800,13461,0,39,110.12310175367341,15.018099002190866,1834.390544998314,293.78055122204887
1693953729,135,,Aggregated,16.500000,0.000000,39,65,91,120,260,500,790,990,1500,1800,1800,13479,0,39,110.02545955383859,15.018099002190866,1834.390544998314,293.7806958973218
1693953730,135,,Aggregated,16.600000,0.000000,39,65,91,120,260,500,790,990,1500,1800,1800,13498,0,39,110.11387364299804,15.018099002190866,1834.390544998314,293.78078233812414
1693953731,135,,Aggregated,17.700000,0.000000,39,65,91,120,260,500,780,990,1500,1800,1800,13515,0,39,110.04647180016165,15.018099002190866,1834.390544998314,293.78054014058455
1693953733,135,,Aggregated,17.300000,0.000000,39,65,91,120,260,500,780,990,1500,1800,1800,13526,0,39,109.99893478672112,15.018099002190866,1834.390544998314,293.78042288925036
1693953734,135,,Aggregated,17.400000,0.000000,39,65,91,120,260,500,780,990,1500,1800,1800,13542,0,39,109.93393473336262,15.018099002190866,1834.390544998314,293.7803130999852
1693953735,135,,Aggregated,16.000000,0.000000,39,65,91,120,260,500,780,990,1500,1800,1800,13564,0,39,110.25907251475955,15.018099002190866,1834.390544998314,293.78052196992036
1693953736,135,,Aggregated,15.800000,0.000000,39,65,91,120,260,500,780,990,1500,1800,1800,13582,0,39,110.24714124040685,15.018099002190866,1834.390544998314,293.780591959947
1693953737,135,,Aggregated,16.200000,0.000000,39,65,92,120,260,500,780,990,1500,1800,1800,13594,0,39,110.4167813756217,15.018099002190866,1834.390544998314,293.7807120788583
1693953738,135,,Aggregated,16.900000,0.000000,39,65,92,120,270,510,790,990,1500,1800,1800,13605,0,39,110.97878357972847,15.018099002190866,1834.390544998314,293.7808893789048
1693953739,135,,Aggregated,16.800000,0.000000,39,66,92,120,270,510,810,1000,1500,1800,1800,13620,0,39,112.14351009950137,15.018099002190866,1834.390544998314,293.78083700440527
1693953740,135,,Aggregated,16.200000,0.000000,39,66,93,120,270,520,840,1100,1500,1800,1800,13643,0,39,114.00946721763583,15.018099002190866,1834.390544998314,293.7808399912043
1693953741,135,,Aggregated,15.600000,0.000000,39,66,93,120,280,530,860,1100,1500,1800,1800,13659,0,39,114.95409845085288,15.018099002190866,1834.390544998314,293.78080386558315
1693953742,135,,Aggregated,16.100000,0.000000,39,66,94,120,280,540,860,1100,1500,1800,1800,13685,0,39,115.90216949552034,15.018099002190866,1834.390544998314,293.78107416879794
1693953743,135,,Aggregated,15.900000,0.000000,39,66,94,120,280,540,860,1100,1500,1800,1800,13698,0,39,115.81973012660238,15.018099002190866,1834.390544998314,293.7809899255366
1693953744,135,,Aggregated,16.300000,0.000000,39,66,94,120,280,540,860,1100,1500,1800,1800,13713,0,39,115.73775230563645,15.018099002190866,1834.390544998314,293.7808648727485
1693953745,135,,Aggregated,16.900000,0.000000,39,66,94,120,280,540,860,1100,1500,1800,1800,13732,0,39,115.7504141553449,15.018099002190866,1834.390544998314,293.78109525196624
1693953746,135,,Aggregated,16.800000,0.000000,39,66,94,120,280,540,860,1100,1500,1800,1800,13746,0,39,115.71280693381357,15.018099002190866,1834.390544998314,293.78117270478685
1693953747,135,,Aggregated,16.300000,0.000000,39,66,94,120,280,540,860,1100,1500,1800,1800,13762,0,39,115.66476865326304,15.018099002190866,1834.390544998314,293.78113646272345
1693953748,135,,Aggregated,16.300000,0.000000,39,66,94,120,280,540,860,1100,1500,1800,1800,13778,0,39,115.60753824990606,15.018099002190866,1834.390544998314,293.78124546378285
1693953749,135,,Aggregated,16.600000,0.000000,39,66,94,120,280,540,860,1100,1500,1800,1800,13790,0,39,115.53676925976792,15.018099002190866,1834.390544998314,293.78100072516315
1693953750,135,,Aggregated,17.000000,0.000000,39,66,94,120,280,540,860,1100,1500,1800,1800,13804,0,39,115.4637321857572,15.018099002190866,1834.390544998314,293.7810779484208
1693953751,135,,Aggregated,16.400000,0.000000,39,66,94,120,280,540,860,1100,1500,1800,1800,13820,0,39,115.40555599277852,15.018099002190866,1834.390544998314,293.78111432706226
1693953752,135,,Aggregated,16.100000,0.000000,39,66,94,120,280,540,860,1100,1500,1800,1800,13834,0,39,115.43091791168116,15.018099002190866,1834.390544998314,293.7809021251988
1693953753,135,,Aggregated,15.500000,0.000000,39,66,94,120,280,540,860,1100,1500,1800,1800,13851,0,39,115.69572482609209,15.018099002190866,1834.390544998314,293.7808822467692
1693953754,135,,Aggregated,14.900000,0.000000,39,67,94,120,280,530,860,1100,1500,1800,1800,13871,0,39,115.83878955895023,15.018099002190866,1834.390544998314,293.78083771898207
1693953755,135,,Aggregated,14.500000,0.000000,39,67,94,120,290,530,860,1100,1500,1800,1800,13888,0,39,116.06092500318285,15.018099002190866,1834.390544998314,293.7809619815668
1693953756,135,,Aggregated,15.400000,0.000000,39,67,95,120,290,530,860,1100,1500,1800,1800,13906,0,39,116.3059971842522,15.018099002190866,1834.390544998314,293.7808859485114
1693953757,135,,Aggregated,15.500000,0.000000,39,67,95,120,290,530,860,1100,1500,1800,1800,13919,0,39,116.57729401582074,15.018099002190866,1834.390544998314,293.78073137438037
1693953758,135,,Aggregated,15.400000,0.000000,39,68,96,120,290,540,860,1100,1500,1800,1800,13938,0,39,117.52335607011064,15.018099002190866,1834.390544998314,293.78067154541543
1693953759,135,,Aggregated,15.500000,0.000000,39,68,96,130,300,550,860,1100,1500,1800,1800,13953,0,39,117.89033476995614,15.018099002190866,1834.390544998314,293.7806206550563
1693953760,135,,Aggregated,15.100000,0.000000,39,68,97,130,300,550,860,1100,1500,1800,1800,13979,0,39,118.2715258433511,15.018099002190866,1834.390544998314,293.780742542385
1693953761,135,,Aggregated,16.500000,0.000000,39,68,97,130,300,550,860,1100,1500,1800,1800,13995,0,39,118.18673410633801,15.018099002190866,1834.390544998314,293.7807073954984
1693953762,135,,Aggregated,16.500000,0.000000,39,68,96,130,300,550,860,1100,1500,1800,1800,14014,0,39,118.0851222326389,15.018099002190866,1834.390544998314,293.78064792350506
1693953763,135,,Aggregated,17.500000,0.000000,39,68,96,130,300,550,860,1100,1500,1800,1800,14026,0,39,118.0495447502636,15.018099002190866,1834.390544998314,293.78076429488095
1693953764,135,,Aggregated,17.600000,0.000000,39,68,97,130,300,550,860,1100,1500,1800,1800,14044,0,39,118.35167137113339,15.018099002190866,1834.390544998314,293.7809740814583
1693953765,135,,Aggregated,17.900000,0.000000,39,68,97,130,300,550,860,1100,1500,1800,1800,14060,0,39,118.27785721722553,15.018099002190866,1834.390544998314,293.78100995732575
1693953766,135,,Aggregated,16.400000,0.000000,39,68,96,130,300,550,860,1100,1500,1800,1800,14076,0,39,118.19651160153377,15.018099002190866,1834.390544998314,293.781045751634
1693953767,140,,Aggregated,16.600000,0.000000,39,68,97,130,300,550,860,1100,1500,1800,1800,14095,0,39,118.31182993637327,15.018099002190866,1834.390544998314,293.7807023767293
1693953768,140,,Aggregated,16.500000,0.000000,39,68,97,130,300,550,860,1100,1500,1800,1800,14109,0,39,118.2339432769989,15.018099002190866,1834.390544998314,293.7808491034092
1693953769,140,,Aggregated,16.300000,0.000000,39,68,97,130,300,550,860,1100,1500,1800,1800,14121,0,39,118.56811719036709,15.018099002190866,1834.390544998314,293.7808937044119
1693953770,140,,Aggregated,17.700000,0.000000,39,68,97,130,300,550,860,1100,1500,1800,1800,14124,0,39,118.79007999342777,15.018099002190866,1834.390544998314,293.78094024355704
1693953771,140,,Aggregated,16.500000,0.000000,39,68,98,130,310,560,890,1100,1700,2100,2200,14145,0,39,121.26299895101954,15.018099002190866,2165.198615999543,293.7811240721103
1693953772,140,,Aggregated,15.600000,0.000000,39,68,98,130,310,570,910,1200,2100,2500,2600,14162,0,39,123.62185681684588,15.018099002190866,2587.931906000449,293.781174975286
1693953773,140,,Aggregated,14.200000,0.000000,40,69,98,130,320,580,930,1200,2300,2600,2800,14181,0,40,126.40026457500622,15.018099002190866,2760.040813998785,293.78111557718074
1693953774,140,,Aggregated,14.400000,0.000000,40,69,99,130,320,590,960,1300,2300,2600,2800,14202,1,40,128.92783374187755,15.018099002190866,2760.040813998785,293.88191803971273
1693953775,140,,Aggregated,14.600000,0.000000,40,69,99,130,330,600,980,1300,2300,2600,2800,14221,1,40,130.76140096252954,15.018099002190866,2760.040813998785,293.8819351663034
1693953776,140,,Aggregated,15.600000,0.000000,40,69,100,130,330,610,1000,1400,2300,2600,2800,14239,1,40,132.32429237306977,15.018099002190866,2760.040813998785,293.88187372708757
1693953777,140,,Aggregated,15.500000,0.100000,40,70,100,130,340,620,1000,1400,2300,2600,2800,14264,1,40,133.30536741854715,15.018099002190866,2760.040813998785,293.8816601233876
1693953778,140,,Aggregated,15.800000,0.100000,40,70,100,130,340,620,1000,1400,2300,2600,2800,14280,1,40,133.21943898684574,15.018099002190866,2760.040813998785,293.8815826330532
1693953780,140,,Aggregated,16.600000,0.100000,40,70,100,130,340,620,1000,1400,2300,2600,2800,14295,1,40,133.18964489193166,15.018099002190866,2760.040813998785,293.8812172088143
1693953781,140,,Aggregated,16.500000,0.100000,40,70,100,130,340,620,1000,1400,2300,2600,2800,14310,1,40,133.11607295053528,15.018099002190866,2760.040813998785,293.8812718378756
1693953782,140,,Aggregated,16.700000,0.100000,40,70,100,130,330,620,1000,1400,2300,2600,2800,14325,1,40,133.01936579547376,15.018099002190866,2760.040813998785,293.8812565445026
1693953783,140,,Aggregated,18.100000,0.100000,40,70,100,130,330,620,1000,1400,2300,2600,2800,14342,1,40,132.94024059407116,15.018099002190866,2760.040813998785,293.88090921768236
1693953784,140,,Aggregated,17.800000,0.100000,40,70,100,130,330,610,1000,1400,2300,2600,2800,14363,1,40,132.88010555741695,15.018099002190866,2760.040813998785,293.8808048457843
1693953785,140,,Aggregated,17.600000,0.100000,40,70,100,130,330,620,1000,1400,2300,2600,2800,14372,1,40,132.99770799221997,15.018099002190866,2760.040813998785,293.8807403284164
1693953786,140,,Aggregated,17.600000,0.100000,40,70,100,130,340,620,1000,1400,2300,2600,2800,14397,1,40,134.28291326895774,15.018099002190866,2760.040813998785,293.8802528304508
1693953787,140,,Aggregated,16.800000,0.000000,40,70,100,130,340,620,1000,1400,2300,2600,2800,14412,1,40,134.2162306061049,15.018099002190866,2760.040813998785,293.8801693033583
1693953788,140,,Aggregated,17.500000,0.000000,40,70,100,130,340,620,1000,1400,2300,2600,2800,14427,1,40,134.12090039455035,15.018099002190866,2760.040813998785,293.88015526443473
1693953789,140,,Aggregated,16.800000,0.000000,40,70,100,130,340,620,1000,1400,2300,2600,2800,14446,1,40,134.12920628957346,15.018099002190866,2760.040813998785,293.8801744427523
1693953790,140,,Aggregated,15.800000,0.000000,40,70,100,140,340,620,1000,1400,2300,2600,2800,14463,1,40,134.19501027886187,15.018099002190866,2760.040813998785,293.8801770033879
1693953791,140,,Aggregated,16.200000,0.000000,40,70,100,140,340,620,1000,1400,2300,2600,2800,14474,1,40,134.12178935471744,15.018099002190866,2760.040813998785,293.8801989774769
1693953792,140,,Aggregated,16.600000,0.000000,40,70,100,130,340,620,1000,1400,2300,2600,2800,14490,1,40,134.0239214375554,15.018099002190866,2760.040813998785,293.8799861973775
1693953793,140,,Aggregated,16.200000,0.000000,40,70,100,140,340,620,1000,1400,2300,2600,2800,14506,1,40,134.06468520716783,15.018099002190866,2760.040813998785,293.87991176065077
1693953794,140,,Aggregated,16.000000,0.000000,40,70,100,140,340,620,1000,1400,2300,2600,2800,14529,1,40,134.20001025508782,15.018099002190866,2760.040813998785,293.8795512423429
1693953795,140,,Aggregated,16.300000,0.000000,40,70,100,140,340,620,1000,1400,2300,2600,2800,14542,1,40,134.163467132937,15.018099002190866,2760.040813998785,293.87924632100123
1693953796,140,,Aggregated,16.300000,0.000000,40,70,100,140,340,630,1000,1400,2300,2600,2800,14558,1,40,134.86777946154487,15.018099002190866,2760.040813998785,293.8790355818107
1693953797,140,,Aggregated,17.000000,0.000000,40,71,100,140,350,630,1000,1400,2300,2600,2800,14575,1,40,135.70329434759344,15.018099002190866,2760.040813998785,293.87917667238423
1693953798,140,,Aggregated,15.600000,0.000000,40,71,100,140,350,640,1000,1400,2300,2600,2800,14590,1,40,136.61345721399437,15.018099002190866,2760.040813998785,293.8790952707334
1693953799,140,,Aggregated,16.000000,0.000000,40,71,100,140,350,650,1100,1400,2300,2600,2800,14608,1,40,138.01371154916268,15.018099002190866,2760.040813998785,293.87876506024094
1693953800,140,,Aggregated,16.000000,0.000000,40,71,100,140,360,660,1100,1400,2300,2600,2800,14626,1,40,139.71329242001696,15.018099002190866,2760.040813998785,293.8787775194858
1693953801,140,,Aggregated,15.900000,0.000000,41,71,100,140,360,680,1100,1400,2300,2600,2800,14647,1,41,141.3949079824653,15.018099002190866,2760.040813998785,293.87874650098996
1693953802,140,,Aggregated,15.400000,0.000000,41,71,110,140,370,690,1100,1400,2300,2600,2800,14668,1,41,142.2951254876031,15.018099002190866,2760.040813998785,293.8787155713117
1693953803,140,,Aggregated,16.400000,0.000000,41,72,110,140,370,690,1100,1400,2300,2600,2800,14685,1,41,142.69406724447833,15.018099002190866,2760.040813998785,293.87865168539327
1693953804,140,,Aggregated,17.400000,0.000000,41,72,110,140,370,690,1100,1400,2300,2600,2800,14702,1,41,142.59739611686575,15.018099002190866,2760.040813998785,293.8785199292613
1693953805,140,,Aggregated,17.000000,0.000000,41,72,110,140,370,690,1100,1400,2300,2600,2800,14717,1,41,142.4919131456246,15.018099002190866,2760.040813998785,293.8785757966977
1693953806,140,,Aggregated,16.900000,0.000000,41,72,110,140,370,690,1100,1400,2300,2600,2800,14736,1,41,142.42192142176677,15.018099002190866,2760.040813998785,293.87825732899023
1693953807,140,,Aggregated,16.900000,0.000000,41,72,110,140,370,690,1100,1400,2300,2600,2800,14752,1,41,142.31035653898866,15.018099002190866,2760.040813998785,293.8783215835141
1693953808,140,,Aggregated,17.300000,0.000000,41,71,110,140,370,690,1100,1400,2300,2600,2800,14769,1,41,142.18785221356674,15.018099002190866,2760.040813998785,293.87812309567335
1693953809,140,,Aggregated,17.200000,0.000000,41,71,110,140,370,680,1100,1400,2300,2600,2800,14786,1,41,142.10010425362947,15.018099002190866,2760.040813998785,293.87792506424995
1693953810,140,,Aggregated,17.500000,0.000000,41,71,100,140,370,680,1100,1400,2300,2600,2800,14804,1,41,142.0114540378383,15.018099002190866,2760.040813998785,293.8778032964064
1693953811,140,,Aggregated,17.600000,0.000000,41,71,100,140,370,680,1100,1400,2300,2600,2800,14820,1,41,141.92577197558484,15.018099002190866,2760.040813998785,293.8774628879892
1693953812,140,,Aggregated,17.700000,0.000000,41,71,110,140,370,680,1100,1400,2300,2600,2800,14827,1,41,142.0139759385692,15.018099002190866,2760.040813998785,293.87745329466514
1693953813,140,,Aggregated,17.200000,0.000000,41,72,110,140,370,700,1100,1400,2300,2600,2800,14844,2,41,143.2416876707199,15.018099002190866,2760.040813998785,293.9737941255726
1693953814,140,,Aggregated,16.600000,0.000000,41,72,110,140,380,710,1200,1400,2300,2600,2800,14864,2,41,144.76453409440003,15.018099002190866,2760.040813998785,293.9734257265877
1693953815,140,,Aggregated,15.600000,0.000000,41,72,110,140,390,720,1200,1400,2300,2600,2800,14880,2,41,145.54964773468876,15.018099002190866,2760.040813998785,293.9731182795699
1693953816,140,,Aggregated,15.700000,0.100000,41,72,110,140,390,730,1200,1400,2300,2600,2800,14892,2,41,146.15830637779808,15.018099002190866,2760.040813998785,293.97287134031694
1693953817,140,,Aggregated,15.900000,0.100000,41,72,110,150,390,730,1200,1400,2300,2600,2800,14912,2,41,147.72717867758732,15.018099002190866,2760.040813998785,293.9725724248927
1693953818,140,,Aggregated,15.700000,0.100000,41,73,110,150,400,740,1200,1500,2300,2600,2800,14931,2,41,149.0299955471287,15.018099002190866,2760.040813998785,293.97233942803564
1693953819,140,,Aggregated,15.000000,0.100000,41,73,110,150,400,760,1200,1500,2300,2600,2800,14948,2,41,149.92717883029076,15.018099002190866,2760.040813998785,293.97217018999197
1693953820,140,,Aggregated,15.300000,0.100000,41,73,110,150,410,770,1200,1500,2300,2600,2800,14961,2,41,150.4189631841581,15.018099002190866,2760.040813998785,293.9719270102266
1693953821,140,,Aggregated,15.500000,0.100000,41,73,110,150,420,780,1200,1500,2300,2600,2800,14979,3,41,151.57548623741212,15.018099002190866,2760.040813998785,294.06729421189664
1693953822,140,,Aggregated,15.700000,0.100000,42,74,110,150,420,780,1200,1500,2300,2600,2800,14992,3,42,152.5340989502532,15.018099002190866,2760.040813998785,294.0670357524013
1693953823,140,,Aggregated,15.300000,0.100000,42,74,110,150,430,800,1200,1500,2300,2600,2800,15014,3,42,154.1131437013583,15.018099002190866,2760.040813998785,294.0666045024644
1693953825,140,,Aggregated,15.500000,0.200000,42,74,110,150,430,810,1200,1500,2300,2600,2800,15029,3,42,155.09411773326207,15.018099002190866,2760.040813998785,294.0662718743762
1693953826,140,,Aggregated,16.500000,0.100000,42,74,110,150,440,820,1200,1500,2300,2600,2800,15054,3,42,156.6229561620973,15.018099002190866,2760.040813998785,294.0659625348745
1693953827,140,,Aggregated,16.100000,0.100000,42,74,110,150,440,820,1200,1500,2300,2600,2800,15072,3,42,156.65701655037145,15.018099002190866,2760.040813998785,294.06561836518046
1693953828,145,,Aggregated,17.100000,0.100000,42,74,110,150,440,820,1200,1500,2300,2600,2800,15088,3,42,156.8680447851406,15.018099002190866,2760.040813998785,294.06534994697773
1693953829,145,,Aggregated,17.100000,0.100000,42,75,110,150,440,820,1200,1500,2300,2600,2800,15100,3,42,156.8242825329273,15.018099002190866,2760.040813998785,294.06509933774834
1693953830,145,,Aggregated,17.400000,0.100000,42,75,110,150,440,820,1200,1500,2300,2600,2800,15120,3,42,156.7171005958465,15.018099002190866,2760.040813998785,294.0649470899471
1693953831,145,,Aggregated,16.800000,0.100000,42,75,110,150,440,820,1200,1500,2300,2600,2800,15136,3,42,156.60885365870794,15.018099002190866,2760.040813998785,294.06434989429175
1693953832,145,,Aggregated,16.800000,0.100000,42,75,110,150,440,820,1200,1500,2300,2600,2800,15152,3,42,156.52816107868264,15.018099002190866,2760.040813998785,294.0641499472017
1693953833,145,,Aggregated,17.300000,0.100000,42,75,110,150,440,820,1200,1500,2300,2600,2800,15176,3,42,156.5303901828671,15.018099002190866,2760.040813998785,294.0638508170796
1693953834,145,,Aggregated,16.800000,0.000000,42,75,110,150,440,820,1200,1500,2300,2600,2800,15191,3,42,156.47387919934064,15.018099002190866,2760.040813998785,294.06339279836743
1693953835,145,,Aggregated,17.700000,0.000000,42,75,110,150,440,820,1200,1500,2300,2600,2800,15217,3,42,156.44052428252527,15.018099002190866,2760.040813998785,294.06289018860485
1693953836,145,,Aggregated,17.400000,0.000000,42,75,110,150,440,820,1200,1500,2300,2600,2800,15236,3,42,156.34999434524664,15.018099002190866,2760.040813998785,294.06274612759256
1693953837,145,,Aggregated,18.200000,0.000000,42,75,110,150,440,820,1200,1500,2300,2600,2800,15252,3,42,156.29104139202641,15.018099002190866,2760.040813998785,294.06248360870705
1693953838,145,,Aggregated,17.800000,0.000000,42,75,110,150,430,820,1200,1500,2300,2600,2800,15274,3,42,156.1882635000778,15.018099002190866,2760.040813998785,294.0620662563834
1693953839,145,,Aggregated,17.800000,0.000000,42,75,110,150,430,820,1200,1500,2300,2600,2800,15286,3,42,156.16140841516358,15.018099002190866,2760.040813998785,294.06195211304464
1693953840,145,,Aggregated,18.200000,0.000000,43,76,110,160,440,820,1200,1500,2300,2600,2800,15307,3,43,156.9251281301491,15.018099002190866,2760.040813998785,294.0616058012674
1693953841,145,,Aggregated,18.300000,0.000000,43,76,120,160,440,820,1200,1500,2300,2600,2800,15326,3,43,157.51889757393872,15.018099002190866,2760.040813998785,294.0612684327287
1693953842,145,,Aggregated,18.000000,0.000000,43,76,120,160,440,820,1200,1500,2300,2600,2800,15346,3,43,157.83323844664287,15.018099002190866,2760.040813998785,294.0608627655415
1693953843,145,,Aggregated,18.200000,0.000000,43,76,120,160,450,820,1200,1500,2300,2600,2800,15360,3,43,158.09117604382658,15.018099002190866,2760.040813998785,294.060546875
1693953844,145,,Aggregated,18.600000,0.000000,43,76,120,160,450,810,1200,1500,2300,2600,2800,15382,3,43,158.1409057296954,15.018099002190866,2760.040813998785,294.0599401898323
1693953845,145,,Aggregated,18.300000,0.000000,43,76,120,160,450,810,1200,1500,2300,2600,2800,15403,3,43,158.00028305623425,15.018099002190866,2760.040813998785,294.05959877945855
1693953846,145,,Aggregated,18.400000,0.000000,43,76,120,160,450,810,1200,1500,2300,2600,2800,15422,3,43,157.8906132516652,15.018099002190866,2760.040813998785,294.0593308260926
1693953847,145,,Aggregated,18.200000,0.000000,43,76,120,160,450,810,1200,1500,2300,2600,2800,15438,3,43,157.7731142799704,15.018099002190866,2760.040813998785,294.0590750097163
1693953848,145,,Aggregated,18.400000,0.000000,43,76,120,160,450,810,1200,1500,2300,2600,2800,15447,3,43,157.85989388108953,15.018099002190866,2760.040813998785,294.05897585291643
1693953849,145,,Aggregated,17.900000,0.000000,43,76,120,160,450,820,1200,1500,2300,2600,2800,15462,3,43,158.49612270373692,15.018099002190866,2760.040813998785,294.0587246151856
1693953850,145,,Aggregated,17.300000,0.000000,43,76,120,160,450,820,1200,1500,2300,2600,2800,15482,3,43,159.2172186352658,15.018099002190866,2760.040813998785,294.05832579770055
1693953851,145,,Aggregated,17.100000,0.000000,43,77,120,160,460,830,1200,1500,2300,2600,2800,15497,3,43,159.801718574574,15.018099002190866,2760.040813998785,294.05807575659804
1693953852,145,,Aggregated,18.000000,0.000000,43,77,120,160,470,830,1200,1500,2300,2600,2800,15519,3,43,160.59653187642087,15.018099002190866,2760.040813998785,294.057477930279
1693953853,145,,Aggregated,17.300000,0.000000,43,77,120,160,470,830,1200,1500,2300,2600,2800,15542,3,43,160.59667931251923,15.018099002190866,2760.040813998785,294.05687813666196
1693953854,145,,Aggregated,17.100000,0.000000,44,77,120,160,470,830,1200,1500,2300,2600,2800,15565,3,44,160.77800251192818,15.018099002190866,2760.040813998785,294.0566013491809
1693953855,145,,Aggregated,17.700000,0.000000,43,77,120,160,470,830,1200,1500,2300,2600,2800,15578,3,43,160.68068624657658,15.018099002190866,2760.040813998785,294.05629734240597
1693953856,145,,Aggregated,17.300000,0.000000,43,77,120,160,470,830,1200,1500,2300,2600,2800,15593,3,43,160.5827944692604,15.018099002190866,2760.040813998785,294.05605079202206
1693953857,145,,Aggregated,17.600000,0.000000,44,77,120,160,460,830,1200,1500,2300,2600,2800,15614,3,44,160.49978128277095,15.018099002190866,2760.040813998785,294.0556551812476
1693953858,145,,Aggregated,16.700000,0.000000,44,77,120,160,470,820,1200,1500,2300,2600,2800,15627,3,44,160.60566419633975,15.018099002190866,2760.040813998785,294.0556088820631
1693953859,145,,Aggregated,17.300000,0.000000,44,78,120,160,470,830,1200,1500,2300,2600,2800,15642,3,44,161.2625954294336,15.018099002190866,2760.040813998785,294.05504411200616
1693953860,145,,Aggregated,17.600000,0.000000,44,78,120,170,480,850,1200,1500,2300,2600,2800,15665,4,44,162.58092018711724,15.018099002190866,2760.040813998785,294.1460580912863
1693953861,145,,Aggregated,17.700000,0.000000,44,78,120,170,480,850,1200,1500,2300,2600,2800,15682,4,44,163.09583971745832,15.018099002190866,2760.040813998785,294.1458359903074
1693953862,145,,Aggregated,17.000000,0.000000,44,78,120,170,480,850,1200,1500,2300,2600,2800,15702,4,44,162.95566856465265,15.018099002190866,2760.040813998785,294.14533180486563
1693953863,145,,Aggregated,18.100000,0.100000,44,78,120,170,480,850,1200,1500,2300,2600,2800,15721,4,44,162.8332456816477,15.018099002190866,2760.040813998785,294.1450925513644
1693953864,145,,Aggregated,17.900000,0.100000,44,78,120,170,480,850,1200,1500,2300,2600,2800,15745,4,44,162.75131455866492,15.018099002190866,2760.040813998785,294.1446808510638
1693953865,145,,Aggregated,17.600000,0.100000,44,78,120,170,480,840,1200,1500,2300,2600,2800,15762,4,44,162.8143211605873,15.018099002190866,2760.040813998785,294.1442075878696
1693953866,145,,Aggregated,17.900000,0.100000,44,78,120,170,480,840,1200,1500,2300,2600,2800,15779,4,44,162.7321414996625,15.018099002190866,2760.040813998785,294.1439254705621
1693953867,145,,Aggregated,17.600000,0.100000,44,78,120,170,480,840,1200,1500,2300,2600,2800,15799,4,44,162.69537633553784,15.018099002190866,2760.040813998785,294.143300208874
1693953869,145,,Aggregated,18.200000,0.100000,44,78,120,170,480,840,1200,1400,2300,2600,2800,15811,4,44,162.87335104428269,15.018099002190866,2760.040813998785,294.1430649547783
1693953870,145,,Aggregated,18.200000,0.100000,44,78,120,170,480,850,1200,1400,2300,2600,2800,15822,4,44,163.3575477496622,15.018099002190866,2760.040813998785,294.142649475414
1693953871,145,,Aggregated,18.200000,0.100000,44,79,120,170,490,860,1200,1500,2300,2600,2800,15837,4,44,164.3082770133964,15.018099002190866,2760.040813998785,294.14245122182234
1693953872,145,,Aggregated,17.300000,0.100000,44,79,120,170,490,870,1200,1500,2300,2600,2800,15863,5,44,166.11673307584712,15.018099002190866,2760.040813998785,294.23192334362983
1693953873,145,,Aggregated,16.700000,0.000000,45,79,120,170,500,870,1200,1500,2300,2600,2800,15883,5,45,166.91964892496148,15.018099002190866,2760.040813998785,294.2313165019203
1693953874,145,,Aggregated,17.800000,0.100000,45,79,120,170,500,870,1200,1500,2300,2600,2800,15906,5,45,166.96497050321673,15.018099002190866,2760.040813998785,294.2306048032189
1693953875,145,,Aggregated,17.600000,0.100000,45,80,120,170,500,870,1200,1500,2300,2600,2800,15922,5,45,166.8949735825378,15.018099002190866,2760.040813998785,294.23024745634973
1693953876,145,,Aggregated,17.800000,0.100000,45,80,120,170,500,870,1200,1500,2300,2600,2800,15937,5,45,166.80232451974481,15.018099002190866,2760.040813998785,294.22977975779634
1693953877,145,,Aggregated,17.600000,0.100000,45,80,120,170,500,870,1200,1500,2300,2600,2800,15950,5,45,166.7134624335536,15.018099002190866,2760.040813998785,294.2292789968652
1693953878,145,,Aggregated,17.100000,0.100000,45,80,120,170,500,870,1200,1500,2300,2600,2800,15961,5,45,166.976181749212,15.018099002190866,2760.040813998785,294.2289956769626
1693953879,145,,Aggregated,16.800000,0.100000,45,80,120,170,510,880,1200,1500,2300,2600,2800,15973,5,45,167.61328843355474,15.018099002190866,2760.040813998785,294.2286358229512
1693953880,145,,Aggregated,15.900000,0.100000,45,80,130,180,510,890,1300,1500,2300,2600,2800,15987,5,45,168.79641517627925,15.018099002190866,2760.040813998785,294.22793519734785
1693953881,145,,Aggregated,15.900000,0.100000,45,80,130,180,510,890,1300,1500,2300,2600,2800,16001,5,45,170.11082169821782,15.018099002190866,2760.040813998785,294.2276107743266
1693953882,145,,Aggregated,16.400000,0.100000,45,81,130,180,520,910,1300,1500,2300,2600,2800,16031,6,45,173.11846975785497,15.018099002190866,2760.040813998785,294.31607510448504
1693953883,145,,Aggregated,16.000000,0.100000,45,81,130,180,530,920,1300,1500,2300,2600,2800,16060,6,45,174.38674219191685,15.018099002190866,2760.040813998785,294.3151307596513
1693953884,145,,Aggregated,15.700000,0.000000,45,81,130,180,530,920,1300,1500,2300,2600,2800,16078,6,45,174.25270767690006,15.018099002190866,2760.040813998785,294.31471576066673
1693953885,145,,Aggregated,16.300000,0.100000,45,81,130,180,530,920,1300,1500,2300,2600,2800,16093,6,45,174.21089056945323,15.018099002190866,2760.040813998785,294.3142981420493
1693953886,145,,Aggregated,16.800000,0.100000,45,81,130,180,540,920,1300,1500,2300,2600,2800,16112,6,45,174.92795328899027,15.018099002190866,2760.040813998785,294.313679245283
1693953887,150,,Aggregated,16.700000,0.100000,45,81,130,180,540,920,1300,1500,2300,2600,2800,16125,6,45,175.25306297446326,15.018099002190866,2760.040813998785,294.3132403100775
1693953888,150,,Aggregated,16.400000,0.100000,46,82,130,190,540,920,1300,1500,2300,2600,2800,16142,6,46,176.03316291638146,15.018099002190866,2760.040813998785,294.3126626192541
1693953889,150,,Aggregated,17.300000,0.100000,46,82,130,190,550,930,1300,1500,2300,2600,2800,16158,6,46,176.80425334993382,15.018099002190866,2760.040813998785,294.3120435697487
1693953890,150,,Aggregated,17.800000,0.100000,46,82,130,190,550,940,1300,1500,2300,2600,2800,16179,6,46,178.03303165685352,15.018099002190866,2760.040813998785,294.3115149267569
1693953891,150,,Aggregated,18.200000,0.100000,46,83,130,190,560,930,1300,1500,2300,2600,2800,16201,6,46,178.60848721067993,15.018099002190866,2760.040813998785,294.31096845873714
1693953892,150,,Aggregated,18.200000,0.100000,46,83,130,190,560,930,1300,1500,2300,2600,2800,16219,6,46,178.50932690062453,15.018099002190866,2760.040813998785,294.3103767186633
1693953893,150,,Aggregated,19.200000,0.100000,46,82,130,190,560,930,1300,1500,2300,2600,2800,16233,6,46,178.3895029341603,15.018099002190866,2760.040813998785,294.31004743423887
1693953894,150,,Aggregated,19.200000,0.100000,46,82,130,190,560,930,1300,1500,2300,2600,2800,16246,6,46,178.28534343015033,15.018099002190866,2760.040813998785,294.3096762279946
1693953895,150,,Aggregated,18.100000,0.000000,46,82,130,190,560,930,1300,1500,2300,2600,2800,16257,6,46,178.41871854267242,15.018099002190866,2760.040813998785,294.3092821553792
1693953896,150,,Aggregated,16.800000,0.000000,46,83,130,190,560,930,1300,1500,2300,2600,2800,16276,6,46,179.1245372631006,15.018099002190866,2760.040813998785,294.30842958957976
1693953897,150,,Aggregated,16.300000,0.000000,46,83,130,190,570,930,1300,1500,2300,2600,2800,16293,6,46,179.75626532874443,15.018099002190866,2760.040813998785,294.3080464002946
1693953898,150,,Aggregated,16.500000,0.000000,46,83,130,190,580,940,1300,1500,2300,2600,2800,16306,6,46,180.32853729272853,15.018099002190866,2760.040813998785,294.30761682816143
1693953899,150,,Aggregated,16.200000,0.000000,46,84,130,200,580,950,1300,1500,2300,2600,2800,16327,6,46,181.40659520090878,15.018099002190866,2760.040813998785,294.30697617443496
1693953900,150,,Aggregated,16.000000,0.000000,46,84,130,200,590,950,1300,1500,2300,2600,2800,16341,6,46,181.97339742067442,15.018099002190866,2760.040813998785,294.3065295881525
1693953901,150,,Aggregated,16.100000,0.000000,46,84,140,200,590,950,1300,1500,2300,2600,2800,16353,6,46,182.8550637588967,15.018099002190866,2760.040813998785,294.3062435027212
1693953902,150,,Aggregated,16.700000,0.000000,47,84,140,200,600,960,1300,1600,2300,2600,2800,16373,6,47,184.72235394895407,15.018099002190866,2760.040813998785,294.3055029621938
1693953903,150,,Aggregated,15.300000,0.000000,47,85,140,200,600,970,1400,1600,2300,2600,2800,16392,6,47,186.39466365600416,15.018099002190866,2760.040813998785,294.30478282088825
1693953904,150,,Aggregated,14.500000,0.000000,47,85,140,200,610,980,1400,1600,2300,2600,2800,16407,6,47,187.6909995969539,15.018099002190866,2760.040813998785,294.30407752788443
1693953905,150,,Aggregated,15.000000,0.000000,47,85,140,200,620,990,1400,1600,2300,2600,2800,16427,6,47,189.118313824023,15.018099002190866,2760.040813998785,294.3034638095818
1693953906,150,,Aggregated,15.400000,0.000000,47,85,140,210,620,990,1400,1600,2300,2600,2800,16449,6,47,190.38939872121261,15.018099002190866,2760.040813998785,294.30287555474496
1693953907,150,,Aggregated,16.000000,0.000000,47,86,140,210,630,1000,1400,1600,2300,2600,2800,16464,6,47,191.169691989749,15.018099002190866,2760.040813998785,294.30241739552963
1693953909,150,,Aggregated,16.600000,0.000000,47,86,140,210,630,1000,1400,1600,2300,2600,2800,16479,6,47,191.8415711961422,15.018099002190866,2760.040813998785,294.3019600703926
1693953910,150,,Aggregated,16.600000,0.000000,47,86,140,210,630,1000,1400,1600,2300,2600,2800,16496,6,47,192.72001440726476,15.018099002190866,2760.040813998785,294.30158826382154
1693953911,150,,Aggregated,16.600000,0.000000,47,86,140,210,640,1000,1400,1600,2300,2600,2800,16521,6,47,193.21159381836674,15.018099002190866,2760.040813998785,294.3008897766479
1693953912,150,,Aggregated,16.600000,0.000000,47,86,140,210,640,1000,1400,1600,2300,2600,2800,16535,6,47,193.10502365450466,15.018099002190866,2760.040813998785,294.3003326277593
1693953913,150,,Aggregated,17.800000,0.000000,48,87,140,210,640,1000,1400,1600,2300,2600,2800,16558,6,48,193.0277168576056,15.018099002190866,2760.040813998785,294.2997342674236
1693953914,150,,Aggregated,17.900000,0.000000,48,87,140,210,640,1000,1400,1600,2300,2600,2800,16576,6,48,192.8842353554077,15.018099002190866,2760.040813998785,294.2991674710425
1693953915,150,,Aggregated,17.900000,0.000000,48,87,140,210,630,1000,1400,1600,2300,2600,2800,16590,6,48,192.77762359266092,15.018099002190866,2760.040813998785,294.29879445449063
1693953916,150,,Aggregated,17.900000,0.000000,48,87,140,210,630,1000,1400,1600,2300,2600,2800,16600,6,48,192.78080447164098,15.018099002190866,2760.040813998785,294.29855421686744
1693953917,150,,Aggregated,17.600000,0.000000,48,87,140,210,640,1000,1400,1600,2300,2600,2800,16614,6,48,193.5714907306027,15.018099002190866,2760.040813998785,294.29818225592874
1693953918,150,,Aggregated,17.000000,0.000000,48,88,140,210,650,1000,1400,1600,2300,2600,2800,16648,6,48,194.19271424214514,15.018099002190866,2760.040813998785,294.29685247477175
1693953919,150,,Aggregated,15.700000,0.000000,48,88,140,210,640,1000,1400,1600,2300,2600,2800,16666,6,48,194.15816022256317,15.018099002190866,2760.040813998785,294.29617184687385
1693953920,150,,Aggregated,17.900000,0.000000,48,88,140,210,640,1000,1400,1600,2300,2600,2800,16681,6,48,194.0393400717726,15.018099002190866,2760.040813998785,294.2956657274744
1693953921,150,,Aggregated,18.500000,0.000000,48,88,140,220,640,1000,1400,1600,2300,2600,2800,16702,6,48,194.0276084187067,15.018099002190866,2760.040813998785,294.29511435756194
1693953922,150,,Aggregated,18.300000,0.000000,48,88,140,210,640,1000,1400,1600,2300,2600,2800,16715,6,48,193.94039901096232,15.018099002190866,2760.040813998785,294.29476518097516
1693953923,150,,Aggregated,17.700000,0.000000,48,88,140,210,640,1000,1400,1600,2300,2600,2800,16735,6,48,193.7506544308477,15.018099002190866,2760.040813998785,294.294293397072
1693953924,150,,Aggregated,17.800000,0.000000,48,87,140,210,640,1000,1400,1600,2300,2600,2800,16759,6,48,193.57209526476746,15.018099002190866,2760.040813998785,294.29339459394953
1693953925,150,,Aggregated,17.200000,0.000000,48,87,140,210,640,1000,1400,1600,2300,2600,2800,16775,6,48,193.4759701824876,15.018099002190866,2760.040813998785,294.2931147540984
1693953926,150,,Aggregated,17.900000,0.000000,48,87,140,210,640,1000,1400,1600,2300,2600,2800,16787,6,48,193.45550205636636,15.018099002190866,2760.040813998785,294.2926669446596
1693953927,150,,Aggregated,17.900000,0.000000,48,88,140,220,650,1000,1400,1600,2300,2600,2800,16806,6,48,194.45311830835547,15.018099002190866,2760.040813998785,294.2919790550994
1693953928,150,,Aggregated,18.500000,0.000000,48,88,140,220,650,1000,1400,1600,2300,2600,2800,16821,6,48,195.1305423114692,15.018099002190866,2760.040813998785,294.29154033648416
1693953929,150,,Aggregated,19.000000,0.000000,48,88,140,220,660,1000,1400,1600,2300,2600,2800,16838,6,48,195.7043358751176,15.018099002190866,2760.040813998785,294.2910678227818
1693953930,150,,Aggregated,17.300000,0.000000,48,88,150,220,660,1000,1400,1600,2300,2600,2800,16854,6,48,196.38544102119562,15.018099002190866,2760.040813998785,294.29013883944464
1693953931,150,,Aggregated,16.600000,0.000000,48,89,150,220,670,1000,1400,1600,2300,2600,2800,16863,6,48,196.91137110758646,15.018099002190866,2760.040813998785,294.28992468718496
1693953932,150,,Aggregated,16.600000,0.000000,49,89,150,220,670,1000,1400,1600,2300,2600,2800,16877,7,49,198.02623918221457,15.018099002190866,2760.040813998785,294.3742371274516
1693953933,150,,Aggregated,16.000000,0.000000,49,89,150,230,680,1000,1400,1600,2300,2600,2800,16891,7,49,199.52575091707072,15.018099002190866,2760.040813998785,294.37374933396484
1693953934,150,,Aggregated,15.500000,0.000000,49,89,150,230,680,1000,1400,1700,2300,2600,2800,16908,7,49,201.4442774431775,15.018099002190866,2760.040813998785,294.3730778329785
1693953935,150,,Aggregated,15.700000,0.100000,49,90,150,230,690,1100,1400,1700,2400,2600,2800,16921,7,49,202.95024945802564,15.018099002190866,2760.040813998785,294.3726730098694
1693953936,150,,Aggregated,14.500000,0.100000,49,90,150,230,700,1100,1500,1800,2500,2900,3000,16942,7,49,205.66883429466841,15.018099002190866,2958.147370001825,294.3719749734388
1693953937,150,,Aggregated,14.600000,0.100000,49,90,150,230,710,1100,1500,1800,2500,2900,3000,16966,7,49,208.10098948634112,15.018099002190866,2958.147370001825,294.3711540728516
1693953938,150,,Aggregated,14.500000,0.100000,49,91,150,240,710,1100,1500,1800,2500,2900,3000,16982,7,49,209.61824414634683,15.018099002190866,2958.147370001825,294.3706277234719
1693953939,150,,Aggregated,15.200000,0.100000,49,91,150,240,720,1100,1500,1800,2500,2900,3000,16999,7,49,211.03382226314827,15.018099002190866,2958.147370001825,294.3699629389964
1693953940,150,,Aggregated,15.600000,0.100000,49,91,150,240,720,1100,1500,1800,2500,2900,3000,17005,7,49,211.6755486634084,15.018099002190866,2958.147370001825,294.36983240223464
1693953941,150,,Aggregated,15.800000,0.100000,49,91,150,240,720,1100,1500,1900,2500,2900,3000,17019,7,49,213.2630174690789,15.018099002190866,2958.147370001825,294.369234385099
1693953942,150,,Aggregated,15.500000,0.100000,50,91,150,240,730,1100,1600,1900,2600,3200,3300,17037,7,50,215.7302314184572,15.018099002190866,3251.5145119978115,294.3685508011974
1693953943,150,,Aggregated,15.000000,0.100000,50,92,150,240,730,1100,1600,2000,2700,3300,3400,17057,8,50,218.44750336297474,15.018099002190866,3414.2966869985685,294.45154482030836
1693953944,150,,Aggregated,15.500000,0.100000,50,92,160,240,740,1100,1600,2000,2700,3400,3400,17076,8,50,220.92477173654638,15.018099002190866,3435.3937949999818,294.45057390489575
1693953945,150,,Aggregated,15.500000,0.000000,50,93,160,250,750,1200,1600,2100,2800,3400,3400,17100,8,50,223.4032616403662,15.018099002190866,3435.3937949999818,294.4498245614035
1693953946,150,,Aggregated,16.600000,0.100000,50,93,160,250,760,1200,1700,2100,2800,3400,3400,17113,8,50,224.60067060294853,15.018099002190866,3435.3937949999818,294.44936597908026
1693953947,155,,Aggregated,16.600000,0.100000,50,93,160,250,770,1200,1700,2100,2800,3400,3400,17128,8,50,225.79782588739232,15.018099002190866,3435.3937949999818,294.44868052312006
1693953949,155,,Aggregated,16.600000,0.100000,50,93,160,250,770,1200,1700,2100,2800,3400,3400,17146,8,50,227.1995110571128,15.018099002190866,3435.3937949999818,294.44803452700336
1693953950,155,,Aggregated,16.600000,0.100000,50,94,160,250,780,1200,1700,2100,2800,3400,3400,17165,8,50,228.40686609765504,15.018099002190866,3435.3937949999818,294.4471890474803
1693953951,155,,Aggregated,15.700000,0.100000,50,94,160,260,780,1200,1700,2100,2800,3400,3400,17187,8,50,229.29353389999721,15.018099002190866,3435.3937949999818,294.4463838948042
1693953952,155,,Aggregated,16.500000,0.100000,51,94,160,260,780,1200,1700,2100,2800,3400,3400,17209,8,51,229.34738479355343,15.018099002190866,3435.3937949999818,294.4454645824859
1693953953,155,,Aggregated,17.900000,0.100000,51,94,160,260,780,1200,1700,2100,2800,3400,3400,17228,8,51,229.1470644034857,15.018099002190866,3435.3937949999818,294.4448572091943
1693953954,155,,Aggregated,18.300000,0.100000,51,94,160,260,780,1200,1700,2100,2800,3400,3400,17242,8,51,228.99651008155982,15.018099002190866,3435.3937949999818,294.44432200440787
1693953955,155,,Aggregated,18.700000,0.100000,51,94,160,260,780,1200,1700,2100,2800,3400,3400,17255,8,51,228.85079103107796,15.018099002190866,3435.3937949999818,294.4436974789916
1693953956,155,,Aggregated,17.800000,0.000000,51,94,160,260,780,1200,1700,2100,2800,3400,3400,17272,8,51,228.83690836135074,15.018099002190866,3435.3937949999818,294.44320287169984
1693953957,155,,Aggregated,17.500000,0.000000,51,94,160,260,780,1200,1700,2100,2800,3400,3400,17282,8,51,229.0482426074673,15.018099002190866,3435.3937949999818,294.4427149635459
1693953958,155,,Aggregated,16.800000,0.000000,51,94,160,260,790,1200,1700,2100,2800,3400,3400,17294,8,51,229.66899630335644,15.018099002190866,3435.3937949999818,294.4421186538684
1693953959,155,,Aggregated,16.400000,0.000000,51,94,160,260,790,1200,1700,2100,2800,3400,3400,17309,9,51,230.74992409678472,15.018099002190866,3435.3937949999818,294.5238893061413
1693953960,155,,Aggregated,16.400000,0.000000,51,95,160,270,800,1200,1700,2100,2800,3400,3400,17326,9,51,232.10749655438363,15.018099002190866,3435.3937949999818,294.5232598407018
1693953961,155,,Aggregated,15.800000,0.100000,51,95,170,270,800,1200,1700,2100,2800,3400,3400,17343,9,51,233.58734708131533,15.018099002190866,3435.3937949999818,294.5226892694459
1693953962,155,,Aggregated,15.200000,0.100000,51,95,170,270,800,1200,1700,2100,2800,3400,3400,17350,9,51,234.25557895782433,15.018099002190866,3435.3937949999818,294.52236311239193
1693953963,155,,Aggregated,15.400000,0.100000,51,96,170,270,810,1200,1800,2100,2800,3400,3400,17372,10,51,236.56957604451173,15.018099002190866,3435.3937949999818,294.60390283214366
1693953964,155,,Aggregated,14.200000,0.100000,51,96,170,270,820,1200,1800,2100,2800,3400,3400,17387,10,51,238.1578450531004,15.018099002190866,3435.3937949999818,294.6030942658308
1693953965,155,,Aggregated,13.700000,0.100000,51,96,170,280,830,1300,1800,2100,2800,3400,3400,17405,10,51,239.8759126154122,15.018099002190866,3435.3937949999818,294.60218328066645
1693953966,155,,Aggregated,14.300000,0.200000,51,97,170,280,830,1300,1800,2100,2800,3400,3400,17420,11,51,241.24996889909605,15.018099002190866,3435.3937949999818,294.68358208955226
1693953967,155,,Aggregated,14.400000,0.200000,51,97,170,280,840,1300,1800,2100,2800,3400,3400,17436,11,51,242.5760971011848,15.018099002190866,3435.3937949999818,294.68278274833676
1693953968,155,,Aggregated,14.700000,0.200000,52,97,170,280,850,1300,1800,2100,2800,3400,3400,17456,11,52,243.97904008921043,15.018099002190866,3435.3937949999818,294.68182859761686
1693953969,155,,Aggregated,15.200000,0.300000,52,98,170,290,850,1300,1800,2100,2800,3400,3400,17476,12,52,245.2654358158192,15.018099002190866,3435.3937949999818,294.7625886930648
1693953970,155,,Aggregated,15.600000,0.300000,52,98,170,290,860,1300,1800,2100,2800,3400,3400,17486,12,52,245.93036893893697,15.018099002190866,3435.3937949999818,294.7620953905982
1693953971,155,,Aggregated,16.100000,0.200000,52,98,180,290,870,1300,1800,2100,2800,3400,3400,17506,12,52,247.32406765995958,15.018099002190866,3435.3937949999818,294.760996229864
1693953972,155,,Aggregated,16.400000,0.300000,52,98,180,300,870,1300,1800,2100,2800,3400,3400,17525,12,52,248.3804972619255,15.018099002190866,3435.3937949999818,294.7601141226819
1693953973,155,,Aggregated,15.400000,0.300000,52,99,180,300,880,1300,1800,2100,2800,3400,3400,17541,12,52,249.2950401283985,15.018099002190866,3435.3937949999818,294.7593637762955
1693953974,155,,Aggregated,17.000000,0.300000,52,99,180,300,880,1300,1800,2100,2800,3400,3400,17555,12,52,250.1695338688254,15.018099002190866,3435.3937949999818,294.7584733694104
1693953975,155,,Aggregated,16.500000,0.300000,52,99,180,300,890,1300,1800,2100,2800,3400,3400,17571,12,52,251.29332752365906,15.018099002190866,3435.3937949999818,294.7577257981902
1693953976,155,,Aggregated,16.500000,0.200000,52,99,180,310,890,1300,1800,2100,2800,3400,3400,17583,12,52,252.30953359223196,15.018099002190866,3435.3937949999818,294.75715179434684
1693953977,155,,Aggregated,16.200000,0.200000,52,100,180,310,900,1300,1800,2100,2800,3400,3400,17599,12,52,253.87943654930498,15.018099002190866,3435.3937949999818,294.75612250696065
1693953978,155,,Aggregated,15.700000,0.200000,52,100,180,310,900,1400,1800,2100,2800,3400,3400,17617,12,52,255.52132940172658,15.018099002190866,3435.3937949999818,294.7550661293069
1693953979,155,,Aggregated,15.700000,0.100000,52,100,180,320,910,1400,1900,2100,2800,3400,3400,17635,12,52,257.3331984889827,15.018099002190866,3435.3937949999818,294.75412531896797
1693953980,155,,Aggregated,15.500000,0.100000,53,100,190,320,920,1400,1900,2100,2800,3400,3400,17672,12,53,259.6338601064516,15.018099002190866,3435.3937949999818,294.7516410140335
1693953981,155,,Aggregated,15.600000,0.100000,53,100,190,320,920,1400,1900,2100,2800,3400,3400,17692,12,53,259.57139309474474,15.018099002190866,3435.3937949999818,294.7506217499435
1693953982,155,,Aggregated,15.700000,0.000000,53,100,190,320,920,1400,1900,2100,2800,3400,3400,17708,12,53,259.42937774063887,15.018099002190866,3435.3937949999818,294.7495482267901
1693953983,155,,Aggregated,18.500000,0.000000,53,100,190,320,920,1400,1900,2100,2800,3400,3400,17720,12,53,259.34909144476507,15.018099002190866,3435.3937949999818,294.74887133182847
1693953984,155,,Aggregated,17.800000,0.000000,53,100,190,320,920,1400,1900,2100,2800,3400,3400,17734,12,53,259.65848574908307,15.018099002190866,3435.3937949999818,294.7481109732717
1693953985,155,,Aggregated,18.100000,0.000000,53,100,190,330,920,1400,1900,2100,2800,3400,3400,17745,12,53,259.862145801986,15.018099002190866,3435.3937949999818,294.7475345167653
1693953986,155,,Aggregated,17.300000,0.000000,53,100,190,330,920,1400,1900,2100,2800,3400,3400,17766,12,53,260.6453364570097,15.018099002190866,3435.3937949999818,294.74653833164473
1693953988,155,,Aggregated,17.800000,0.000000,53,100,190,330,920,1400,1900,2100,2800,3400,3400,17779,13,53,261.0459705092096,15.018099002190866,3435.3937949999818,294.8261994487879
1693953989,155,,Aggregated,17.300000,0.000000,53,100,190,330,920,1400,1900,2100,2800,3400,3400,17789,13,53,261.5596685276422,15.018099002190866,3435.3937949999818,294.8256787902636
1693953990,155,,Aggregated,17.600000,0.100000,53,100,190,340,930,1400,1900,2100,2800,3400,3400,17812,14,53,263.3039667148116,15.018099002190866,3435.3937949999818,294.9046148663822
1693953991,155,,Aggregated,16.900000,0.100000,53,100,200,340,930,1400,1900,2100,2800,3400,3400,17820,14,53,264.0170665679135,15.018099002190866,3435.3937949999818,294.9040404040404
1693953992,155,,Aggregated,17.000000,0.200000,53,100,200,340,940,1400,1900,2100,2800,3400,3400,17838,14,53,265.60528982908534,15.018099002190866,3435.3937949999818,294.9029039129947
1693953993,155,,Aggregated,14.000000,0.200000,53,100,200,340,950,1400,1900,2100,2800,3400,3400,17860,14,53,267.5955046114345,15.018099002190866,3435.3937949999818,294.901679731243
1693953994,155,,Aggregated,13.900000,0.200000,54,100,200,350,950,1400,1900,2100,2800,3400,3400,17883,14,54,268.879092565465,15.018099002190866,3435.3937949999818,294.90024045182577
1693953995,155,,Aggregated,14.800000,0.200000,54,110,200,350,950,1400,1900,2100,2800,3400,3400,17899,14,54,269.1573023742227,15.018099002190866,3435.3937949999818,294.89921224649424
1693953996,155,,Aggregated,15.800000,0.200000,54,110,200,350,950,1400,1900,2100,2800,3400,3400,17909,15,54,269.42412407449956,15.018099002190866,3435.3937949999818,294.97839075325254
1693953997,155,,Aggregated,15.900000,0.200000,54,110,200,350,960,1400,1900,2100,2800,3400,3400,17921,15,54,270.1060193049057,15.018099002190866,3435.3937949999818,294.9776240165169
1693953998,155,,Aggregated,15.900000,0.200000,54,110,200,360,960,1400,1900,2100,2800,3400,3400,17932,15,54,270.90055064550626,15.018099002190866,3435.3937949999818,294.9768012491635
1693953999,155,,Aggregated,15.300000,0.300000,54,110,210,360,960,1400,1900,2100,2800,3400,3400,17949,15,54,272.5521504546888,15.018099002190866,3435.3937949999818,294.9756532397348
1693954000,155,,Aggregated,15.300000,0.200000,54,110,210,360,970,1500,1900,2200,2800,3400,3400,17972,15,54,274.8746730881484,15.018099002190866,3435.3937949999818,294.9740151346539
1693954001,155,,Aggregated,15.500000,0.200000,54,110,210,370,980,1500,1900,2200,2800,3400,3400,17993,15,54,276.3867306691609,15.018099002190866,3435.3937949999818,294.97276718723947
1693954002,155,,Aggregated,15.800000,0.100000,54,110,210,370,990,1500,1900,2200,2800,3400,3400,18012,15,54,277.43749756091484,15.018099002190866,3435.3937949999818,294.97113035753944
1693954003,155,,Aggregated,16.600000,0.100000,54,110,210,370,990,1500,1900,2200,2800,3400,3400,18027,15,54,278.2196681213287,15.018099002190866,3435.3937949999818,294.97026682198924
1693954004,155,,Aggregated,17.000000,0.100000,55,110,210,380,1000,1500,1900,2200,2800,3400,3400,18042,15,55,279.0647314966294,15.018099002190866,3435.3937949999818,294.96918301740385
1693954005,155,,Aggregated,16.400000,0.100000,55,110,220,380,1000,1500,1900,2200,2800,3400,3400,18058,15,55,280.0397464736511,15.018099002190866,3435.3937949999818,294.96821353416766
1693954006,155,,Aggregated,15.700000,0.100000,55,110,220,390,1000,1500,1900,2200,2800,3400,3400,18073,15,55,281.1177534290486,15.018099002190866,3435.3937949999818,294.96729928622807
1693954007,160,,Aggregated,15.700000,0.100000,55,110,220,390,1000,1500,1900,2200,2800,3400,3400,18081,15,55,281.8088016337151,15.018099002190866,3435.3937949999818,294.96681599469053
1693954008,160,,Aggregated,16.100000,0.100000,55,110,220,390,1000,1500,1900,2200,2800,3400,3400,18091,16,55,282.9096984929632,15.018099002190866,3435.3937949999818,295.045326405395
1693954009,160,,Aggregated,15.700000,0.000000,55,110,220,390,1000,1500,2000,2200,2900,3400,3600,18104,16,55,284.7399907581861,15.018099002190866,3572.4694810014626,295.0444100751215
1693954010,160,,Aggregated,15.300000,0.100000,55,110,220,390,1000,1500,2000,2200,3000,3700,3700,18119,16,55,287.19430298726206,15.018099002190866,3742.1462559977954,295.0433798774767
1693954011,160,,Aggregated,15.300000,0.100000,55,110,220,400,1000,1500,2000,2300,3400,4000,4100,18140,16,55,290.69725261208407,15.018099002190866,4072.8631769998174,295.04206174200664
1693954012,160,,Aggregated,14.300000,0.100000,55,110,230,400,1000,1500,2000,2300,3500,4200,4400,18162,16,55,294.4944132900673,15.018099002190866,4437.85226700129,295.0403039312851
1693954013,160,,Aggregated,14.300000,0.100000,55,110,230,410,1100,1500,2100,2400,3500,4200,4400,18179,16,55,296.9328946098359,15.018099002190866,4437.85226700129,295.0392210792673
1693954014,160,,Aggregated,14.500000,0.100000,56,110,230,410,1100,1600,2100,2400,3500,4200,4400,18196,16,56,298.96596364625265,15.018099002190866,4437.85226700129,295.03803033633767
1693954015,160,,Aggregated,14.600000,0.100000,56,110,230,420,1100,1600,2100,2400,3500,4200,4400,18216,16,56,301.304379802932,15.018099002190866,4437.85226700129,295.0365612648221
1693954016,160,,Aggregated,15.000000,0.100000,56,110,230,420,1100,1600,2100,2400,3500,4200,4400,18227,16,56,302.44061726917244,15.018099002190866,4437.85226700129,295.03571624513086
1693954017,160,,Aggregated,14.600000,0.100000,56,110,230,420,1100,1600,2100,2400,3500,4200,4400,18246,17,56,304.4751170292778,15.018099002190866,4437.85226700129,295.11268223172203
1693954018,160,,Aggregated,15.200000,0.100000,56,110,240,430,1100,1600,2100,2400,3500,4200,4400,18264,17,56,306.3243326504712,15.018099002190866,4437.85226700129,295.11142137538326
1693954019,160,,Aggregated,15.600000,0.100000,56,110,240,430,1100,1600,2100,2500,3500,4200,4400,18284,17,56,308.396078797047,15.018099002190866,4437.85226700129,295.10987748851454
1693954020,160,,Aggregated,16.400000,0.100000,56,120,240,440,1100,1600,2100,2500,3500,4200,4400,18299,17,56,309.5556179769502,15.018099002190866,4437.85226700129,295.10874911197334
1693954021,160,,Aggregated,17.500000,0.100000,56,120,240,440,1100,1600,2100,2500,3500,4200,4400,18322,18,56,311.1751477742167,15.018099002190866,4437.85226700129,295.18524178583124
1693954022,160,,Aggregated,17.900000,0.100000,56,120,240,440,1100,1600,2100,2500,3500,4200,4400,18334,18,56,312.01658718643995,15.018099002190866,4437.85226700129,295.18435693247517
1693954023,160,,Aggregated,17.400000,0.100000,56,120,240,440,1100,1600,2100,2500,3500,4200,4400,18343,18,56,312.7894204782313,15.018099002190866,4437.85226700129,295.1837213105817
1693954024,160,,Aggregated,17.300000,0.200000,56,120,250,450,1100,1600,2100,2500,3500,4200,4400,18362,18,56,314.8789710855134,15.018099002190866,4437.85226700129,295.1823875394837
1693954025,160,,Aggregated,16.800000,0.200000,57,120,250,450,1100,1700,2200,2500,3500,4200,4400,18378,18,57,316.7548541664054,15.018099002190866,4437.85226700129,295.1812493198389
1693954027,160,,Aggregated,15.800000,0.200000,57,120,250,460,1200,1700,2200,2500,3500,4200,4400,18398,18,57,319.2629042655836,15.018099002190866,4437.85226700129,295.1795847374715
1693954028,160,,Aggregated,15.900000,0.200000,57,120,250,460,1200,1700,2200,2600,3500,4200,4400,18418,18,57,321.434314648996,15.018099002190866,4437.85226700129,295.17792377022477
1693954029,160,,Aggregated,16.600000,0.200000,57,120,250,470,1200,1700,2200,2600,3500,4200,4400,18438,18,57,323.36327437011613,15.018099002190866,4437.85226700129,295.1765375854214
1693954030,160,,Aggregated,16.800000,0.100000,57,120,260,470,1200,1700,2200,2600,3500,4200,4400,18459,18,57,325.0409458645214,15.018099002190866,4437.85226700129,295.17509074164366
1693954031,160,,Aggregated,16.800000,0.100000,57,120,260,470,1200,1700,2200,2600,3500,4200,4400,18470,18,57,325.66745950921484,15.018099002190866,4437.85226700129,295.1743367623173
1693954032,160,,Aggregated,16.900000,0.100000,57,120,260,480,1200,1700,2200,2600,3500,4200,4400,18482,18,57,326.54071644828474,15.018099002190866,4437.85226700129,295.17335786170327
1693954033,160,,Aggregated,16.800000,0.100000,57,120,260,480,1200,1700,2200,2600,3500,4200,4400,18499,19,57,328.12606919493953,15.018099002190866,4437.85226700129,295.2494729444835
1693954034,160,,Aggregated,15.700000,0.000000,57,120,260,480,1200,1700,2200,2600,3500,4200,4400,18510,19,57,329.32230266392116,15.018099002190866,4437.85226700129,295.24867639113995
1693954035,160,,Aggregated,16.000000,0.100000,57,120,270,490,1200,1700,2300,2600,3600,4200,4400,18536,20,57,332.56872046321644,15.018099002190866,4437.85226700129,295.323856279672
1693954036,160,,Aggregated,16.500000,0.100000,57,120,270,490,1200,1700,2300,2600,3600,4200,4400,18556,20,57,334.8331370104101,15.018099002190866,4437.85226700129,295.3222138391895
1693954037,160,,Aggregated,16.700000,0.100000,58,120,270,500,1200,1800,2300,2600,3600,4200,4400,18578,20,58,336.57905421004307,15.018099002190866,4437.85226700129,295.320271288621
1693954038,160,,Aggregated,17.500000,0.200000,58,120,280,510,1200,1800,2300,2600,3600,4200,4400,18600,20,58,337.67195890517104,15.018099002190866,4437.85226700129,295.3183870967742
1693954039,160,,Aggregated,17.500000,0.200000,58,120,280,510,1200,1800,2300,2600,3600,4200,4400,18615,21,58,338.1448848213364,15.018099002190866,4437.85226700129,295.39392962664516
1693954040,160,,Aggregated,17.600000,0.200000,58,120,280,510,1200,1800,2300,2600,3600,4200,4400,18627,21,58,338.659113107756,15.018099002190866,4437.85226700129,295.3928705642347
1693954041,160,,Aggregated,17.100000,0.200000,58,120,280,520,1200,1800,2300,2600,3600,4200,4400,18645,21,58,339.9220447713687,15.018099002190866,4437.85226700129,295.3912577098418
1693954042,160,,Aggregated,16.700000,0.300000,58,120,280,520,1200,1800,2300,2600,3600,4200,4400,18657,21,58,340.86920027181037,15.018099002190866,4437.85226700129,295.39025566811387
1693954043,160,,Aggregated,16.400000,0.300000,58,120,290,530,1200,1800,2300,2600,3600,4200,4400,18680,22,58,342.8168133034887,15.018099002190866,4437.85226700129,295.46482869379014
1693954044,160,,Aggregated,17.000000,0.300000,58,130,290,530,1200,1800,2300,2600,3600,4200,4400,18724,22,58,344.04593620071284,15.018099002190866,4437.85226700129,295.4608523819697
1693954045,160,,Aggregated,17.600000,0.200000,58,130,290,530,1200,1800,2300,2600,3600,4200,4400,18737,22,58,343.8655691621471,15.018099002190866,4437.85226700129,295.4597854512462
1693954046,160,,Aggregated,20.600000,0.300000,58,130,290,530,1200,1800,2300,2600,3600,4200,4400,18757,22,58,343.553473525092,15.018099002190866,4437.85226700129,295.4580156741483
1693954047,160,,Aggregated,19.900000,0.300000,58,130,290,530,1200,1800,2300,2600,3600,4200,4400,18776,22,58,343.2933958047058,15.018099002190866,4437.85226700129,295.4563272262463
1693954048,160,,Aggregated,19.300000,0.200000,59,130,290,530,1200,1800,2300,2600,3600,4200,4400,18792,22,59,343.21916632541263,15.018099002190866,4437.85226700129,295.4547679863772
1693954049,160,,Aggregated,19.500000,0.200000,59,130,290,530,1200,1800,2300,2600,3600,4200,4400,18807,22,59,343.39802706328226,15.018099002190866,4437.85226700129,295.45350135587813
1693954050,160,,Aggregated,18.900000,0.200000,59,130,290,530,1200,1800,2300,2600,3600,4200,4400,18824,22,59,343.64929823667404,15.018099002190866,4437.85226700129,295.4520293242669
1693954051,160,,Aggregated,19.100000,0.200000,59,130,300,540,1200,1800,2300,2600,3600,4200,4400,18840,22,59,344.03284005022033,15.018099002190866,4437.85226700129,295.4506900212314
1693954052,160,,Aggregated,19.300000,0.100000,59,130,300,540,1200,1800,2300,2600,3600,4200,4400,18856,22,59,344.65610403660116,15.018099002190866,4437.85226700129,295.449246924056
1693954053,160,,Aggregated,19.700000,0.100000,59,130,300,540,1200,1800,2300,2600,3600,4200,4400,18867,22,59,345.2566587569375,15.018099002190866,4437.85226700129,295.44834896909947
1693954054,160,,Aggregated,19.800000,0.100000,59,130,300,550,1300,1800,2300,2600,3600,4200,4400,18889,22,59,346.8095518572785,15.018099002190866,4437.85226700129,295.4463973741331
1693954055,160,,Aggregated,18.900000,0.100000,59,130,310,550,1300,1800,2300,2600,3600,4200,4400,18908,22,59,348.0554273711731,15.018099002190866,4437.85226700129,295.4447852760736
1693954056,160,,Aggregated,15.600000,0.000000,59,130,310,560,1300,1800,2300,2600,3600,4200,4400,18922,22,59,348.81310015448327,15.018099002190866,4437.85226700129,295.44345206637774
1693954057,160,,Aggregated,16.800000,0.000000,59,130,310,560,1300,1800,2300,2600,3600,4200,4400,18939,22,59,350.0746573214071,15.018099002190866,4437.85226700129,295.4421035957548
1693954058,160,,Aggregated,16.400000,0.000000,60,130,320,570,1300,1800,2300,2600,3600,4200,4400,18960,22,60,351.56963645754854,15.018099002190866,4437.85226700129,295.44040084388183
1693954059,160,,Aggregated,15.700000,0.000000,60,130,320,570,1300,1800,2300,2600,3600,4200,4400,18972,22,60,352.4194180517666,15.018099002190866,4437.85226700129,295.4393843558929
1693954060,160,,Aggregated,15.900000,0.000000,60,130,320,580,1300,1800,2300,2600,3600,4200,4400,18988,22,60,353.59094688303816,15.018099002190866,4437.85226700129,295.4381714767221
1693954061,160,,Aggregated,16.300000,0.000000,60,130,320,580,1300,1800,2300,2600,3500,4200,4400,19012,22,60,355.2128523783997,15.018099002190866,4437.85226700129,295.4363033873343
1693954062,160,,Aggregated,15.800000,0.000000,60,130,330,590,1300,1800,2300,2600,3500,4200,4400,19023,22,60,355.87824152426725,15.018099002190866,4437.85226700129,295.43536771276877
1693954064,160,,Aggregated,16.000000,0.000000,60,130,330,590,1300,1800,2300,2600,3500,4200,4400,19038,22,60,356.9428431935144,15.018099002190866,4437.85226700129,295.43423678957873
1693954065,160,,Aggregated,16.400000,0.000000,60,130,330,600,1300,1800,2300,2600,3500,4200,4400,19052,23,60,358.11754261107075,15.018099002190866,4437.85226700129,295.50813562880535
1693954066,160,,Aggregated,16.700000,0.000000,60,130,330,600,1300,1800,2300,2600,3500,4200,4400,19069,23,60,359.74098860669733,15.018099002190866,4437.85226700129,295.50668624469034
1693954067,160,,Aggregated,15.500000,0.100000,60,140,340,610,1300,1800,2300,2600,3500,4200,4400,19086,23,60,361.4896131981616,15.018099002190866,4437.85226700129,295.5051870480981
1693954068,165,,Aggregated,15.800000,0.100000,60,140,340,610,1300,1800,2300,2600,3500,4200,4400,19098,23,60,362.66920406351994,15.018099002190866,4437.85226700129,295.5039794742905
1693954069,165,,Aggregated,15.900000,0.100000,61,140,340,610,1300,1800,2300,2600,3500,4200,4400,19112,23,61,364.2429283188106,15.018099002190866,4437.85226700129,295.50261615738805
1693954070,165,,Aggregated,15.400000,0.100000,61,140,340,620,1400,1900,2300,2600,3500,4200,4400,19136,24,61,366.8822169173862,15.018099002190866,4437.85226700129,295.57504180602007
1693954071,165,,Aggregated,14.900000,0.100000,61,140,340,620,1400,1900,2400,2700,3600,4200,4400,19152,24,61,368.8252832976241,15.018099002190866,4437.85226700129,295.5735693400167
1693954072,165,,Aggregated,15.800000,0.200000,61,140,350,630,1400,1900,2400,2700,3600,4200,4400,19170,24,61,370.46718847460136,15.018099002190866,4437.85226700129,295.5718831507564
1693954073,165,,Aggregated,15.600000,0.200000,61,140,350,630,1400,1900,2400,2700,3600,4200,4400,19183,25,61,371.61383010535945,15.018099002190866,4437.85226700129,295.6449981754679
1693954074,165,,Aggregated,15.100000,0.200000,61,140,350,630,1400,1900,2400,2700,3600,4200,4400,19197,25,61,372.7223863975675,15.018099002190866,4437.85226700129,295.6435901442934
1693954075,165,,Aggregated,15.800000,0.300000,61,140,350,630,1400,1900,2400,2700,3600,4200,4400,19214,25,61,374.30462417966584,15.018099002190866,4437.85226700129,295.641511397939
1693954076,165,,Aggregated,15.400000,0.300000,61,140,360,640,1400,1900,2400,2700,3600,4200,4400,19235,25,61,376.3286387988615,15.018099002190866,4437.85226700129,295.63951130751235
1693954077,165,,Aggregated,15.800000,0.200000,61,140,360,650,1400,1900,2400,2700,3600,4200,4400,19256,25,61,378.2182317314658,15.018099002190866,4437.85226700129,295.637567511425
1693954078,165,,Aggregated,15.900000,0.200000,61,140,360,650,1400,1900,2400,2700,3600,4200,4400,19270,25,61,379.27401437208636,15.018099002190866,4437.85226700129,295.63617021276593
1693954079,165,,Aggregated,16.300000,0.200000,62,140,360,660,1400,1900,2400,2700,3600,4200,4400,19285,25,62,380.5485655771382,15.018099002190866,4437.85226700129,295.6346901737101
1693954080,165,,Aggregated,16.900000,0.200000,62,140,370,660,1400,1900,2400,2700,3600,4200,4400,19302,25,62,382.0084920539383,15.018099002190866,4437.85226700129,295.6331986322661
1693954081,165,,Aggregated,16.900000,0.200000,62,140,370,670,1400,1900,2400,2700,3600,4200,4400,19322,25,62,383.83350953809725,15.018099002190866,4437.85226700129,295.63104233516196
1693954082,165,,Aggregated,16.000000,0.100000,62,140,380,670,1400,1900,2400,2700,3600,4200,4400,19339,25,62,385.2453748370195,15.018099002190866,4437.85226700129,295.6292983091163
1693954083,165,,Aggregated,16.600000,0.100000,62,140,380,680,1400,1900,2400,2700,3600,4200,4400,19361,26,62,386.82276553567084,15.018099002190866,4437.85226700129,295.70104849956095
1693954084,165,,Aggregated,17.000000,0.100000,62,150,390,690,1500,1900,2400,2700,3600,4200,4400,19385,26,62,388.0718707374326,15.018099002190866,4437.85226700129,295.6985813773536
1693954085,165,,Aggregated,16.800000,0.000000,62,150,390,690,1500,1900,2400,2700,3600,4200,4400,19402,26,62,388.561791693904,15.018099002190866,4437.85226700129,295.6969384599526
1693954086,165,,Aggregated,18.200000,0.100000,62,150,390,700,1500,1900,2400,2700,3600,4200,4400,19420,27,62,389.08259439918174,15.018099002190866,4437.85226700129,295.76864057672503
1693954087,165,,Aggregated,18.200000,0.100000,63,150,390,700,1400,1900,2400,2700,3600,4200,4400,19432,28,62,389.3152247748618,15.018099002190866,4437.85226700129,295.8410868670235
1693954088,165,,Aggregated,18.100000,0.100000,63,150,400,700,1500,1900,2400,2700,3600,4200,4400,19447,28,63,390.05744367964775,15.018099002190866,4437.85226700129,295.83961536483775
1693954089,165,,Aggregated,18.100000,0.200000,63,150,400,700,1500,1900,2400,2700,3600,4200,4400,19466,28,63,391.22561135914475,15.018099002190866,4437.85226700129,295.8376143018597
1693954090,165,,Aggregated,17.000000,0.300000,63,150,400,710,1500,1900,2400,2700,3600,4200,4400,19484,28,63,392.3342923428509,15.018099002190866,4437.85226700129,295.83566002874153
1693954091,165,,Aggregated,17.300000,0.300000,63,150,410,710,1500,1900,2400,2700,3600,4200,4400,19508,28,63,393.4775945478318,15.018099002190866,4437.85226700129,295.8329403321714
1693954092,165,,Aggregated,17.800000,0.300000,63,150,410,720,1500,1900,2400,2700,3600,4200,4400,19529,28,63,393.56896342721564,15.018099002190866,4437.85226700129,295.83061088637413
1693954093,165,,Aggregated,17.600000,0.300000,63,150,410,710,1500,1900,2400,2700,3600,4200,4400,19534,28,63,393.5183691608011,15.018099002190866,4437.85226700129,295.8301423159619
1693954094,165,,Aggregated,18.200000,0.300000,63,150,410,720,1500,1900,2400,2700,3600,4200,4400,19551,28,63,394.08902617999576,15.018099002190866,4437.85226700129,295.82834637614445
1693954095,165,,Aggregated,18.300000,0.300000,63,150,420,720,1500,1900,2400,2700,3600,4200,4400,19572,28,63,394.89113886634436,15.018099002190866,4437.85226700129,295.8262824443082
1693954096,165,,Aggregated,16.300000,0.200000,63,150,420,730,1500,1900,2400,2700,3600,4200,4400,19584,28,63,395.4129296880144,15.018099002190866,4437.85226700129,295.8250102124183
1693954097,165,,Aggregated,16.100000,0.200000,64,150,430,730,1500,1900,2400,2700,3600,4200,4400,19609,28,64,396.70979619827955,15.018099002190866,4437.85226700129,295.8222244887552
1693954098,165,,Aggregated,16.400000,0.200000,64,150,430,740,1500,1900,2400,2700,3600,4200,4400,19641,28,64,397.07610310911184,15.018099002190866,4437.85226700129,295.8186446718599
1693954100,165,,Aggregated,17.500000,0.000000,64,150,430,740,1500,1900,2400,2700,3600,4200,4400,19658,28,64,396.8339598076643,15.018099002190866,4437.85226700129,295.81671584087906
1693954101,165,,Aggregated,18.800000,0.000000,64,160,430,730,1500,1900,2400,2700,3600,4200,4400,19675,28,64,396.92881363603897,15.018099002190866,4437.85226700129,295.81504447268105
1693954102,165,,Aggregated,18.600000,0.000000,64,160,430,730,1500,1900,2400,2700,3600,4200,4400,19694,28,64,396.9379548499069,15.018099002190866,4437.85226700129,295.8131918350767
1693954103,165,,Aggregated,18.600000,0.000000,64,160,430,730,1500,1900,2400,2700,3600,4200,4400,19704,28,64,396.9499957372649,15.018099002190866,4437.85226700129,295.81222086885913
1693954104,165,,Aggregated,17.800000,0.000000,64,160,430,740,1500,1900,2400,2700,3600,4200,4400,19715,28,64,397.40423531839036,15.018099002190866,4437.85226700129,295.8111590159777
1693954105,165,,Aggregated,17.200000,0.000000,64,160,440,740,1500,1900,2400,2700,3600,4200,4400,19736,29,64,398.7481653954234,15.018099002190866,4437.85226700129,295.8813336035671
1693954106,165,,Aggregated,17.400000,0.000000,65,160,440,750,1500,1900,2400,2700,3600,4200,4400,19754,29,65,399.7790260433375,15.018099002190866,4437.85226700129,295.87941682697175
1693954107,165,,Aggregated,17.800000,0.100000,65,160,440,750,1500,1900,2400,2700,3600,4200,4400,19792,29,65,400.29487272974404,15.018099002190866,4437.85226700129,295.875303152789
1693954108,165,,Aggregated,17.900000,0.100000,65,160,440,750,1500,1900,2400,2700,3600,4200,4400,19805,29,65,400.2156694705426,15.018099002190866,4437.85226700129,295.8738702347892
1693954109,165,,Aggregated,20.400000,0.100000,65,160,450,750,1500,1900,2400,2700,3600,4200,4400,19818,29,65,400.4555954810827,15.018099002190866,4437.85226700129,295.87254011504695
1693954110,165,,Aggregated,19.400000,0.100000,65,160,450,760,1500,1900,2400,2700,3600,4200,4400,19845,29,65,400.9813183471955,15.018099002190866,4437.85226700129,295.8696900982615
1693954111,165,,Aggregated,17.500000,0.100000,65,160,450,760,1500,1900,2400,2700,3600,4200,4400,19855,29,65,400.91619915099955,15.018099002190866,4437.85226700129,295.8685973306472
1693954112,165,,Aggregated,17.900000,0.100000,65,160,450,760,1500,1900,2400,2700,3600,4200,4400,19871,29,65,401.54539937482207,15.018099002190866,4437.85226700129,295.8669417744452
1693954113,165,,Aggregated,18.100000,0.100000,65,160,460,770,1500,1900,2400,2700,3600,4200,4400,19891,30,65,402.44995000347353,15.018099002190866,4437.85226700129,295.9365039465085
1693954114,165,,Aggregated,17.000000,0.100000,65,160,460,770,1500,1900,2400,2700,3600,4200,4400,19912,30,65,403.0172314087031,15.018099002190866,4437.85226700129,295.9342607472881
1693954115,165,,Aggregated,17.800000,0.100000,65,170,470,770,1500,1900,2400,2700,3600,4200,4400,19930,31,65,403.2153442176163,15.018099002190866,4437.85226700129,296.0040140491721
1693954116,165,,Aggregated,19.500000,0.200000,66,170,470,770,1500,1900,2400,2700,3600,4200,4400,19941,31,66,403.5018629086856,15.018099002190866,4437.85226700129,296.00265784062987
1693954117,165,,Aggregated,19.200000,0.200000,66,170,470,780,1500,1900,2400,2700,3600,4200,4400,19964,31,66,404.09745404203034,15.018099002190866,4437.85226700129,295.9999499098377
1693954118,165,,Aggregated,18.500000,0.200000,66,170,480,780,1500,1900,2400,2700,3600,4200,4400,19979,31,66,404.19247123204804,15.018099002190866,4437.85226700129,295.998098002903
1693954119,165,,Aggregated,16.700000,0.200000,66,170,480,780,1500,1900,2400,2700,3600,4200,4400,19991,31,66,404.5979822123501,15.018099002190866,4437.85226700129,295.9965984693112
1693954120,165,,Aggregated,17.000000,0.200000,66,170,480,780,1500,1900,2400,2700,3500,4100,4400,20011,31,66,405.58589466903686,15.018099002190866,4437.85226700129,295.99425316076156
1693954121,165,,Aggregated,16.500000,0.200000,66,170,480,790,1500,1900,2400,2700,3500,4100,4400,20026,31,66,406.34139814401755,15.018099002190866,4437.85226700129,295.992709477679
1693954122,165,,Aggregated,16.500000,0.200000,66,170,490,790,1500,1900,2400,2700,3500,4100,4400,20051,31,66,407.46446498938246,15.018099002190866,4437.85226700129,295.9900254351404
1693954123,165,,Aggregated,16.400000,0.200000,66,170,490,790,1500,1900,2400,2700,3500,4100,4400,20068,32,66,407.9455642241429,15.018099002190866,4437.85226700129,296.05954753836954
1693954124,165,,Aggregated,17.200000,0.200000,66,170,490,790,1500,1900,2400,2700,3500,4100,4400,20081,32,66,408.1592844355911,15.018099002190866,4437.85226700129,296.0581644340421
1693954125,165,,Aggregated,17.200000,0.200000,67,170,500,800,1500,1900,2400,2700,3500,4100,4400,20095,33,67,408.7273007384975,15.018099002190866,4437.85226700129,296.12784274695196
1693954126,165,,Aggregated,16.800000,0.200000,67,170,500,800,1500,1900,2400,2700,3500,4100,4400,20106,33,67,409.44260577161543,15.018099002190866,4437.85226700129,296.12657913060775
1693954127,170,,Aggregated,16.200000,0.100000,67,180,510,800,1500,1900,2400,2700,3500,4100,4400,20115,33,67,410.289287866622,15.018099002190866,4437.85226700129,296.12527964205816
1693954128,170,,Aggregated,16.100000,0.200000,67,180,510,800,1500,1900,2400,2700,3500,4100,4400,20128,33,67,411.8255290614617,15.018099002190866,4437.85226700129,296.1237579491256
1693954129,170,,Aggregated,15.200000,0.200000,67,180,510,810,1500,1900,2400,2700,3600,4100,4400,20146,33,67,414.3279803583392,15.018099002190866,4437.85226700129,296.1217611436513
1693954130,170,,Aggregated,14.200000,0.200000,67,180,510,810,1500,2000,2400,2700,3700,4200,4500,20161,33,67,416.672588077978,15.018099002190866,4522.653493000689,296.1201329299142
1693954131,170,,Aggregated,15.200000,0.200000,67,180,520,810,1500,2000,2400,2800,3700,4500,4600,20171,33,67,418.36717160805637,15.018099002190866,4649.892729001294,296.11898269793267
1693954132,170,,Aggregated,14.500000,0.200000,67,180,520,820,1500,2000,2400,2800,4000,4600,4700,20194,33,67,422.1803089566261,15.018099002190866,4705.823497999518,296.11647023868477
1693954133,170,,Aggregated,14.300000,0.200000,67,180,520,820,1500,2000,2500,2900,4100,4800,5100,20209,33,67,424.83504339369154,15.018099002190866,5074.303943001723,296.1147013706764
1693954135,170,,Aggregated,13.700000,0.200000,68,180,530,830,1500,2000,2500,2900,4200,5000,5300,20225,33,68,427.54900705004286,15.018099002190866,5270.493119998719,296.11292954264525
1693954136,170,,Aggregated,14.000000,0.200000,68,180,530,830,1500,2000,2500,3000,4200,5000,5300,20243,33,68,430.52892678714176,15.018099002190866,5270.493119998719,296.11090253420934
1693954137,170,,Aggregated,14.100000,0.100000,68,180,540,840,1500,2000,2500,3000,4300,5000,5300,20264,33,68,433.84780345717047,15.018099002190866,5270.493119998719,296.1084188709041
1693954138,170,,Aggregated,14.600000,0.000000,68,190,540,840,1500,2000,2600,3100,4400,5100,5300,20287,33,68,437.35628127027695,15.018099002190866,5270.493119998719,296.10602849115196
1693954139,170,,Aggregated,15.500000,0.000000,68,190,540,850,1500,2000,2600,3100,4400,5100,5300,20301,33,68,439.33080794729904,15.018099002190866,5270.493119998719,296.10428057731144
1693954140,170,,Aggregated,16.900000,0.000000,68,190,540,850,1500,2000,2600,3200,4400,5100,5300,20315,33,68,441.357745490481,15.018099002190866,5270.493119998719,296.10263352202804
1693954141,170,,Aggregated,16.900000,0.000000,68,190,550,850,1600,2100,2600,3200,4400,5100,5300,20329,33,68,443.2359099101342,15.018099002190866,5270.493119998719,296.1010871169266
1693954142,170,,Aggregated,16.500000,0.000000,68,190,550,860,1600,2100,2700,3300,4500,5100,5300,20347,33,68,445.89496192662887,15.018099002190866,5270.493119998719,296.0991792401828
1693954143,170,,Aggregated,16.800000,0.000000,69,190,560,870,1600,2100,2700,3300,4500,5100,5300,20376,33,68,449.8752579062692,15.018099002190866,5270.493119998719,296.0957499018453
1693954144,170,,Aggregated,16.800000,0.000000,69,190,560,870,1600,2100,2700,3300,4500,5100,5300,20400,33,69,451.8110041237323,15.018099002190866,5270.493119998719,296.0929901960784
1693954145,170,,Aggregated,17.300000,0.000000,69,190,570,870,1600,2100,2700,3300,4500,5100,5300,20413,34,69,452.0479078136062,15.018099002190866,5270.493119998719,296.16156370940087
1693954146,170,,Aggregated,18.500000,0.000000,69,200,570,870,1600,2100,2700,3300,4500,5100,5300,20429,34,69,452.4876105061008,15.018099002190866,5270.493119998719,296.15972392187575
1693954147,170,,Aggregated,18.600000,0.100000,69,200,580,880,1600,2100,2700,3300,4500,5100,5300,20446,34,69,453.0995843042717,15.018099002190866,5270.493119998719,296.157879291793
1693954148,170,,Aggregated,18.200000,0.100000,69,200,580,880,1600,2100,2700,3300,4500,5100,5300,20468,34,69,453.7708637206443,15.018099002190866,5270.493119998719,296.15526675786595
1693954149,170,,Aggregated,17.600000,0.100000,69,200,580,880,1600,2100,2700,3300,4500,5100,5300,20478,34,69,453.9457599073711,15.018099002190866,5270.493119998719,296.15416544584434
1693954150,170,,Aggregated,17.400000,0.100000,69,200,590,890,1600,2100,2700,3300,4500,5100,5300,20487,34,69,454.35266830991065,15.018099002190866,5270.493119998719,296.15312149167767
1693954151,170,,Aggregated,17.600000,0.100000,70,200,590,890,1600,2100,2700,3300,4500,5100,5300,20504,34,70,455.46879190973226,15.018099002190866,5270.493119998719,296.151190011705
1693954152,170,,Aggregated,17.100000,0.100000,70,200,590,890,1600,2100,2700,3300,4500,5100,5300,20520,34,70,456.7430513094616,15.018099002190866,5270.493119998719,296.14926900584794
1693954153,170,,Aggregated,16.600000,0.100000,70,200,600,900,1600,2100,2700,3300,4500,5100,5300,20536,35,70,458.0047019447389,15.018099002190866,5270.493119998719,296.21708219711724
1693954154,170,,Aggregated,17.100000,0.100000,70,200,600,900,1600,2100,2700,3300,4500,5100,5300,20550,35,70,459.4137910109571,15.018099002190866,5270.493119998719,296.2153284671533
1693954155,170,,Aggregated,16.000000,0.200000,70,200,600,900,1600,2100,2700,3300,4500,5100,5300,20565,35,70,461.01630428136,15.018099002190866,5270.493119998719,296.2135667396061
1693954156,170,,Aggregated,15.000000,0.200000,70,210,610,910,1600,2100,2800,3300,4500,5100,5300,20581,35,70,462.68330556276004,15.018099002190866,5270.493119998719,296.21174870025754
1693954157,170,,Aggregated,14.300000,0.100000,70,210,610,910,1600,2100,2800,3300,4500,5100,5300,20603,35,70,465.23529609145066,15.018099002190866,5270.493119998719,296.209095762753
1693954158,170,,Aggregated,14.800000,0.100000,70,210,620,920,1600,2100,2800,3300,4500,5100,5300,20619,36,70,467.086857289983,15.018099002190866,5270.493119998719,296.2763955574955
1693954159,170,,Aggregated,15.100000,0.100000,70,210,620,920,1600,2100,2800,3300,4500,5100,5300,20634,36,70,468.87634501241376,15.018099002190866,5270.493119998719,296.2745953280993
1693954160,170,,Aggregated,15.200000,0.100000,71,210,620,920,1600,2200,2800,3300,4500,5100,5300,20653,36,71,470.99227089300007,15.018099002190866,5270.493119998719,296.27226068851985
1693954161,170,,Aggregated,15.100000,0.200000,71,210,630,930,1600,2200,2800,3300,4500,5100,5300,20675,36,71,473.3875839642622,15.018099002190866,5270.493119998719,296.269746070133
1693954162,170,,Aggregated,15.500000,0.200000,71,210,630,930,1600,2200,2800,3300,4500,5100,5300,20697,36,71,475.12090577436845,15.018099002190866,5270.493119998719,296.2669952166981
1693954163,170,,Aggregated,16.300000,0.200000,71,220,630,930,1600,2200,2900,3300,4500,5100,5300,20712,36,71,476.264310297176,15.018099002190866,5270.493119998719,296.2651602935496
1693954164,170,,Aggregated,17.000000,0.200000,71,220,640,940,1700,2200,2900,3300,4500,5100,5300,20731,36,71,477.3898228356138,15.018099002190866,5270.493119998719,296.2629395591144
1693954165,170,,Aggregated,17.400000,0.100000,71,220,640,940,1700,2200,2900,3300,4500,5100,5300,20744,36,71,478.32215929941754,15.018099002190866,5270.493119998719,296.2615214037794
1693954166,170,,Aggregated,17.100000,0.100000,71,220,640,940,1700,2200,2800,3300,4500,5100,5300,20752,36,71,479.0048833538029,15.018099002190866,5270.493119998719,296.2606495759445
1693954167,170,,Aggregated,17.900000,0.100000,71,220,650,950,1700,2200,2900,3300,4500,5100,5300,20769,37,71,480.79735492243765,15.018099002190866,5270.493119998719,296.32745919399105
1693954168,170,,Aggregated,17.200000,0.100000,71,220,650,950,1700,2200,2900,3300,4500,5100,5300,20790,37,71,483.3384366912996,15.018099002190866,5270.493119998719,296.3249158249158
1693954170,170,,Aggregated,15.900000,0.200000,71,220,650,950,1700,2200,2900,3400,4500,5100,5300,20804,37,71,485.11799892045366,15.018099002190866,5270.493119998719,296.3233512786003
1693954171,170,,Aggregated,16.400000,0.100000,72,230,660,960,1700,2200,2900,3400,4500,5100,5300,20833,38,72,488.3922219289168,15.018099002190866,5270.493119998719,296.38837421398745
1693954172,170,,Aggregated,16.600000,0.100000,72,230,670,960,1700,2200,2900,3400,4500,5100,5300,20861,38,72,489.9827821153409,15.018099002190866,5270.493119998719,296.3847850055127
1693954173,170,,Aggregated,17.400000,0.200000,72,230,670,960,1700,2200,2900,3400,4500,5100,5300,20887,38,72,489.6429705649978,15.018099002190866,5270.493119998719,296.38162493416957
1693954174,170,,Aggregated,17.900000,0.200000,72,230,670,960,1700,2200,2900,3400,4500,5100,5300,20904,38,72,489.3072858326213,15.018099002190866,5270.493119998719,296.37935323383084
1693954175,170,,Aggregated,18.400000,0.200000,72,230,660,960,1700,2200,2900,3400,4500,5100,5300,20922,38,72,488.9288886452116,15.018099002190866,5270.493119998719,296.37697160883283
1693954176,170,,Aggregated,18.700000,0.200000,72,230,660,960,1700,2200,2900,3400,4500,5100,5300,20931,38,72,488.8749049005358,15.018099002190866,5270.493119998719,296.3759017724906
1693954177,170,,Aggregated,18.700000,0.200000,72,230,670,960,1700,2200,2900,3400,4500,5100,5300,20944,38,72,489.41131674418045,15.018099002190866,5270.493119998719,296.3743792971734
1693954178,170,,Aggregated,18.500000,0.200000,72,230,670,970,1700,2200,2900,3400,4500,5100,5300,20961,38,72,490.2590784691145,15.018099002190866,5270.493119998719,296.37231048137016
1693954179,170,,Aggregated,18.600000,0.200000,72,230,670,970,1700,2200,2900,3400,4500,5100,5300,20978,38,72,491.2002261220376,15.018099002190866,5270.493119998719,296.37034035656404
1693954180,170,,Aggregated,18.700000,0.100000,72,230,680,970,1700,2200,2900,3400,4500,5100,5300,20995,38,72,492.05545089355104,15.018099002190866,5270.493119998719,296.36813527030245
1693954181,170,,Aggregated,18.600000,0.100000,72,230,680,980,1700,2200,2900,3400,4400,5100,5300,21017,39,72,493.15323635457486,15.018099002190866,5270.493119998719,296.4334110481991
1693954182,170,,Aggregated,18.600000,0.100000,73,240,690,980,1700,2200,2900,3400,4400,5100,5300,21033,39,73,493.7564257871485,15.018099002190866,5270.493119998719,296.4314648409642
1693954183,170,,Aggregated,18.100000,0.100000,73,240,690,990,1700,2200,2900,3400,4400,5100,5300,21047,39,73,494.4525335757157,15.018099002190866,5270.493119998719,296.42975245878273
1693954184,170,,Aggregated,16.500000,0.100000,73,240,690,990,1700,2200,2900,3400,4400,5100,5300,21059,39,73,495.2102134734833,15.018099002190866,5270.493119998719,296.4281779761622
1693954185,170,,Aggregated,15.400000,0.100000,73,240,700,990,1700,2200,2900,3400,4400,5100,5300,21075,39,73,496.47061002510407,15.018099002190866,5270.493119998719,296.42609727164887
1693954186,170,,Aggregated,15.100000,0.100000,73,240,700,1000,1700,2200,2900,3400,4400,5100,5300,21089,40,73,497.6493129136548,15.018099002190866,5270.493119998719,296.4921997249751
1693954187,175,,Aggregated,14.900000,0.100000,73,240,700,1000,1700,2200,2900,3400,4400,5100,5300,21100,40,73,498.75950721261,15.018099002190866,5270.493119998719,296.4907109004739
1693954188,175,,Aggregated,15.400000,0.200000,73,240,700,1000,1700,2300,2900,3400,4400,5100,5300,21110,41,73,499.99546011895205,15.018099002190866,5270.493119998719,296.5572240644244
1693954189,175,,Aggregated,15.500000,0.200000,73,240,700,1000,1700,2300,2900,3400,4400,5100,5300,21122,41,73,501.6273546287324,15.018099002190866,5270.493119998719,296.55567654578164
1693954190,175,,Aggregated,14.900000,0.200000,74,240,710,1000,1700,2300,3000,3400,4400,5100,5300,21140,41,74,504.3429765235618,15.018099002190866,5270.493119998719,296.5535004730369
1693954191,175,,Aggregated,14.100000,0.300000,74,250,710,1000,1700,2300,3000,3500,4500,5100,5300,21154,41,74,506.8863426824283,15.018099002190866,5270.493119998719,296.5516687151366
1693954192,175,,Aggregated,14.200000,0.300000,74,250,710,1000,1700,2300,3000,3500,4600,5200,5600,21175,41,74,510.77374809020444,15.018099002190866,5619.963992998237,296.5489020070838
1693954193,175,,Aggregated,13.200000,0.200000,74,250,720,1000,1700,2300,3100,3500,4900,5400,5800,21192,42,74,513.9886877643487,15.018099002190866,5805.855485999928,296.61428841072103
1693954194,175,,Aggregated,13.400000,0.200000,74,250,720,1000,1800,2300,3100,3600,5000,5600,5800,21215,42,74,518.1042295853445,15.018099002190866,5837.902538998605,296.61098279519206
1693954195,175,,Aggregated,14.100000,0.200000,74,250,730,1000,1800,2300,3100,3700,5000,5600,5800,21235,42,74,521.4778543890787,15.018099002190866,5837.902538998605,296.6082882034377
1693954196,175,,Aggregated,14.400000,0.300000,74,250,730,1000,1800,2400,3100,3700,5000,5600,5800,21250,42,74,523.6745742173686,15.018099002190866,5837.902538998605,296.6062588235294
1693954197,175,,Aggregated,14.900000,0.300000,75,260,730,1000,1800,2400,3200,3700,5000,5600,5800,21267,42,75,526.1313538414483,15.018099002190866,5837.902538998605,296.60412846193634
1693954198,175,,Aggregated,15.500000,0.200000,75,260,740,1000,1800,2400,3200,3700,5000,5600,5800,21289,42,75,529.0692450138611,15.018099002190866,5837.902538998605,296.6012494715581
1693954199,175,,Aggregated,16.300000,0.200000,75,260,750,1100,1800,2400,3200,3700,5000,5600,5800,21320,42,75,532.3664227095256,15.018099002190866,5837.902538998605,296.5970919324578
1693954200,175,,Aggregated,16.500000,0.200000,75,260,750,1100,1800,2400,3200,3700,5000,5600,5800,21340,42,75,533.9162262374913,15.018099002190866,5837.902538998605,296.5944236176195
1693954201,175,,Aggregated,17.700000,0.100000,75,270,760,1100,1800,2400,3200,3700,5000,5600,5800,21351,42,75,534.6021298526563,15.018099002190866,5837.902538998605,296.5930401386352
1693954203,175,,Aggregated,19.100000,0.100000,76,270,760,1100,1800,2400,3200,3700,5000,5600,5800,21373,42,76,535.8088087820647,15.018099002190866,5837.902538998605,296.59023066485753
1693954204,175,,Aggregated,19.600000,0.100000,76,270,770,1100,1800,2400,3200,3700,5000,5600,5800,21393,42,76,536.727990983969,15.018099002190866,5837.902538998605,296.58780909643343
1693954205,175,,Aggregated,19.300000,0.100000,76,270,770,1100,1800,2400,3200,3700,5000,5600,5800,21422,42,76,536.6400704366566,15.018099002190866,5837.902538998605,296.58397908692
1693954206,175,,Aggregated,19.600000,0.000000,76,270,770,1100,1800,2400,3200,3700,5000,5600,5800,21438,42,76,536.2891429542427,15.018099002190866,5837.902538998605,296.5819572721336
1693954207,175,,Aggregated,20.300000,0.000000,76,270,770,1100,1800,2400,3200,3700,5000,5600,5800,21451,42,76,536.2424507560977,15.018099002190866,5837.902538998605,296.58015943312665
1693954208,175,,Aggregated,19.800000,0.000000,76,270,770,1100,1800,2400,3200,3700,5000,5600,5800,21461,42,76,536.4290914788245,15.018099002190866,5837.902538998605,296.57877079353244
1693954209,175,,Aggregated,19.200000,0.000000,76,270,770,1100,1800,2400,3200,3700,5000,5600,5800,21473,42,76,536.9226239740623,15.018099002190866,5837.902538998605,296.57718995948403
1693954210,175,,Aggregated,18.900000,0.000000,76,280,770,1100,1800,2400,3200,3700,5000,5600,5800,21486,42,76,537.7864808567457,15.018099002190866,5837.902538998605,296.5753979335381
1693954211,175,,Aggregated,17.800000,0.000000,76,280,780,1100,1800,2400,3200,3700,5000,5600,5800,21507,42,76,539.5239519619679,15.018099002190866,5837.902538998605,296.5727902543358
1693954212,175,,Aggregated,15.900000,0.000000,76,280,780,1100,1800,2400,3200,3700,5000,5600,5800,21524,42,76,540.9688867917234,15.018099002190866,5837.902538998605,296.57075822337856
1693954213,175,,Aggregated,15.900000,0.000000,77,280,780,1100,1800,2400,3200,3700,5000,5600,5800,21534,43,77,541.9410247593136,15.018099002190866,5837.902538998605,296.635971022569
1693954214,175,,Aggregated,17.100000,0.000000,77,280,780,1100,1800,2400,3200,3700,5000,5600,5800,21549,44,77,543.3769321194513,15.018099002190866,5837.902538998605,296.7004037310316
1693954215,175,,Aggregated,15.800000,0.000000,77,280,790,1100,1800,2400,3200,3700,5000,5600,5800,21565,44,77,545.0589753588715,15.018099002190866,5837.902538998605,296.6983074426154
1693954216,175,,Aggregated,15.300000,0.100000,77,290,790,1100,1900,2400,3200,3700,5000,5600,5800,21580,45,77,546.8494091985664,15.018099002190866,5837.902538998605,296.7625579240037
1693954217,175,,Aggregated,13.800000,0.200000,77,290,790,1100,1900,2500,3200,3700,5000,5600,5800,21594,45,77,548.6377875486734,15.018099002190866,5837.902538998605,296.76062795220895
1693954218,175,,Aggregated,13.800000,0.200000,77,290,800,1100,1900,2500,3300,3700,5000,5600,5800,21616,45,77,551.5421229562854,15.018099002190866,5837.902538998605,296.75754071058475
1693954219,175,,Aggregated,13.700000,0.300000,77,290,800,1100,1900,2500,3300,3700,5000,5600,5800,21641,45,77,554.8536172653785,15.018099002190866,5837.902538998605,296.7541241162608
1693954220,175,,Aggregated,14.400000,0.300000,78,300,800,1100,1900,2500,3300,3700,5000,5600,5800,21664,45,78,556.8262285575636,15.018099002190866,5837.902538998605,296.7510155096012
1693954221,175,,Aggregated,15.500000,0.300000,78,300,810,1100,1900,2500,3300,3700,5000,5600,5800,21678,45,78,557.6645313282158,15.018099002190866,5837.902538998605,296.7490082110896
1693954222,175,,Aggregated,17.200000,0.300000,78,300,810,1100,1900,2500,3300,3700,5000,5600,5800,21693,45,78,558.4594511373745,15.018099002190866,5837.902538998605,296.7469229705435
1693954223,175,,Aggregated,17.000000,0.300000,78,300,810,1100,1900,2500,3300,3700,5000,5600,5800,21705,45,78,559.2846409852597,15.018099002190866,5837.902538998605,296.74526606772633
1693954224,175,,Aggregated,16.300000,0.300000,78,300,820,1100,1900,2500,3300,3700,5000,5600,5800,21718,45,78,560.3492638389379,15.018099002190866,5837.902538998605,296.7435767566074
1693954225,175,,Aggregated,16.500000,0.300000,78,310,820,1100,1900,2500,3300,3700,5000,5600,5800,21745,46,78,562.725385653348,15.018099002190866,5837.902538998605,296.805610485169
1693954226,175,,Aggregated,16.400000,0.200000,78,310,820,1100,1900,2500,3300,3700,5000,5600,5800,21760,46,78,563.8820998012891,15.018099002190866,5837.902538998605,296.8035845588235
1693954227,175,,Aggregated,16.800000,0.100000,78,310,830,1200,1900,2500,3300,3700,5000,5600,5800,21773,46,78,564.9530805029647,15.018099002190866,5837.902538998605,296.80181876636203
1693954228,175,,Aggregated,17.200000,0.200000,79,310,830,1200,1900,2500,3300,3700,5000,5600,5800,21792,46,79,566.3468267364649,15.018099002190866,5837.902538998605,296.7992841409692
1693954229,175,,Aggregated,17.800000,0.100000,79,320,830,1200,1900,2500,3300,3700,5000,5600,5800,21808,46,79,567.6398313320817,15.018099002190866,5837.902538998605,296.79700110051357
1693954230,175,,Aggregated,17.300000,0.100000,79,320,840,1200,1900,2500,3300,3700,5000,5600,5800,21823,46,79,568.8919301652862,15.018099002190866,5837.902538998605,296.7948494707419
1693954231,175,,Aggregated,16.800000,0.100000,79,320,840,1200,1900,2500,3300,3700,5000,5600,5800,21840,46,79,570.4739360357617,15.018099002190866,5837.902538998605,296.7926282051282
1693954232,175,,Aggregated,15.900000,0.100000,79,320,850,1200,1900,2500,3300,3700,5000,5600,5800,21861,46,79,572.3442811592342,15.018099002190866,5837.902538998605,296.7898083344769
1693954233,175,,Aggregated,15.400000,0.100000,80,330,850,1200,1900,2500,3300,3700,5000,5600,5800,21885,46,80,574.1080355335166,15.018099002190866,5837.902538998605,296.7866575279872
1693954234,175,,Aggregated,15.700000,0.100000,80,330,860,1200,1900,2500,3300,3700,5000,5600,5800,21907,46,80,575.0023346832984,15.018099002190866,5837.902538998605,296.7837677454695
1693954236,175,,Aggregated,16.900000,0.100000,80,330,860,1200,1900,2500,3300,3700,5000,5600,5800,21916,46,80,575.3493001970713,15.018099002190866,5837.902538998605,296.78257893776237
1693954237,175,,Aggregated,18.000000,0.100000,80,330,860,1200,1900,2500,3300,3700,5000,5600,5800,21926,47,80,575.9433309822131,15.018099002190866,5837.902538998605,296.8464836267445
1693954238,175,,Aggregated,16.900000,0.000000,80,340,870,1200,2000,2500,3300,3700,5000,5600,5800,21964,47,80,578.3884444598431,15.018099002190866,5837.902538998605,296.8409670369696
1693954239,175,,Aggregated,16.900000,0.000000,81,340,870,1200,2000,2500,3300,3700,5000,5600,5800,21982,47,81,579.0828312448822,15.018099002190866,5837.902538998605,296.83850423073426
1693954240,175,,Aggregated,18.400000,0.100000,81,340,880,1200,2000,2500,3300,3700,5000,5600,5800,21991,47,81,579.4987461260513,15.018099002190866,5837.902538998605,296.8372970760766
1693954241,175,,Aggregated,18.400000,0.100000,81,340,880,1200,2000,2500,3300,3700,5000,5600,5800,22004,47,81,580.4321896402929,15.018099002190866,5837.902538998605,296.8353026722414
1693954242,175,,Aggregated,17.800000,0.100000,81,340,880,1200,2000,2500,3300,3700,5000,5600,5800,22017,47,81,581.6143806252895,15.018099002190866,5837.902538998605,296.8332197847118
1693954243,175,,Aggregated,18.000000,0.100000,81,350,890,1200,2000,2600,3300,3700,5000,5600,5800,22041,47,81,584.2702955713444,15.018099002190866,5837.902538998605,296.8299078989157
1693954244,175,,Aggregated,17.200000,0.100000,81,350,890,1200,2000,2600,3300,3700,5000,5600,5800,22052,48,81,585.4783920073465,15.018099002190866,5837.902538998605,296.8932523127154
1693954245,175,,Aggregated,17.000000,0.100000,81,350,890,1200,2000,2600,3300,3700,5000,5600,5800,22067,48,81,587.0889584951736,15.018099002190866,5837.902538998605,296.8911496805184
1693954246,175,,Aggregated,16.400000,0.200000,82,350,900,1200,2000,2600,3300,3700,5000,5600,5800,22086,48,82,589.2093782388841,15.018099002190866,5837.902538998605,296.88852666847777
1693954247,175,,Aggregated,15.600000,0.200000,82,350,900,1200,2000,2600,3300,3700,5000,5600,5800,22103,48,82,590.8904606045329,15.018099002190866,5837.902538998605,296.8862145410125
1693954248,180,,Aggregated,16.200000,0.200000,82,350,900,1200,2000,2600,3300,3700,5000,5600,5800,22116,48,82,592.3123076134015,15.018099002190866,5837.902538998605,296.8843823476216
1693954249,180,,Aggregated,17.100000,0.100000,82,360,910,1200,2000,2600,3300,3700,5000,5600,5800,22129,48,82,593.7959524471055,15.018099002190866,5837.902538998605,296.88255230692755
1693954250,180,,Aggregated,15.000000,0.100000,82,360,910,1200,2000,2600,3300,3700,5000,5600,5800,22143,48,82,595.4763266442666,15.018099002190866,5837.902538998605,296.88045883574944
1693954251,180,,Aggregated,14.000000,0.100000,83,360,910,1200,2000,2600,3300,3700,5000,5600,5800,22160,48,83,597.5768206210284,15.018099002190866,5837.902538998605,296.87820397111915
1693954252,180,,Aggregated,14.700000,0.100000,83,360,920,1200,2000,2600,3300,3700,5000,5600,5800,22180,48,83,600.0322988953557,15.018099002190866,5837.902538998605,296.8754283137962
1693954253,180,,Aggregated,15.000000,0.100000,83,360,920,1200,2000,2600,3400,3800,5000,5600,5800,22191,48,83,601.5467563613171,15.018099002190866,5837.902538998605,296.8738227209229
1693954254,180,,Aggregated,15.700000,0.100000,83,370,920,1300,2000,2700,3400,3800,5000,5600,5800,22207,48,83,603.8436786035478,15.018099002190866,5837.902538998605,296.87148196514613
1693954255,180,,Aggregated,15.200000,0.100000,83,370,930,1300,2000,2700,3400,3800,5000,5800,6200,22233,49,83,607.524071704987,15.018099002190866,6162.319036000554,296.9318580488463
1693954256,180,,Aggregated,14.900000,0.000000,83,370,930,1300,2100,2700,3400,3800,5000,5800,6200,22249,49,83,609.6396769656154,15.018099002190866,6162.319036000554,296.9295698683087
1693954257,180,,Aggregated,15.600000,0.100000,84,380,930,1300,2100,2700,3400,3800,5000,5800,6200,22264,49,84,611.7534859766874,15.018099002190866,6162.319036000554,296.9274164570607
1693954258,180,,Aggregated,15.900000,0.100000,84,380,940,1300,2100,2700,3400,3800,5000,5800,6200,22277,49,84,613.2626120570529,15.018099002190866,6162.319036000554,296.9255285720698
1693954259,180,,Aggregated,15.800000,0.100000,84,380,940,1300,2100,2700,3500,3800,5000,5800,6200,22299,49,84,615.9936936261252,15.018099002190866,6162.319036000554,296.92232835553165
1693954260,180,,Aggregated,15.900000,0.100000,84,390,940,1300,2100,2700,3500,3800,5000,5800,6200,22318,49,84,618.145909754323,15.018099002190866,6162.319036000554,296.91970606685186
1693954261,180,,Aggregated,16.200000,0.100000,85,390,950,1300,2100,2800,3500,3800,5000,5800,6200,22337,49,85,620.2978152223205,15.018099002190866,6162.319036000554,296.91699870170567
1693954262,180,,Aggregated,16.800000,0.100000,85,390,950,1300,2100,2800,3500,3900,5000,5800,6200,22357,53,85,622.4480777326103,15.018099002190866,6162.319036000554,297.17010332334394
1693954263,180,,Aggregated,17.000000,0.100000,85,400,950,1300,2100,2800,3500,3900,5000,5800,6200,22377,53,85,624.3558918569048,15.018099002190866,6162.319036000554,297.1670912097243
1693954264,180,,Aggregated,17.000000,0.200000,85,400,960,1300,2100,2800,3500,3900,5000,5800,6200,22398,53,85,626.2241735956317,15.018099002190866,6162.319036000554,297.1638539155282
1693954265,180,,Aggregated,17.400000,0.500000,85,400,960,1300,2100,2800,3500,3900,5000,5800,6200,22426,54,85,627.7476384319519,15.018099002190866,6162.319036000554,297.22335681797915
1693954266,180,,Aggregated,18.400000,0.500000,86,410,960,1300,2100,2800,3500,3900,5000,5800,6200,22443,54,86,628.2260444189255,15.018099002190866,6162.319036000554,297.22082609276833
1693954268,180,,Aggregated,18.000000,0.400000,86,410,960,1300,2100,2800,3500,3900,5000,5800,6200,22462,54,86,628.3920058106112,15.018099002190866,6162.319036000554,297.2178345650432
1693954269,180,,Aggregated,19.100000,0.500000,86,410,960,1300,2100,2800,3500,3900,5000,5800,6200,22477,54,86,628.5437664230078,15.018099002190866,6162.319036000554,297.2155981670152
1693954270,180,,Aggregated,19.300000,0.500000,86,420,960,1300,2100,2800,3500,3900,5000,5800,6200,22493,54,86,628.766755380872,15.018099002190866,6162.319036000554,297.21282176677187
1693954271,180,,Aggregated,19.300000,0.500000,86,420,970,1300,2100,2800,3500,3800,5000,5800,6200,22505,54,86,629.1651080022639,15.018099002190866,6162.319036000554,297.21097533881357
1693954272,180,,Aggregated,18.700000,0.500000,87,420,970,1300,2100,2800,3500,3800,5000,5800,6200,22526,54,87,629.9658920072787,15.018099002190866,6162.319036000554,297.2078487081595
1693954273,180,,Aggregated,17.900000,0.500000,87,420,970,1300,2100,2800,3500,3800,5000,5800,6200,22534,54,87,630.324332744429,15.018099002190866,6162.319036000554,297.2066654832697
1693954274,180,,Aggregated,18.300000,0.400000,87,430,980,1300,2100,2800,3500,3800,5000,5800,6200,22548,54,87,631.1753555435938,15.018099002190866,6162.319036000554,297.2045857725741
1693954275,180,,Aggregated,17.200000,0.100000,87,430,980,1300,2100,2800,3500,3800,5000,5800,6200,22561,54,87,632.3237988315213,15.018099002190866,6162.319036000554,297.20260626745267
1693954276,180,,Aggregated,16.300000,0.100000,87,430,980,1300,2100,2800,3500,3800,5000,5800,6200,22570,54,87,633.321120471376,15.018099002190866,6162.319036000554,297.20115197164375
1693954277,180,,Aggregated,16.000000,0.100000,88,430,980,1300,2100,2800,3500,3900,5000,5800,6200,22591,55,88,636.0978873732446,15.018099002190866,6162.319036000554,297.2613430127042
1693954278,180,,Aggregated,14.000000,0.000000,88,430,990,1300,2100,2800,3500,3900,5000,5800,6200,22610,55,88,638.9247858119846,15.018099002190866,6162.319036000554,297.25851393188856
1693954279,180,,Aggregated,13.800000,0.100000,88,440,990,1300,2100,2800,3500,3900,5100,5800,6200,22628,55,88,641.7478184244728,15.018099002190866,6162.319036000554,297.2557450945731
1693954280,180,,Aggregated,14.000000,0.100000,88,440,1000,1300,2100,2800,3500,3900,5100,5800,6200,22646,55,88,644.3725992225985,15.018099002190866,6162.319036000554,297.253113132562
1693954281,180,,Aggregated,14.700000,0.100000,88,440,1000,1300,2100,2900,3600,4000,5100,5800,6200,22666,55,88,647.3904424245549,15.018099002190866,6162.319036000554,297.250066178417
1693954282,180,,Aggregated,14.500000,0.100000,89,450,1000,1400,2200,2900,3600,4000,5100,5800,6200,22694,55,89,650.7011474043346,15.018099002190866,6162.319036000554,297.24579183925266
1693954283,180,,Aggregated,15.500000,0.100000,89,450,1000,1400,2200,2900,3600,4000,5100,5800,6200,22711,55,89,652.3166060222346,15.018099002190866,6162.319036000554,297.24318612126285
1693954284,180,,Aggregated,15.600000,0.100000,89,450,1000,1400,2200,2900,3600,4000,5100,5800,6200,22725,55,89,653.6866206612091,15.018099002190866,6162.319036000554,297.2410121012101
1693954285,180,,Aggregated,16.700000,0.100000,89,450,1000,1400,2200,2900,3600,4000,5100,5800,6200,22735,55,89,654.6983363126889,15.018099002190866,6162.319036000554,297.23941060039584
1693954286,180,,Aggregated,17.300000,0.100000,90,460,1000,1400,2200,2900,3600,4000,5100,5800,6200,22755,55,90,656.7742700352445,15.018099002190866,6162.319036000554,297.2362557679631
1693954287,180,,Aggregated,17.000000,0.100000,90,460,1000,1400,2200,2900,3600,4000,5100,5800,6200,22767,55,90,658.1724241770978,15.018099002190866,6162.319036000554,297.23446216014406
1693954288,180,,Aggregated,17.400000,0.100000,90,460,1000,1400,2200,2900,3600,4000,5100,5800,6200,22788,55,90,660.8322254967522,15.018099002190866,6162.319036000554,297.2314375987362
1693954289,180,,Aggregated,17.700000,0.000000,90,470,1000,1400,2200,2900,3600,4000,5100,5800,6200,22807,56,90,662.9279844344713,15.018099002190866,6162.319036000554,297.2911825316789
1693954290,180,,Aggregated,17.300000,0.000000,90,470,1000,1400,2200,2900,3600,4000,5100,5800,6200,22832,56,90,665.606686694814,15.018099002190866,6162.319036000554,297.2874912403644
1693954291,180,,Aggregated,17.100000,0.000000,91,470,1000,1400,2200,2900,3600,4000,5100,5800,6200,22847,56,91,666.9135668814719,15.018099002190866,6162.319036000554,297.28515778876874
1693954292,180,,Aggregated,17.500000,0.100000,91,480,1000,1400,2200,2900,3600,4000,5100,5800,6200,22859,56,91,667.821714230937,15.018099002190866,6162.319036000554,297.2833457281596
1693954293,180,,Aggregated,17.900000,0.100000,91,480,1100,1400,2200,2900,3600,4000,5100,5800,6200,22882,56,91,669.3451036960056,15.018099002190866,6162.319036000554,297.27973953325755
1693954294,180,,Aggregated,16.900000,0.100000,91,480,1100,1400,2200,2900,3600,4000,5100,5800,6200,22904,56,91,670.8267684597452,15.018099002190866,6162.319036000554,297.2765019210618
1693954295,180,,Aggregated,16.400000,0.100000,91,490,1100,1400,2200,2900,3600,4000,5100,5800,6200,22919,56,91,671.8479800445485,15.018099002190866,6162.319036000554,297.27422662419826
1693954296,180,,Aggregated,16.700000,0.100000,92,490,1100,1400,2200,2900,3600,4000,5100,5800,6200,22936,56,92,672.9254245483526,15.018099002190866,6162.319036000554,297.27166899197766
1693954297,180,,Aggregated,17.600000,0.100000,92,490,1100,1400,2200,2900,3600,4000,5100,5800,6200,22948,56,92,673.7996977308704,15.018099002190866,6162.319036000554,297.2698710127244
1693954299,180,,Aggregated,17.900000,0.100000,92,490,1100,1400,2200,2900,3600,4000,5100,5800,6200,22962,56,92,674.8573190414169,15.018099002190866,6162.319036000554,297.2677031617455
1693954300,180,,Aggregated,17.300000,0.100000,92,500,1100,1400,2300,2900,3600,4000,5100,5800,6200,22976,56,92,676.1908143555454,15.018099002190866,6162.319036000554,297.26553795264624
1693954301,180,,Aggregated,17.300000,0.100000,92,500,1100,1400,2300,2900,3600,4000,5100,5800,6200,22988,56,92,677.3945142347317,15.018099002190866,6162.319036000554,297.2638333043327
1693954302,180,,Aggregated,16.300000,0.000000,93,500,1100,1400,2300,3000,3600,4000,5100,5800,6200,23003,56,93,679.2327819797424,15.018099002190866,6162.319036000554,297.2614441594575
1693954303,180,,Aggregated,15.100000,0.000000,93,510,1100,1400,2300,3000,3600,4000,5100,5800,6200,23022,56,93,681.6687245789685,15.018099002190866,6162.319036000554,297.25866562418554
1693954304,180,,Aggregated,15.100000,0.000000,93,510,1100,1400,2300,3000,3600,4000,5100,5800,6200,23063,56,93,685.8134923950927,15.018099002190866,6162.319036000554,297.252222174045
1693954305,180,,Aggregated,15.600000,0.000000,94,520,1100,1400,2300,3000,3600,4000,5100,5800,6200,23082,56,94,687.1526778796912,15.018099002190866,6162.319036000554,297.2493718048696
1693954306,180,,Aggregated,17.700000,0.000000,94,520,1100,1400,2300,3000,3600,4000,5100,5800,6200,23097,56,94,688.2564779677891,15.018099002190866,6162.319036000554,297.24713166212064
1693954307,180,,Aggregated,17.600000,0.000000,94,520,1100,1500,2300,3000,3600,4000,5100,5800,6200,23121,56,94,689.9779243457475,15.018099002190866,6162.319036000554,297.2435880801003
1693954308,185,,Aggregated,17.200000,0.000000,94,530,1100,1500,2300,3000,3600,4000,5100,5800,6200,23136,56,94,691.015141517333,15.018099002190866,6162.319036000554,297.24126901798064
1693954309,185,,Aggregated,17.800000,0.000000,94,530,1100,1500,2300,3000,3600,4000,5100,5800,6200,23151,56,94,692.132887492204,15.018099002190866,6162.319036000554,297.23912573970887
1693954310,185,,Aggregated,18.600000,0.000000,94,530,1100,1500,2300,3000,3600,4000,5100,5800,6200,23163,56,94,693.059883952554,15.018099002190866,6162.319036000554,297.23736130898413
1693954311,185,,Aggregated,18.300000,0.000000,94,530,1100,1500,2300,3000,3600,4000,5100,5800,6200,23181,56,94,694.5566441463704,15.018099002190866,6162.319036000554,297.2345455329796
1693954312,185,,Aggregated,18.600000,0.000000,95,540,1100,1500,2300,3000,3600,4000,5100,5800,6200,23205,57,95,696.7765784140925,15.018099002190866,6162.319036000554,297.2924800689507
1693954313,185,,Aggregated,18.700000,0.000000,95,540,1100,1500,2300,3000,3600,4000,5100,5800,6200,23224,57,95,698.3761129288247,15.018099002190866,6162.319036000554,297.2894850155012
1693954314,185,,Aggregated,19.400000,0.100000,95,540,1100,1500,2300,3000,3600,4000,5100,5800,6200,23239,58,95,699.4560575154711,15.018099002190866,6162.319036000554,297.3488101897672
1693954315,185,,Aggregated,19.600000,0.100000,95,540,1100,1500,2300,3000,3600,4000,5100,5800,6200,23251,58,95,700.4772855407093,15.018099002190866,6162.319036000554,297.3470818459421
1693954316,185,,Aggregated,16.700000,0.200000,95,550,1100,1500,2300,3000,3600,4000,5100,5800,6200,23259,58,95,701.2812167252258,15.018099002190866,6162.319036000554,297.34584461928716
1693954317,185,,Aggregated,16.400000,0.200000,96,550,1100,1500,2300,3000,3600,4000,5100,5800,6200,23277,58,96,703.2986236246954,15.018099002190866,6162.319036000554,297.34325729260644
1693954318,185,,Aggregated,16.000000,0.200000,96,550,1100,1500,2300,3000,3600,4000,5100,5800,6200,23288,58,96,704.7312570737733,15.018099002190866,6162.319036000554,297.34163517691513
1693954319,185,,Aggregated,14.700000,0.200000,96,550,1200,1500,2400,3000,3600,4000,5100,5800,6200,23303,58,96,706.6200740287104,15.018099002190866,6162.319036000554,297.33922670900745
1693954320,185,,Aggregated,14.800000,0.200000,96,560,1200,1500,2400,3100,3700,4000,5100,5800,6200,23324,60,96,709.8808034820805,15.018099002190866,6162.319036000554,297.4586263076659
1693954321,185,,Aggregated,14.900000,0.200000,97,560,1200,1500,2400,3100,3700,4100,5100,5800,6200,23342,61,97,712.6427398166849,15.018099002190866,6162.319036000554,297.51705080969924
1693954322,185,,Aggregated,14.800000,0.200000,97,570,1200,1500,2400,3100,3700,4100,5100,5800,6200,23356,61,97,714.6176215885023,15.018099002190866,6162.319036000554,297.51477136495976
1693954323,185,,Aggregated,15.300000,0.500000,97,570,1200,1500,2400,3100,3700,4100,5100,5800,6200,23382,61,97,718.2914874516754,15.018099002190866,6162.319036000554,297.510734753229
1693954324,185,,Aggregated,15.000000,0.400000,97,580,1200,1500,2400,3100,3700,4100,5100,5800,6200,23391,61,97,719.5682929218962,15.018099002190866,6162.319036000554,297.5092556966355
1693954325,185,,Aggregated,14.400000,0.400000,98,580,1200,1500,2400,3100,3700,4200,5100,5800,6200,23406,61,98,721.7020784845369,15.018099002190866,6162.319036000554,297.50683585405454
1693954326,185,,Aggregated,15.200000,0.300000,98,580,1200,1500,2400,3100,3800,4200,5200,5800,6700,23425,61,98,724.6122931263641,15.018099002190866,6665.305883998371,297.50386339381004
1693954327,185,,Aggregated,14.800000,0.300000,98,580,1200,1500,2400,3100,3800,4200,5200,5800,6700,23439,61,98,726.5524186634705,15.018099002190866,6665.305883998371,297.50172788941506
1693954328,185,,Aggregated,15.400000,0.300000,98,590,1200,1500,2400,3100,3800,4200,5200,6200,6700,23455,61,98,729.1504299264582,15.018099002190866,6665.305883998371,297.4992112555958
1693954330,185,,Aggregated,16.400000,0.300000,98,590,1200,1500,2400,3100,3800,4200,5200,6200,6700,23476,61,98,732.0644268271881,15.018099002190866,6665.305883998371,297.4959533140228
1693954331,185,,Aggregated,16.100000,0.300000,99,600,1200,1600,2400,3200,3800,4200,5200,6200,6700,23497,61,99,734.8240736227214,15.018099002190866,6665.305883998371,297.4925735200238
1693954332,185,,Aggregated,16.700000,0.300000,99,600,1200,1600,2400,3200,3800,4200,5200,6200,6700,23520,61,99,737.4867784352502,15.018099002190866,6665.305883998371,297.4888605442177
1693954333,185,,Aggregated,16.800000,0.000000,99,610,1200,1600,2400,3200,3800,4200,5200,6200,6700,23541,62,99,739.0560274043191,15.018099002190866,6665.305883998371,297.54645087294506
1693954334,185,,Aggregated,17.200000,0.000000,99,610,1200,1600,2500,3200,3800,4200,5200,6200,6700,23554,62,99,739.9803928208829,15.018099002190866,6665.305883998371,297.54445104865414
1693954335,185,,Aggregated,17.900000,0.100000,99,610,1200,1600,2500,3200,3800,4200,5200,6200,6700,23564,62,99,740.7176989104174,15.018099002190866,6665.305883998371,297.5429468681039
1693954336,185,,Aggregated,17.000000,0.100000,100,610,1200,1600,2500,3200,3800,4200,5200,6200,6700,23575,62,100.0,741.554992791053,15.018099002190866,6665.305883998371,297.5412937433722
1693954337,185,,Aggregated,16.900000,0.100000,100,610,1200,1600,2500,3200,3800,4200,5200,6200,6700,23591,62,100.0,743.1383367435064,15.018099002190866,6665.305883998371,297.53876478318
1693954338,185,,Aggregated,16.300000,0.100000,100,620,1200,1600,2500,3200,3800,4200,5200,6200,6700,23616,63,100.0,745.6855849375874,15.018099002190866,6665.305883998371,297.5954861111111
1693954339,185,,Aggregated,16.300000,0.100000,100,620,1200,1600,2500,3200,3800,4200,5200,6200,6700,23633,63,100.0,747.3580088825396,15.018099002190866,6665.305883998371,297.5926458765286
1693954340,185,,Aggregated,16.700000,0.200000,100,620,1200,1600,2500,3200,3800,4200,5200,6200,6700,23644,63,100.0,748.4960387606604,15.018099002190866,6665.305883998371,297.5908898663509
1693954341,185,,Aggregated,17.200000,0.200000,100,630,1200,1600,2500,3200,3800,4200,5200,6200,6700,23657,63,100.0,749.6770686940042,15.018099002190866,6665.305883998371,297.58887432895125
1693954342,185,,Aggregated,16.400000,0.200000,100,630,1200,1600,2500,3200,3800,4200,5200,6200,6700,23678,63,100.0,752.1093126541962,15.018099002190866,6665.305883998371,297.5855224258806
1693954343,185,,Aggregated,15.800000,0.200000,100,630,1200,1600,2500,3200,3800,4200,5200,6200,6700,23693,63,100.0,753.9186246855212,15.018099002190866,6665.305883998371,297.5831258177521
1693954344,185,,Aggregated,15.300000,0.200000,100,630,1200,1600,2500,3200,3800,4200,5200,6200,6700,23714,63,100.0,756.415747974279,15.018099002190866,6665.305883998371,297.57978409378427
1693954345,185,,Aggregated,14.600000,0.100000,100,640,1200,1600,2500,3200,3800,4300,5200,6200,6700,23735,64,100.0,758.8438116993499,15.018099002190866,6665.305883998371,297.636781124921
1693954346,185,,Aggregated,15.200000,0.100000,100,640,1200,1600,2500,3200,3900,4300,5200,6200,6700,23751,66,100.0,760.6957257101201,15.018099002190866,6665.305883998371,297.7546629615595
1693954347,185,,Aggregated,16.400000,0.200000,100,640,1300,1600,2500,3300,3900,4300,5200,6200,6700,23767,67,100.0,762.3664840480523,15.018099002190866,6665.305883998371,297.8120923970211
1693954348,185,,Aggregated,17.100000,0.400000,100,650,1300,1600,2500,3300,3900,4300,5200,6200,6700,23791,67,100.0,764.5498791783899,15.018099002190866,6665.305883998371,297.80795258711277
1693954349,185,,Aggregated,17.000000,0.500000,100,650,1300,1600,2600,3300,3900,4300,5200,6200,6700,23813,67,100.0,766.6272605080035,15.018099002190866,6665.305883998371,297.8042665770798
1693954350,185,,Aggregated,16.300000,0.400000,100,660,1300,1600,2600,3300,3900,4300,5200,6200,6700,23823,67,100.0,767.3324788593832,15.018099002190866,6665.305883998371,297.8025437602317
1693954351,185,,Aggregated,17.700000,0.400000,100,660,1300,1600,2600,3300,3900,4300,5200,6200,6700,23841,67,100.0,768.7205279413649,15.018099002190866,6665.305883998371,297.7995050543182
1693954352,185,,Aggregated,17.600000,0.400000,100,660,1300,1600,2600,3300,3900,4300,5200,6200,6700,23853,67,100.0,769.7385936834816,15.018099002190866,6665.305883998371,297.7975097472016
1693954353,185,,Aggregated,17.200000,0.400000,100,670,1300,1600,2600,3300,3900,4300,5200,6200,6700,23864,67,100.0,770.8251899117952,15.018099002190866,6665.305883998371,297.7957593027154
1693954354,185,,Aggregated,17.300000,0.400000,100,670,1300,1600,2600,3300,3900,4300,5200,6200,6700,23883,67,100.0,772.8903853000913,15.018099002190866,6665.305883998371,297.79261399321695
1693954355,185,,Aggregated,16.900000,0.400000,100,670,1300,1700,2600,3300,3900,4300,5200,6200,6700,23903,67,100.0,775.0063550105459,15.018099002190866,6665.305883998371,297.7891896414676
1693954356,185,,Aggregated,16.300000,0.400000,110,680,1300,1700,2600,3300,3900,4300,5200,6200,6700,23924,67,110.0,777.4284249000618,15.018099002190866,6665.305883998371,297.7856545728139
1693954357,185,,Aggregated,16.200000,0.300000,110,680,1300,1700,2600,3300,3900,4300,5200,6200,6700,23934,67,110.0,778.5759652436318,15.018099002190866,6665.305883998371,297.7839893039191
1693954358,185,,Aggregated,16.600000,0.100000,110,680,1300,1700,2600,3300,3900,4300,5200,6200,6700,23948,68,110.0,780.1211828463789,15.018099002190866,6665.305883998371,297.8413646233506
1693954359,185,,Aggregated,16.500000,0.000000,110,680,1300,1700,2600,3300,3900,4300,5200,6200,6700,23964,68,110.0,782.1216350781626,15.018099002190866,6665.305883998371,297.83859122016355
1693954361,185,,Aggregated,16.400000,0.000000,110,690,1300,1700,2600,3300,3900,4300,5200,6200,6700,23978,68,110.0,783.9099007658308,15.018099002190866,6665.305883998371,297.8361831679039
1693954362,185,,Aggregated,14.800000,0.100000,110,690,1300,1700,2600,3300,3900,4300,5200,6200,6700,24001,69,110.0,787.0585527258905,15.018099002190866,6665.305883998371,297.8919628348819
1693954363,185,,Aggregated,14.800000,0.100000,110,690,1300,1700,2600,3300,3900,4300,5200,6200,6700,24017,69,110.0,789.0925224426911,15.018099002190866,6665.305883998371,297.8891202065204
1693954364,185,,Aggregated,15.600000,0.200000,110,700,1300,1700,2600,3300,3900,4300,5200,6200,6700,24035,71,110.0,791.2360922473104,15.018099002190866,6665.305883998371,298.0051175369253
1693954365,185,,Aggregated,16.300000,0.200000,110,700,1300,1700,2600,3300,3900,4300,5200,6200,6700,24051,71,110.0,793.2932936163199,15.018099002190866,6665.305883998371,298.0023283855141
1693954366,185,,Aggregated,16.600000,0.400000,110,700,1300,1700,2600,3300,3900,4300,5200,6200,6700,24077,71,110.0,796.0358458420944,15.018099002190866,6665.305883998371,297.9978402624912
1693954367,185,,Aggregated,16.100000,0.400000,110,710,1300,1700,2700,3300,3900,4300,5200,6200,6700,24109,71,110.0,798.8946064508731,15.018099002190866,6665.305883998371,297.9922850387822
1693954368,190,,Aggregated,16.600000,0.400000,110,710,1300,1700,2700,3300,3900,4300,5200,6200,6700,24124,71,110.0,799.590874195826,15.018099002190866,6665.305883998371,297.98963687613997
1693954369,190,,Aggregated,17.600000,0.400000,110,720,1300,1700,2700,3300,3900,4300,5200,6200,6700,24158,71,110.0,800.2520542084646,15.018099002190866,6665.305883998371,297.9835665204073
1693954370,190,,Aggregated,18.300000,0.400000,110,720,1300,1700,2700,3300,3900,4300,5200,6200,6700,24181,71,110.0,800.2136795620568,15.018099002190866,6665.305883998371,297.9794880277904
1693954371,190,,Aggregated,19.100000,0.300000,110,720,1300,1700,2700,3300,3900,4300,5200,6200,6700,24193,71,110.0,800.2377246868552,15.018099002190866,6665.305883998371,297.97743148844705
1693954372,190,,Aggregated,21.400000,0.300000,110,720,1300,1700,2700,3300,3900,4300,5200,6200,6700,24206,71,110.0,800.5545511720682,15.018099002190866,6665.305883998371,297.97521275716764
1693954373,190,,Aggregated,21.200000,0.300000,110,720,1300,1700,2700,3300,3900,4300,5200,6200,6700,24220,71,110.0,801.1175361733729,15.018099002190866,6665.305883998371,297.9728323699422
1693954374,190,,Aggregated,19.900000,0.200000,110,730,1300,1700,2700,3300,3900,4300,5200,6200,6700,24232,71,110.0,801.7740330176251,15.018099002190866,6665.305883998371,297.9706586332123
1693954375,190,,Aggregated,19.600000,0.200000,110,730,1300,1700,2700,3300,3900,4300,5200,6200,6700,24248,71,110.0,802.8381113882837,15.018099002190866,6665.305883998371,297.96783239854835
1693954376,190,,Aggregated,19.400000,0.000000,110,730,1300,1700,2700,3300,3900,4300,5200,6200,6700,24262,71,110.0,803.9701123167133,15.018099002190866,6665.305883998371,297.9652955238645
1693954377,190,,Aggregated,19.100000,0.000000,110,730,1300,1700,2700,3300,3900,4300,5200,6200,6700,24270,71,110.0,804.7174600073794,15.018099002190866,6665.305883998371,297.96386485372886
1693954378,190,,Aggregated,18.300000,0.000000,110,730,1400,1700,2700,3300,3900,4300,5200,6200,6700,24284,71,110.0,806.3292739779725,15.018099002190866,6665.305883998371,297.961373744029
1693954379,190,,Aggregated,16.500000,0.000000,110,740,1400,1700,2700,3300,3900,4300,5200,6200,6700,24299,71,110.0,808.2720792049089,15.018099002190866,6665.305883998371,297.95892835096095
1693954380,190,,Aggregated,15.700000,0.000000,110,740,1400,1700,2700,3400,4000,4300,5200,6200,6700,24318,71,110.0,810.7117265202761,15.018099002190866,6665.305883998371,297.9557940620117
1693954381,190,,Aggregated,14.900000,0.000000,110,740,1400,1700,2700,3400,4000,4300,5200,6200,6700,24339,71,110.0,813.4142524833017,15.018099002190866,6665.305883998371,297.95209334812444
1693954382,190,,Aggregated,12.600000,0.000000,110,750,1400,1700,2700,3400,4000,4300,5200,6200,6700,24356,72,110.0,815.8231716546261,15.018099002190866,6665.305883998371,298.0078420101823
1693954383,190,,Aggregated,13.400000,0.000000,110,750,1400,1700,2700,3400,4000,4400,5200,6200,6700,24370,72,110.0,817.6589260835896,15.018099002190866,6665.305883998371,298.00537546163315
1693954384,190,,Aggregated,14.400000,0.000000,110,750,1400,1700,2700,3400,4000,4400,5200,6200,6700,24389,72,110.0,820.1201107861775,15.018099002190866,6665.305883998371,298.0022141129198
1693954385,190,,Aggregated,14.600000,0.100000,110,760,1400,1800,2700,3400,4000,4400,5200,6200,6700,24411,72,110.0,822.7268216045254,15.018099002190866,6665.305883998371,297.99848428986934
1693954386,190,,Aggregated,15.000000,0.100000,110,770,1400,1800,2700,3400,4000,4400,5200,6200,6700,24430,73,110.0,824.4572007928394,15.018099002190866,6665.305883998371,298.0536225951699
1693954387,190,,Aggregated,15.300000,0.100000,110,770,1400,1800,2700,3400,4000,4400,5200,6200,6700,24450,73,110.0,826.2949000491235,15.018099002190866,6665.305883998371,298.05022494887527
1693954388,190,,Aggregated,15.800000,0.100000,110,770,1400,1800,2700,3400,4000,4400,5200,6200,6700,24465,73,110.0,827.5494171516482,15.018099002190866,6665.305883998371,298.047700797057
1693954389,190,,Aggregated,16.600000,0.200000,120,770,1400,1800,2700,3400,4000,4400,5200,6200,6700,24478,73,120.0,828.4658662987201,15.018099002190866,6665.305883998371,298.04538769507315
1693954391,190,,Aggregated,17.500000,0.200000,120,780,1400,1800,2700,3400,4000,4400,5200,6200,6700,24498,73,120.0,829.9463032927616,15.018099002190866,6665.305883998371,298.0419626091926
1693954392,190,,Aggregated,17.400000,0.200000,120,780,1400,1800,2700,3400,4000,4400,5200,6200,6700,24519,73,120.0,831.2716258258934,15.018099002190866,6665.305883998371,298.03833761572656
1693954393,190,,Aggregated,17.400000,0.200000,120,780,1400,1800,2700,3400,4000,4400,5200,6200,6700,24531,73,120.0,832.1533174101781,15.018099002190866,6665.305883998371,298.0362398597693
1693954394,190,,Aggregated,17.300000,0.200000,120,780,1400,1800,2700,3400,4000,4400,5200,6200,6700,24536,73,120.0,832.5348118430907,15.018099002190866,6665.305883998371,298.0354173459407
1693954395,190,,Aggregated,17.200000,0.100000,120,780,1400,1800,2700,3400,4000,4400,5200,6200,6700,24545,73,120.0,833.3650508943199,15.018099002190866,6665.305883998371,298.0338561825219
1693954396,190,,Aggregated,15.900000,0.100000,120,790,1400,1800,2800,3400,4000,4400,5200,6200,6700,24558,73,120.0,834.875908494832,15.018099002190866,6665.305883998371,298.0316393843147
1693954397,190,,Aggregated,15.000000,0.100000,120,790,1400,1800,2800,3400,4000,4400,5200,6200,6700,24570,73,120.0,836.5040661194176,15.018099002190866,6665.305883998371,298.02967032967035
1693954398,190,,Aggregated,14.200000,0.100000,120,790,1400,1800,2800,3400,4000,4400,5200,6200,6700,24580,73,120.0,838.0836291558622,15.018099002190866,6665.305883998371,298.0278275020342
1693954399,190,,Aggregated,13.500000,0.000000,120,790,1400,1800,2800,3400,4000,4400,5400,6200,6700,24597,74,120.0,841.0643762745901,15.018099002190866,6665.305883998371,298.08301825425866
1693954400,190,,Aggregated,12.300000,0.000000,120,800,1400,1800,2800,3400,4100,4500,5600,6700,6700,24617,75,120.0,844.9001735683511,15.018099002190866,6715.995425998699,298.1377097128001
1693954401,190,,Aggregated,12.600000,0.100000,120,800,1400,1800,2800,3500,4100,4500,5700,6700,6700,24639,76,120.0,848.8534769633144,15.018099002190866,6728.508284002601,298.1918097325378
1693954402,190,,Aggregated,13.300000,0.100000,120,800,1400,1800,2800,3500,4100,4500,5800,6700,7000,24652,76,120.0,851.3713102569811,15.018099002190866,7022.909813000297,298.18943696251824
1693954403,190,,Aggregated,13.400000,0.200000,120,800,1400,1800,2800,3500,4200,4600,5900,7000,8100,24672,76,120.0,855.3756665704481,15.018099002190866,8084.31601799748,298.18575713359274
1693954404,190,,Aggregated,12.900000,0.300000,120,810,1400,1800,2800,3500,4200,4600,6000,7000,8100,24691,76,120.0,859.018034095747,15.018099002190866,8084.31601799748,298.18225264266334
1693954405,190,,Aggregated,13.500000,0.300000,120,810,1400,1800,2800,3500,4200,4600,6000,7000,8100,24710,77,120.0,862.020523571675,15.018099002190866,8084.31601799748,298.2367462565763
1693954406,190,,Aggregated,14.700000,0.300000,120,810,1400,1900,2800,3500,4200,4700,6200,7000,8100,24733,79,120.0,865.7090933054259,15.018099002190866,8084.31601799748,298.34827962641003
1693954407,190,,Aggregated,16.100000,0.300000,120,820,1500,1900,2800,3500,4200,4700,6200,7000,8100,24750,79,120.0,868.3273753125698,15.018099002190866,8084.31601799748,298.34513131313133
1693954408,190,,Aggregated,16.900000,0.400000,120,820,1500,1900,2800,3500,4200,4700,6200,7000,8100,24767,79,120.0,870.7214685990273,15.018099002190866,8084.31601799748,298.34194694553236
1693954409,190,,Aggregated,17.200000,0.600000,120,820,1500,1900,2900,3500,4300,4700,6200,7000,8100,24790,79,120.0,873.2621497369142,15.018099002190866,8084.31601799748,298.3375554659137
1693954410,190,,Aggregated,18.300000,0.600000,120,830,1500,1900,2900,3500,4300,4700,6200,7000,8100,24813,80,120.0,875.1946180960826,15.018099002190866,8084.31601799748,298.3909644138153
1693954411,190,,Aggregated,18.700000,0.500000,120,830,1500,1900,2900,3500,4300,4700,6200,7000,8100,24833,80,120.0,876.2873383296463,15.018099002190866,8084.31601799748,298.38730721217735
1693954412,190,,Aggregated,18.700000,0.500000,120,830,1500,1900,2900,3500,4300,4700,6200,7000,8100,24847,80,120.0,876.877986959557,15.018099002190866,8084.31601799748,298.3847546987564
1693954413,190,,Aggregated,18.900000,0.500000,120,830,1500,1900,2900,3500,4200,4700,6200,7000,8100,24859,80,120.0,877.5194813132513,15.018099002190866,8084.31601799748,298.382557625005
1693954414,190,,Aggregated,19.100000,0.400000,120,830,1500,1900,2900,3500,4200,4700,6200,7000,8100,24864,80,120.0,877.8250515121101,15.018099002190866,8084.31601799748,298.3815556628057
1693954415,190,,Aggregated,18.400000,0.400000,120,840,1500,1900,2900,3500,4200,4700,6200,7000,8100,24876,80,120.0,878.967794306243,15.018099002190866,8084.31601799748,298.3792812349252
1693954416,190,,Aggregated,17.900000,0.400000,120,840,1500,1900,2900,3500,4200,4700,6200,7000,8100,24887,80,120.0,880.1483014585574,15.018099002190866,8084.31601799748,298.3772652388797
1693954417,190,,Aggregated,16.100000,0.400000,120,840,1500,1900,2900,3500,4300,4700,6200,7000,8100,24898,80,120.0,881.4739646559211,15.018099002190866,8084.31601799748,298.3752510241786
1693954418,190,,Aggregated,15.300000,0.300000,120,850,1500,1900,2900,3600,4300,4700,6200,7000,8100,24918,80,120.0,884.2223254047722,15.018099002190866,8084.31601799748,298.3714583834979
1693954420,190,,Aggregated,15.100000,0.100000,120,850,1500,1900,2900,3600,4300,4800,6200,7000,8100,24938,80,120.0,887.5144047856335,15.018099002190866,8084.31601799748,298.36787232336195
1693954421,190,,Aggregated,14.000000,0.100000,120,850,1500,1900,2900,3600,4300,4800,6300,7000,8100,24957,80,120.0,890.6539529274003,15.018099002190866,8084.31601799748,298.3644268141203
1693954422,190,,Aggregated,14.000000,0.100000,120,860,1500,1900,2900,3600,4300,4800,6300,7000,8100,24975,80,120.0,893.3879889292543,15.018099002190866,8084.31601799748,298.36112112112113
1693954423,190,,Aggregated,13.500000,0.000000,130,860,1500,1900,2900,3600,4400,4900,6300,7000,8400,24999,80,130.0,897.2415783069764,15.018099002190866,8357.641868999053,298.3568142725709
1693954424,190,,Aggregated,13.900000,0.000000,130,870,1500,1900,2900,3600,4400,4900,6300,7000,8400,25017,80,130.0,899.890884537799,15.018099002190866,8357.641868999053,298.35359955230444
1693954425,190,,Aggregated,14.500000,0.000000,130,870,1500,1900,2900,3600,4400,4900,6300,7000,8400,25031,80,130.0,901.4365315754113,15.018099002190866,8357.641868999053,298.3511246054892
1693954426,190,,Aggregated,15.400000,0.000000,130,870,1500,1900,2900,3600,4400,4900,6300,7000,8400,25046,80,130.0,903.5268277138117,15.018099002190866,8357.641868999053,298.3484787990098
1693954427,190,,Aggregated,16.400000,0.000000,130,870,1500,1900,2900,3600,4400,4900,6300,7000,8400,25059,80,130.0,905.2366527284863,15.018099002190866,8357.641868999053,298.34610319645634
1693954428,195,,Aggregated,16.500000,0.000000,130,880,1500,1900,3000,3700,4400,4900,6300,7000,8400,25080,81,130.0,907.7134889974535,15.018099002190866,8357.641868999053,298.3994019138756
1693954429,195,,Aggregated,16.700000,0.000000,130,880,1500,2000,3000,3700,4400,4900,6300,7000,8400,25105,81,130.0,910.6028649001446,15.018099002190866,8357.641868999053,298.394781915953
1693954430,195,,Aggregated,17.200000,0.100000,130,890,1500,2000,3000,3700,4400,4900,6300,7000,8400,25139,81,130.0,913.4418804285431,15.018099002190866,8357.641868999053,298.38863916623575
1693954431,195,,Aggregated,17.900000,0.100000,130,890,1500,2000,3000,3700,4400,4900,6300,7000,8400,25158,81,130.0,914.1412412183057,15.018099002190866,8357.641868999053,298.38520550123224
1693954432,195,,Aggregated,18.300000,0.100000,130,890,1500,2000,3000,3700,4400,4900,6300,7000,8400,25165,81,130.0,914.315293354903,15.018099002190866,8357.641868999053,298.38394595668586
1693954433,195,,Aggregated,19.800000,0.100000,130,890,1600,2000,3000,3700,4400,4900,6300,7000,8400,25184,81,130.0,915.0770626288174,15.018099002190866,8357.641868999053,298.3804796696315
1693954434,195,,Aggregated,18.500000,0.100000,130,900,1600,2000,3000,3700,4400,4900,6300,7000,8400,25209,81,130.0,916.3033340556599,15.018099002190866,8357.641868999053,298.37601650204294
1693954435,195,,Aggregated,17.900000,0.100000,130,910,1600,2000,3000,3700,4400,4900,6300,7000,8400,25249,81,130.0,916.8603138862576,15.018099002190866,8357.641868999053,298.36864826329753
1693954436,195,,Aggregated,17.700000,0.100000,130,900,1600,2000,3000,3700,4400,4900,6300,7000,8400,25260,81,130.0,916.8047646502425,15.018099002190866,8357.641868999053,298.36670625494855
1693954437,195,,Aggregated,20.400000,0.100000,130,910,1600,2000,3000,3700,4400,4900,6300,7000,8400,25263,81,130.0,916.8718190245072,15.018099002190866,8357.641868999053,298.3661877053398
1693954438,195,,Aggregated,21.400000,0.100000,130,910,1600,2000,3000,3700,4400,4900,6300,7000,8400,25275,82,130.0,917.554419684713,15.018099002190866,8357.641868999053,298.42069238377843
1693954439,195,,Aggregated,20.500000,0.100000,130,910,1600,2000,3000,3700,4400,4900,6300,7000,8400,25290,82,130.0,918.8262598898831,15.018099002190866,8357.641868999053,298.4179517595888
1693954440,195,,Aggregated,19.400000,0.000000,130,910,1600,2000,3000,3700,4400,4900,6300,7000,8400,25307,82,130.0,920.4861486887479,15.018099002190866,8357.641868999053,298.41474690797014
1693954441,195,,Aggregated,17.900000,0.100000,130,920,1600,2000,3000,3700,4400,4900,6300,7000,8400,25333,83,130.0,923.1331965786177,15.018099002190866,8357.641868999053,298.46646666403507
1693954442,195,,Aggregated,17.400000,0.100000,130,920,1600,2000,3000,3700,4400,4900,6300,7000,8400,25353,83,130.0,925.3015365936625,15.018099002190866,8357.641868999053,298.46282491223917
1693954443,195,,Aggregated,16.300000,0.200000,130,920,1600,2000,3000,3700,4400,4900,6300,7000,8400,25365,83,130.0,926.5778751494233,15.018099002190866,8357.641868999053,298.46059530849595
1693954444,195,,Aggregated,17.600000,0.200000,130,920,1600,2000,3000,3700,4400,4900,6300,7000,8400,25381,83,130.0,928.0440385824091,15.018099002190866,8357.641868999053,298.4576257830661
1693954445,195,,Aggregated,18.300000,0.200000,130,930,1600,2000,3000,3700,4400,4900,6300,7000,8400,25401,86,130.0,930.0869330423261,15.018099002190866,8357.641868999053,298.622928231172
1693954446,195,,Aggregated,17.700000,0.200000,140,930,1600,2000,3000,3700,4400,4900,6300,7000,8400,25421,87,140.0,932.3381185349559,15.018099002190866,8357.641868999053,298.67546516659456
1693954447,195,,Aggregated,15.200000,0.300000,140,930,1600,2000,3000,3700,4400,4900,6300,7000,8400,25436,87,140.0,933.8609125553594,15.018099002190866,8357.641868999053,298.6725507155213
1693954449,195,,Aggregated,14.700000,0.500000,140,940,1600,2000,3000,3700,4400,4900,6300,7000,8400,25453,87,140.0,935.6716132917976,15.018099002190866,8357.641868999053,298.6691942010765
1693954450,195,,Aggregated,16.000000,0.600000,140,940,1600,2000,3000,3700,4400,4900,6300,7000,8400,25465,87,140.0,937.0383103936434,15.018099002190866,8357.641868999053,298.6669546436285
1693954451,195,,Aggregated,17.700000,0.500000,140,940,1600,2000,3100,3700,4400,4900,6300,7000,8400,25483,88,140.0,939.0122166241067,15.018099002190866,8357.641868999053,298.71961699956836
1693954452,195,,Aggregated,17.700000,0.500000,140,940,1600,2000,3100,3700,4400,4900,6300,7000,8400,25504,89,140.0,941.3993486752313,15.018099002190866,8357.641868999053,298.77160445420327
1693954453,195,,Aggregated,16.600000,0.500000,140,950,1600,2000,3100,3700,4400,4900,6300,7000,8400,25528,89,140.0,944.0107320070545,15.018099002190866,8357.641868999053,298.76680507677844
1693954454,195,,Aggregated,16.800000,0.600000,140,950,1600,2000,3100,3700,4400,4900,6300,7000,8400,25535,89,140.0,944.8821501683212,15.018099002190866,8357.641868999053,298.76545917368315
1693954455,195,,Aggregated,16.600000,0.600000,140,950,1600,2000,3100,3700,4400,4900,6300,7000,8400,25552,89,140.0,946.9273547875734,15.018099002190866,8357.641868999053,298.7621321227301
1693954456,195,,Aggregated,16.400000,0.600000,140,950,1600,2000,3100,3700,4400,4900,6300,7000,8400,25563,89,140.0,948.3799960380658,15.018099002190866,8357.641868999053,298.759887337167
1693954457,195,,Aggregated,16.400000,0.500000,140,950,1600,2000,3100,3700,4400,4900,6300,7000,8400,25579,90,140.0,950.4056576648452,15.018099002190866,8357.641868999053,298.8127370108292
1693954458,195,,Aggregated,15.500000,0.300000,140,960,1600,2100,3100,3700,4500,4900,6300,7000,8400,25604,91,140.0,953.7742916816933,15.018099002190866,8357.641868999053,298.86369317294174
1693954459,195,,Aggregated,15.200000,0.300000,140,960,1600,2100,3100,3800,4500,4900,6300,7000,8400,25628,91,140.0,956.7965562035306,15.018099002190866,8357.641868999053,298.8589823630404
1693954460,195,,Aggregated,15.500000,0.300000,140,960,1600,2100,3100,3800,4500,4900,6300,7000,8400,25646,92,140.0,959.3141617498281,15.018099002190866,8357.641868999053,298.91113623956954
1693954461,195,,Aggregated,16.300000,0.400000,140,970,1600,2100,3100,3800,4500,4900,6300,7000,8400,25661,93,140.0,960.946438806948,15.018099002190866,8357.641868999053,298.9639141109076
1693954462,195,,Aggregated,17.500000,0.500000,140,970,1600,2100,3100,3800,4500,4900,6300,7000,8400,25680,93,140.0,963.0534070670989,15.018099002190866,8357.641868999053,298.9599299065421
1693954463,195,,Aggregated,17.300000,0.500000,140,970,1700,2100,3100,3800,4500,4900,6300,7000,8400,25699,93,140.0,964.8230058816331,15.018099002190866,8357.641868999053,298.95602941748706
1693954464,195,,Aggregated,17.000000,0.400000,140,980,1700,2100,3100,3800,4500,4900,6300,7000,8400,25716,93,140.0,966.288056287723,15.018099002190866,8357.641868999053,298.9526364909006
1693954465,195,,Aggregated,16.600000,0.400000,140,980,1700,2100,3100,3800,4500,4900,6300,7000,8400,25729,93,140.0,967.4583600410074,15.018099002190866,8357.641868999053,298.9500952232889
1693954466,195,,Aggregated,17.600000,0.400000,140,980,1700,2100,3100,3800,4500,4900,6300,7000,8400,25748,94,140.0,969.1934332289143,15.018099002190866,8357.641868999053,299.00170887059187
1693954467,195,,Aggregated,17.300000,0.400000,140,980,1700,2100,3100,3800,4500,4900,6300,7000,8400,25768,94,140.0,970.8703504781541,15.018099002190866,8357.641868999053,298.9977491462279
1693954468,195,,Aggregated,17.700000,0.400000,140,990,1700,2100,3100,3800,4500,4900,6300,7000,8400,25782,94,140.0,972.1630840686552,15.018099002190866,8357.641868999053,298.9948413621907
1693954469,195,,Aggregated,18.500000,0.400000,140,990,1700,2100,3200,3800,4500,4900,6300,7000,8400,25797,94,140.0,973.5507280500079,15.018099002190866,8357.641868999053,298.99178199015387
1693954470,195,,Aggregated,18.200000,0.400000,150,990,1700,2100,3200,3800,4500,4900,6300,7000,8400,25809,94,150.0,974.7136924383377,15.018099002190866,8357.641868999053,298.989306056027
1693954471,195,,Aggregated,17.000000,0.300000,150,1000,1700,2100,3200,3800,4500,4900,6300,7000,8400,25832,95,150.0,977.0895950437458,15.018099002190866,8357.641868999053,299.0401052957572
1693954472,195,,Aggregated,15.800000,0.200000,150,1000,1700,2100,3200,3800,4500,4900,6300,7000,8400,25851,95,150.0,978.8517349544717,15.018099002190866,8357.641868999053,299.03613013036244
1693954473,195,,Aggregated,16.100000,0.200000,150,1000,1700,2100,3200,3800,4500,4900,6300,7000,8400,25871,95,150.0,980.645468797729,15.018099002190866,8357.641868999053,299.0320822542615
1693954474,195,,Aggregated,16.200000,0.200000,150,1000,1700,2100,3200,3800,4500,4900,6300,7000,8400,25883,95,150.0,981.6740861885811,15.018099002190866,8357.641868999053,299.02971062087084
1693954475,195,,Aggregated,16.400000,0.200000,150,1000,1700,2100,3200,3800,4500,4900,6300,7000,8400,25893,95,150.0,982.6718637112748,15.018099002190866,8357.641868999053,299.02753639979915
1693954476,195,,Aggregated,16.400000,0.200000,150,1000,1700,2100,3200,3800,4500,4900,6300,7000,8400,25908,95,150.0,984.4721646341686,15.018099002190866,8357.641868999053,299.0242782152231
1693954478,195,,Aggregated,15.700000,0.200000,150,1000,1700,2100,3200,3800,4500,4900,6300,7000,8400,25925,95,150.0,986.3757484727882,15.018099002190866,8357.641868999053,299.02082931533266
1693954479,195,,Aggregated,15.000000,0.100000,150,1000,1700,2100,3200,3800,4500,4900,6300,7000,8400,25951,95,150.0,989.4412727529585,15.018099002190866,8357.641868999053,299.0155678008555
1693954480,195,,Aggregated,15.100000,0.100000,150,1000,1700,2100,3200,3800,4500,4900,6300,7000,8400,25966,95,150.0,991.3586476193495,15.018099002190866,8357.641868999053,299.0124778556574
1693954481,195,,Aggregated,15.100000,0.100000,150,1000,1700,2200,3200,3800,4500,5000,6300,7000,8400,25980,98,150.0,993.2873561173993,15.018099002190866,8357.641868999053,299.1749037721324
1693954482,195,,Aggregated,16.500000,0.100000,150,1000,1700,2200,3200,3800,4500,5000,6300,7000,8400,25989,98,150.0,994.3970324439969,15.018099002190866,8357.641868999053,299.1729962676517
1693954483,195,,Aggregated,16.400000,0.300000,150,1000,1700,2200,3200,3800,4500,5000,6300,7000,8400,26008,98,150.0,996.7707696322293,15.018099002190866,8357.641868999053,299.16898646570286
1693954484,195,,Aggregated,15.100000,0.300000,150,1000,1700,2200,3200,3800,4500,5000,6300,7000,8400,26027,98,150.0,998.9552221654822,15.018099002190866,8357.641868999053,299.1650593614324
1693954485,195,,Aggregated,15.300000,0.300000,150,1000,1700,2200,3200,3900,4500,5000,6300,7000,8400,26042,98,150.0,1001.1363078559252,15.018099002190866,8357.641868999053,299.1620075263037
1693954486,195,,Aggregated,14.800000,0.300000,150,1000,1700,2200,3200,3900,4500,5000,6300,7000,8400,26060,99,150.0,1003.6337903936684,15.018099002190866,8357.641868999053,299.21331542594015
1693954487,195,,Aggregated,15.700000,0.300000,150,1000,1700,2200,3300,3900,4500,5000,6300,7000,8400,26074,99,150.0,1005.4913963728235,15.018099002190866,8357.641868999053,299.2104395182941
1693954488,200,,Aggregated,16.300000,0.400000,150,1000,1700,2200,3300,3900,4600,5000,6300,7000,8400,26084,99,150.0,1006.855293327749,15.018099002190866,8357.641868999053,299.2083652813986
1693954489,200,,Aggregated,16.200000,0.400000,150,1100,1700,2200,3300,3900,4600,5000,6300,7000,8400,26108,100,150.0,1010.3005664489817,15.018099002190866,8357.641868999053,299.2581201164394
1693954490,200,,Aggregated,15.500000,0.400000,150,1100,1800,2200,3300,3900,4600,5000,6300,7000,8400,26125,101,150.0,1012.62601961156,15.018099002190866,8357.641868999053,299.30932057416265
1693954491,200,,Aggregated,14.700000,0.400000,160,1100,1800,2200,3300,3900,4600,5000,6300,7000,8400,26145,101,160.0,1015.287455702161,15.018099002190866,8357.641868999053,299.3050678906101
1693954492,200,,Aggregated,15.500000,0.600000,160,1100,1800,2200,3300,3900,4600,5100,6300,7000,8400,26165,101,160.0,1018.1065739343011,15.018099002190866,8357.641868999053,299.3006688324097
1693954493,200,,Aggregated,15.100000,0.300000,160,1100,1800,2200,3300,3900,4600,5100,6300,7000,8400,26187,101,160.0,1020.7446331688237,15.018099002190866,8357.641868999053,299.29598655821593
1693954494,200,,Aggregated,17.100000,0.300000,160,1100,1800,2200,3300,3900,4600,5100,6300,7000,8400,26210,101,160.0,1023.241904686531,15.018099002190866,8357.641868999053,299.2911484166349
1693954495,200,,Aggregated,16.600000,0.300000,160,1100,1800,2200,3300,3900,4600,5100,6300,7000,8400,26223,101,160.0,1024.430134614574,15.018099002190866,8357.641868999053,299.2884490714259
1693954496,200,,Aggregated,17.200000,0.300000,160,1100,1800,2200,3300,3900,4600,5100,6300,7000,8400,26235,101,160.0,1025.4343498405938,15.018099002190866,8357.641868999053,299.28599199542595
1693954497,200,,Aggregated,17.500000,0.300000,160,1100,1800,2200,3300,3900,4600,5100,6300,7000,8400,26254,101,160.0,1027.1688750527528,15.018099002190866,8357.641868999053,299.28205225870346
1693954498,200,,Aggregated,16.900000,0.200000,160,1100,1800,2200,3300,3900,4600,5100,6300,7000,8400,26270,101,160.0,1028.6102605083354,15.018099002190866,8357.641868999053,299.2787209744956
1693954499,200,,Aggregated,17.300000,0.200000,160,1100,1800,2200,3300,3900,4600,5100,6300,7000,8400,26287,101,160.0,1030.3817542987779,15.018099002190866,8357.641868999053,299.2751550195914
1693954500,200,,Aggregated,17.600000,0.200000,160,1100,1800,2200,3300,3900,4600,5100,6300,7000,8400,26323,103,160.0,1033.1941118558289,15.018099002190866,8357.641868999053,299.376058959845
1693954501,200,,Aggregated,17.600000,0.200000,160,1100,1800,2300,3300,3900,4600,5100,6300,7000,8400,26344,103,160.0,1034.2800268733672,15.018099002190866,8357.641868999053,299.3717354995445
1693954502,200,,Aggregated,17.500000,0.000000,160,1100,1800,2300,3300,3900,4600,5100,6300,7000,8400,26357,103,160.0,1035.1592642545427,15.018099002190866,8357.641868999053,299.3689342489661
1693954503,200,,Aggregated,19.600000,0.200000,160,1100,1800,2300,3300,3900,4600,5100,6300,7000,8400,26378,103,160.0,1036.437332512889,15.018099002190866,8357.641868999053,299.36450830237317
1693954504,200,,Aggregated,18.800000,0.200000,160,1100,1800,2300,3300,3900,4600,5100,6300,7000,8400,26403,103,160.0,1038.0731328346021,15.018099002190866,8357.641868999053,299.3592394803621
1693954506,200,,Aggregated,18.600000,0.200000,160,1100,1800,2300,3300,3900,4600,5100,6300,7000,8400,26416,103,160.0,1038.775772124167,15.018099002190866,8357.641868999053,299.35648849182314
1693954507,200,,Aggregated,18.600000,0.200000,160,1100,1800,2300,3300,3900,4600,5100,6300,7000,8400,26432,103,160.0,1039.5387772114857,15.018099002190866,8357.641868999053,299.3532082324455
1693954508,200,,Aggregated,18.800000,0.200000,170,1100,1800,2300,3300,3900,4600,5100,6300,7000,8400,26450,103,170.0,1040.528806121663,15.018099002190866,8357.641868999053,299.34948960302455
1693954509,200,,Aggregated,18.900000,0.200000,170,1100,1800,2300,3300,3900,4600,5100,6300,7000,8400,26459,103,170.0,1041.1084412056387,15.018099002190866,8357.641868999053,299.347669979969
1693954510,200,,Aggregated,19.500000,0.200000,170,1100,1800,2300,3300,3900,4600,5100,6300,7000,8400,26477,103,170.0,1042.329855083733,15.018099002190866,8357.641868999053,299.34380783321376
1693954511,200,,Aggregated,18.400000,0.200000,170,1100,1800,2300,3300,3900,4600,5100,6300,7000,8400,26493,103,170.0,1043.5194717837542,15.018099002190866,8357.641868999053,299.34039180160795
1693954512,200,,Aggregated,18.200000,0.200000,170,1100,1800,2300,3300,3900,4600,5100,6300,7000,8400,26504,103,170.0,1044.6696665299955,15.018099002190866,8357.641868999053,299.33813763960154
1693954513,200,,Aggregated,16.200000,0.000000,170,1100,1800,2300,3300,3900,4600,5100,6300,7000,8400,26513,103,170.0,1045.747574424358,15.018099002190866,8357.641868999053,299.33621242409384
1693954514,200,,Aggregated,15.500000,0.000000,170,1100,1900,2300,3300,3900,4600,5100,6300,7000,8400,26527,104,170.0,1047.3994942724394,15.018099002190866,8357.641868999053,299.3870773174501
1693954515,200,,Aggregated,15.300000,0.000000,170,1100,1900,2300,3300,3900,4600,5100,6300,7000,8400,26539,104,170.0,1048.923175683824,15.018099002190866,8357.641868999053,299.38452842985794
1693954516,200,,Aggregated,14.000000,0.000000,170,1100,1900,2300,3300,4000,4600,5100,6300,7000,8400,26557,106,170.0,1051.4670295205033,15.018099002190866,8357.641868999053,299.48834582219376
1693954517,200,,Aggregated,13.200000,0.100000,170,1100,1900,2300,3300,4000,4600,5100,6300,7000,8400,26579,106,170.0,1054.9066199361523,15.018099002190866,8357.641868999053,299.4836148839309
1693954518,200,,Aggregated,13.300000,0.200000,170,1100,1900,2300,3300,4000,4700,5100,6300,7400,8400,26591,106,170.0,1056.8077289211012,15.018099002190866,8357.641868999053,299.4810274152909
1693954519,200,,Aggregated,13.900000,0.300000,170,1100,1900,2300,3400,4000,4700,5200,6400,7400,8400,26610,107,170.0,1059.8960751570837,15.018099002190866,8357.641868999053,299.5307027433296
1693954520,200,,Aggregated,13.700000,0.300000,170,1200,1900,2300,3400,4000,4700,5200,6400,7400,8400,26629,107,170.0,1062.9554140418716,15.018099002190866,8357.641868999053,299.5266438844868
1693954521,200,,Aggregated,14.500000,0.300000,170,1200,1900,2300,3400,4000,4700,5200,6500,7400,8400,26644,107,170.0,1065.365895195879,15.018099002190866,8357.641868999053,299.5234949707251
1693954522,200,,Aggregated,14.300000,0.400000,170,1200,1900,2300,3400,4000,4700,5200,6500,7400,8400,26659,108,170.0,1067.5523669573506,15.018099002190866,8357.641868999053,299.5738774897783
1693954523,200,,Aggregated,14.700000,0.400000,170,1200,1900,2300,3400,4000,4700,5200,6500,7400,8400,26682,108,170.0,1070.9878301323731,15.018099002190866,8357.641868999053,299.568623041751
1693954524,200,,Aggregated,15.100000,0.400000,180,1200,1900,2300,3400,4000,4800,5200,6500,7400,8400,26696,108,180.0,1073.0832864975641,15.018099002190866,8357.641868999053,299.56562780940965
1693954525,200,,Aggregated,15.900000,0.500000,180,1200,1900,2400,3400,4000,4800,5300,6500,7600,8400,26714,108,180.0,1075.9217898272059,15.018099002190866,8357.641868999053,299.56180280002997
1693954526,200,,Aggregated,16.800000,0.500000,180,1200,1900,2400,3400,4000,4800,5300,6500,7600,8400,26736,109,180.0,1078.9747973868555,15.018099002190866,8357.641868999053,299.61056253740276
1693954527,200,,Aggregated,16.500000,0.400000,180,1200,1900,2400,3400,4100,4800,5300,6500,7600,8400,26763,109,180.0,1082.481713434928,15.018099002190866,8357.641868999053,299.6047528304002
1693954528,200,,Aggregated,17.200000,0.400000,180,1200,1900,2400,3400,4100,4800,5300,6500,7600,8400,26784,109,180.0,1084.7453413736553,15.018099002190866,8357.641868999053,299.600171744325
1693954529,200,,Aggregated,17.500000,0.300000,180,1200,1900,2400,3400,4100,4800,5300,6500,7600,8400,26808,109,180.0,1086.6362233915988,15.018099002190866,8357.641868999053,299.59512085944493
1693954530,200,,Aggregated,18.000000,0.300000,180,1200,1900,2400,3400,4100,4800,5300,6500,7600,8400,26818,109,180.0,1087.2179117309631,15.018099002190866,8357.641868999053,299.59299724065926
1693954531,200,,Aggregated,18.700000,0.300000,180,1200,1900,2400,3400,4100,4800,5300,6500,7600,8400,26831,109,180.0,1088.0975435787695,15.018099002190866,8357.641868999053,299.5901382728933
1693954533,200,,Aggregated,19.200000,0.200000,180,1200,1900,2400,3400,4100,4800,5300,6500,7600,8400,26844,109,180.0,1088.987807170502,15.018099002190866,8357.641868999053,299.5873193264789
1693954534,200,,Aggregated,18.300000,0.200000,180,1200,1900,2400,3400,4100,4800,5300,6500,7600,8400,26860,109,180.0,1090.198585788941,15.018099002190866,8357.641868999053,299.58395383469843
1693954535,200,,Aggregated,17.500000,0.100000,180,1200,1900,2400,3400,4100,4800,5300,6500,7600,8400,26874,109,180.0,1091.4404633278618,15.018099002190866,8357.641868999053,299.5810076654015
1693954536,200,,Aggregated,17.200000,0.100000,180,1200,1900,2400,3400,4100,4800,5300,6500,7600,8400,26882,109,180.0,1092.2617904195358,15.018099002190866,8357.641868999053,299.5793467747935
1693954537,200,,Aggregated,17.300000,0.100000,180,1200,1900,2400,3400,4100,4800,5300,6500,7600,8400,26899,110,180.0,1094.4580079654254,15.018099002190866,8357.641868999053,299.628722257333
1693954538,200,,Aggregated,16.100000,0.000000,190,1200,2000,2400,3400,4100,4800,5300,6500,7600,8400,26918,111,190.0,1097.0919624165977,15.018099002190866,8357.641868999053,299.67768779255516
1693954539,200,,Aggregated,14.900000,0.000000,190,1200,2000,2400,3400,4100,4800,5300,6500,7600,8400,26936,111,190.0,1099.2633896643517,15.018099002190866,8357.641868999053,299.673708048708
1693954540,200,,Aggregated,14.800000,0.200000,190,1200,2000,2400,3400,4100,4800,5300,6500,7600,8400,26967,111,190.0,1103.4927693004033,15.018099002190866,8357.641868999053,299.6668149961063
1693954541,200,,Aggregated,14.200000,0.200000,190,1200,2000,2400,3500,4100,4800,5300,6500,7600,8400,26985,111,190.0,1105.600916717138,15.018099002190866,8357.641868999053,299.66296090420605
1693954542,200,,Aggregated,14.800000,0.200000,190,1200,2000,2400,3500,4100,4800,5300,6500,7600,8400,27002,111,190.0,1107.3084255094059,15.018099002190866,8357.641868999053,299.6593215317384
1693954543,200,,Aggregated,16.300000,0.200000,190,1200,2000,2400,3500,4100,4800,5300,6500,7600,8400,27013,111,190.0,1108.3940093563833,15.018099002190866,8357.641868999053,299.6568318957539
1693954544,200,,Aggregated,16.600000,0.200000,190,1200,2000,2400,3500,4100,4800,5300,6500,7600,8400,27036,111,190.0,1110.3436838194252,15.018099002190866,8357.641868999053,299.651908566356
1693954545,200,,Aggregated,16.700000,0.200000,190,1200,2000,2400,3500,4100,4800,5300,6500,7600,8400,27053,111,190.0,1111.6873037437983,15.018099002190866,8357.641868999053,299.64817210660556
1693954546,200,,Aggregated,17.000000,0.200000,190,1200,2000,2400,3500,4100,4800,5300,6500,7600,8400,27073,112,190.0,1113.3229906752106,15.018099002190866,8357.641868999053,299.69663502382446
1693954547,205,,Aggregated,17.100000,0.200000,190,1200,2000,2500,3500,4100,4800,5300,6500,7600,8400,27091,112,190.0,1114.813738467239,15.018099002190866,8357.641868999053,299.69273928610977
1693954548,205,,Aggregated,18.400000,0.200000,190,1200,2000,2500,3500,4100,4800,5300,6500,7600,8400,27108,112,190.0,1116.182963612254,15.018099002190866,8357.641868999053,299.6890585804928
1693954549,205,,Aggregated,18.900000,0.300000,200,1200,2000,2500,3500,4100,4800,5300,6500,7600,8400,27123,112,200.0,1117.3222255101566,15.018099002190866,8357.641868999053,299.6857648490211
1693954550,205,,Aggregated,18.500000,0.100000,200,1200,2000,2500,3500,4100,4800,5300,6500,7600,8400,27139,112,200.0,1118.7296157541903,15.018099002190866,8357.641868999053,299.68226537455325
1693954551,205,,Aggregated,18.500000,0.100000,200,1300,2000,2500,3500,4100,4800,5300,6500,7600,8400,27159,112,200.0,1120.5306173988351,15.018099002190866,8357.641868999053,299.6777863691594
1693954552,205,,Aggregated,17.100000,0.100000,200,1300,2000,2500,3500,4100,4800,5300,6500,7600,8400,27170,112,200.0,1121.6829363881839,15.018099002190866,8357.641868999053,299.6754508649245
1693954553,205,,Aggregated,16.500000,0.100000,200,1300,2000,2500,3500,4100,4800,5300,6500,7600,8400,27185,112,200.0,1123.3422771373903,15.018099002190866,8357.641868999053,299.67228250873643
1693954554,205,,Aggregated,16.700000,0.100000,200,1300,2000,2500,3500,4200,4800,5300,6500,7600,8400,27196,112,200.0,1124.6315914195454,15.018099002190866,8357.641868999053,299.6698411531107
1693954555,205,,Aggregated,16.400000,0.100000,200,1300,2000,2500,3500,4200,4900,5300,6500,7600,8400,27213,112,200.0,1126.9060175801624,15.018099002190866,8357.641868999053,299.66611545952304
1693954556,205,,Aggregated,15.800000,0.100000,200,1300,2000,2500,3500,4200,4900,5300,6500,7600,8400,27235,112,200.0,1130.0579363004942,15.018099002190866,8357.641868999053,299.66146502662014
1693954557,205,,Aggregated,15.600000,0.100000,200,1300,2000,2500,3500,4200,4900,5300,6600,7600,8400,27254,113,200.0,1132.697912904233,15.018099002190866,8357.641868999053,299.70984075732
1693954558,205,,Aggregated,15.100000,0.100000,200,1300,2000,2500,3500,4200,4900,5300,6600,7600,8400,27268,113,200.0,1134.7237849389378,15.018099002190866,8357.641868999053,299.70676250550093
1693954559,205,,Aggregated,15.400000,0.100000,200,1300,2000,2500,3500,4200,4900,5400,6600,7600,8400,27281,113,200.0,1136.6004687776094,15.018099002190866,8357.641868999053,299.7038231736373
1693954561,205,,Aggregated,15.500000,0.100000,200,1300,2000,2500,3500,4200,4900,5400,6600,7600,8400,27295,113,200.0,1138.6967725054392,15.018099002190866,8357.641868999053,299.70067777981313
1693954562,205,,Aggregated,15.200000,0.100000,200,1300,2000,2500,3500,4200,4900,5400,6600,7600,8400,27312,113,200.0,1141.417576005491,15.018099002190866,8357.641868999053,299.6970562390158
1693954563,205,,Aggregated,14.800000,0.100000,200,1300,2100,2500,3500,4200,4900,5400,6700,8100,8400,27320,113,200.0,1142.8239131558921,15.018099002190866,8357.641868999053,299.6953513909224
1693954564,205,,Aggregated,14.800000,0.100000,210,1300,2100,2500,3500,4200,5000,5400,6700,8100,8400,27335,113,210.0,1145.2330111120898,15.018099002190866,8357.641868999053,299.69211633436987
1693954565,205,,Aggregated,14.400000,0.100000,210,1300,2100,2500,3500,4200,5000,5500,6700,8100,8400,27355,113,210.0,1148.699869346517,15.018099002190866,8357.641868999053,299.68777188813743
1693954566,205,,Aggregated,14.700000,0.100000,210,1300,2100,2500,3600,4300,5000,5500,6700,8100,8400,27394,113,210.0,1154.5056916397007,15.018099002190866,8357.641868999053,299.67941885084326
1693954567,205,,Aggregated,15.000000,0.100000,210,1300,2100,2500,3600,4300,5000,5500,6700,8100,8400,27413,113,210.0,1156.829068669097,15.018099002190866,8357.641868999053,299.6752270820414
1693954568,205,,Aggregated,16.900000,0.100000,210,1300,2100,2600,3600,4300,5000,5500,6700,8100,8400,27436,115,210.0,1159.3347908287276,15.018099002190866,8357.641868999053,299.7745662633037
1693954569,205,,Aggregated,17.000000,0.000000,210,1300,2100,2600,3600,4300,5000,5500,6700,8100,8400,27454,115,210.0,1161.404700072047,15.018099002190866,8357.641868999053,299.77067094048226
1693954570,205,,Aggregated,17.600000,0.200000,210,1300,2100,2600,3600,4300,5000,5500,6700,8100,8400,27471,117,210.0,1162.9875408966534,15.018099002190866,8357.641868999053,299.8711004331841
1693954571,205,,Aggregated,17.900000,0.200000,210,1300,2100,2600,3600,4300,5000,5500,6700,8100,8400,27480,117,210.0,1163.9417938742347,15.018099002190866,8357.641868999053,299.86917758369725
1693954572,205,,Aggregated,18.100000,0.200000,220,1300,2100,2600,3600,4300,5000,5500,6700,8100,8400,27495,118,220.0,1165.528421638806,15.018099002190866,8357.641868999053,299.9178759774504
1693954573,205,,Aggregated,18.300000,0.400000,220,1300,2100,2600,3600,4300,5000,5500,6700,8100,8400,27512,119,220.0,1167.5413807331697,15.018099002190866,8357.641868999053,299.9660511776679
1693954574,205,,Aggregated,17.800000,0.500000,220,1300,2100,2600,3600,4300,5000,5500,6700,8100,8400,27524,119,220.0,1169.0826803537266,15.018099002190866,8357.641868999053,299.96341374800176
1693954575,205,,Aggregated,18.200000,0.600000,220,1300,2100,2600,3600,4300,5000,5500,6700,8100,8400,27537,119,220.0,1170.795552219122,15.018099002190866,8357.641868999053,299.96041689363403
1693954576,205,,Aggregated,18.100000,0.600000,220,1300,2100,2600,3600,4300,5000,5500,6700,8100,8400,27556,119,220.0,1173.287900266692,15.018099002190866,8357.641868999053,299.95598054870084
1693954577,205,,Aggregated,17.600000,0.600000,220,1300,2100,2600,3600,4300,5100,5500,6700,8100,8400,27573,120,220.0,1175.8145127930934,15.018099002190866,8357.641868999053,300.00406194465603
1693954578,205,,Aggregated,16.100000,0.600000,220,1300,2100,2600,3600,4300,5100,5500,6700,8100,8400,27582,120,220.0,1177.214973969435,15.018099002190866,8357.641868999053,300.00210282068014
1693954579,205,,Aggregated,15.200000,0.600000,220,1300,2100,2600,3600,4300,5100,5500,6700,8100,8400,27600,121,220.0,1179.923233798513,15.018099002190866,8357.641868999053,300.0498188405797
1693954580,205,,Aggregated,14.500000,0.500000,220,1300,2100,2600,3600,4300,5100,5600,6700,8300,8400,27616,121,220.0,1182.7006547180965,15.018099002190866,8357.641868999053,300.0462413093859
1693954581,205,,Aggregated,13.900000,0.500000,220,1300,2100,2600,3600,4400,5100,5600,6900,8300,8400,27635,122,220.0,1185.8010181943894,15.018099002190866,8357.641868999053,300.09357698570653
1693954582,205,,Aggregated,14.300000,0.600000,230,1300,2100,2600,3600,4400,5100,5600,7000,8300,8400,27658,124,230.0,1189.0480216246278,15.018099002190866,8357.641868999053,300.19173476028635
1693954583,205,,Aggregated,14.200000,0.400000,230,1400,2100,2600,3700,4400,5100,5600,7000,8300,8400,27687,124,230.0,1192.9467989390673,15.018099002190866,8357.641868999053,300.185104922888
1693954584,205,,Aggregated,15.100000,0.500000,230,1400,2100,2600,3700,4400,5100,5600,7000,8300,8400,27700,124,230.0,1194.6032924925612,15.018099002190866,8357.641868999053,300.18216606498197
1693954585,205,,Aggregated,16.500000,0.500000,230,1400,2100,2600,3700,4400,5100,5600,7000,8300,8400,27716,124,230.0,1196.1282336970323,15.018099002190866,8357.641868999053,300.1783807187184
1693954586,205,,Aggregated,17.200000,0.500000,230,1400,2100,2600,3700,4400,5100,5600,7000,8300,8400,27729,124,230.0,1197.251985402501,15.018099002190866,8357.641868999053,300.1753759601861
1693954588,205,,Aggregated,17.600000,0.500000,230,1400,2200,2600,3700,4400,5100,5600,7000,8300,8400,27746,124,230.0,1198.7240703308207,15.018099002190866,8357.641868999053,300.17144813666835
1693954589,205,,Aggregated,16.900000,0.500000,230,1400,2200,2600,3700,4400,5100,5600,7000,8300,8400,27760,124,230.0,1200.0530455755388,15.018099002190866,8357.641868999053,300.1681556195965
1693954590,205,,Aggregated,16.900000,0.500000,230,1400,2200,2600,3700,4400,5100,5600,7000,8300,8400,27774,125,230.0,1201.2026152922501,15.018099002190866,8357.641868999053,300.2164614387557
1693954591,205,,Aggregated,17.000000,0.400000,230,1400,2200,2600,3700,4400,5100,5600,7000,8300,8400,27792,126,230.0,1203.1251714063021,15.018099002190866,8357.641868999053,300.26363701784686
1693954592,205,,Aggregated,16.900000,0.400000,240,1400,2200,2700,3700,4400,5200,5600,7000,8300,8400,27805,127,240.0,1204.6570601646447,15.018099002190866,8357.641868999053,300.3119582808847
1693954593,205,,Aggregated,17.100000,0.500000,240,1400,2200,2700,3700,4400,5200,5600,7000,8300,8400,27817,127,240.0,1206.0636236511468,15.018099002190866,8357.641868999053,300.3091994104325
1693954594,205,,Aggregated,16.400000,0.400000,240,1400,2200,2700,3700,4400,5200,5600,7000,8300,8400,27827,127,240.0,1207.2303267416162,15.018099002190866,8357.641868999053,300.30686024364826
1693954595,205,,Aggregated,14.700000,0.300000,240,1400,2200,2700,3700,4400,5200,5600,7000,8300,8400,27845,128,240.0,1209.63134171377,15.018099002190866,8357.641868999053,300.3539594182079
1693954596,205,,Aggregated,13.800000,0.300000,240,1400,2200,2700,3700,4400,5200,5600,7000,8300,8400,27861,128,240.0,1212.0370667839966,15.018099002190866,8357.641868999053,300.35013100750155
1693954597,205,,Aggregated,13.600000,0.400000,240,1400,2200,2700,3700,4400,5200,5600,7000,8300,8400,27874,128,240.0,1213.9358561288627,15.018099002190866,8357.641868999053,300.34699002654804
1693954598,205,,Aggregated,13.900000,0.400000,240,1400,2200,2700,3700,4400,5200,5700,7000,8300,8400,27891,128,240.0,1216.7750511476438,15.018099002190866,8357.641868999053,300.34304972930335
1693954599,205,,Aggregated,13.900000,0.400000,240,1400,2200,2700,3700,4400,5200,5700,7000,8300,8400,27905,128,240.0,1218.9674070632122,15.018099002190866,8357.641868999053,300.33983157140295
1693954600,205,,Aggregated,14.000000,0.400000,240,1400,2200,2700,3700,4500,5200,5700,7000,8300,8400,27922,128,240.0,1221.8337407138076,15.018099002190866,8357.641868999053,300.33582837905595
1693954601,205,,Aggregated,13.900000,0.400000,240,1400,2200,2700,3700,4500,5200,5700,7000,8300,8400,27936,128,240.0,1224.0645986073864,15.018099002190866,8357.641868999053,300.33240263459334
1693954602,205,,Aggregated,14.000000,0.300000,240,1400,2200,2700,3700,4500,5300,5700,7000,8300,8400,27954,128,240.0,1227.0942778367303,15.018099002190866,8357.641868999053,300.32825355941907
1693954603,205,,Aggregated,13.500000,0.200000,250,1400,2200,2700,3700,4500,5300,5800,7000,8300,8400,27974,129,250.0,1230.3016208798508,15.018099002190866,8357.641868999053,300.3746693358118
1693954604,205,,Aggregated,14.000000,0.100000,250,1400,2200,2700,3800,4500,5300,5800,7100,8300,8400,27994,129,250.0,1233.7843146078785,15.018099002190866,8395.044862998475,300.3700793027077
1693954605,205,,Aggregated,14.900000,0.100000,250,1400,2200,2700,3800,4500,5300,5800,7100,8300,8400,28012,129,250.0,1236.5334410504765,15.018099002190866,8395.044862998475,300.36584321005284
1693954606,205,,Aggregated,15.500000,0.200000,250,1400,2200,2700,3800,4500,5300,5800,7100,8300,8400,28029,129,250.0,1239.0296976334841,15.018099002190866,8395.044862998475,300.36180384601664
1693954607,210,,Aggregated,16.100000,0.100000,250,1400,2200,2700,3800,4500,5300,5800,7100,8300,8400,28044,129,250.0,1241.1317754345644,15.018099002190866,8395.044862998475,300.3583297675082
1693954608,210,,Aggregated,16.300000,0.100000,250,1400,2200,2700,3800,4500,5300,5800,7100,8300,8400,28058,129,250.0,1243.2526278631374,15.018099002190866,8395.044862998475,300.35512153396536
1693954609,210,,Aggregated,16.300000,0.100000,250,1400,2200,2700,3800,4500,5400,5800,7100,8300,8400,28077,131,250.0,1246.2322269321476,15.018099002190866,8395.044862998475,300.45254122591444
1693954610,210,,Aggregated,16.000000,0.100000,250,1400,2200,2700,3800,4600,5400,5900,7100,8300,8400,28090,133,250.0,1248.2419478802747,15.018099002190866,8395.044862998475,300.5512637949448
1693954611,210,,Aggregated,16.300000,0.200000,250,1400,2200,2700,3800,4600,5400,5900,7100,8300,8400,28107,133,250.0,1250.868427482723,15.018099002190866,8395.044862998475,300.5470879140428
1693954612,210,,Aggregated,16.600000,0.300000,260,1400,2200,2700,3800,4600,5400,5900,7100,8300,8400,28128,133,260.0,1254.1293453239803,15.018099002190866,8395.044862998475,300.5420932878271
1693954614,210,,Aggregated,16.500000,0.500000,260,1400,2300,2800,3800,4600,5400,6000,7200,8300,8400,28146,133,260.0,1257.1673735095542,15.018099002190866,8395.044862998475,300.5377673559298
1693954615,210,,Aggregated,16.500000,0.500000,260,1400,2300,2800,3800,4600,5400,6000,7200,8300,8400,28157,133,260.0,1258.9165462145081,15.018099002190866,8395.044862998475,300.53514223816455
1693954616,210,,Aggregated,16.600000,0.500000,260,1400,2300,2800,3800,4600,5400,6000,7200,8300,8400,28169,133,260.0,1260.6972387147894,15.018099002190866,8395.044862998475,300.5322517661259
1693954617,210,,Aggregated,15.800000,0.400000,260,1400,2300,2800,3800,4600,5400,6000,7200,8300,8400,28185,133,260.0,1263.0175425303858,15.018099002190866,8395.044862998475,300.5283661522086
1693954618,210,,Aggregated,15.100000,0.400000,260,1500,2300,2800,3800,4600,5500,6000,7200,8300,8400,28199,133,260.0,1265.3386778303816,15.018099002190866,8395.044862998475,300.52508954218234
1693954619,210,,Aggregated,15.300000,0.400000,260,1500,2300,2800,3800,4600,5500,6000,7200,8300,8400,28220,134,260.0,1268.8364592323142,15.018099002190866,8395.044862998475,300.5706945428774
1693954620,210,,Aggregated,15.200000,0.400000,270,1500,2300,2800,3800,4600,5500,6000,7200,8300,8400,28239,135,270.0,1271.772016682846,15.018099002190866,8395.044862998475,300.61680654414107
1693954621,210,,Aggregated,15.500000,0.400000,270,1500,2300,2800,3900,4700,5500,6000,7200,8300,8400,28255,135,270.0,1274.3181847569588,15.018099002190866,8395.044862998475,300.6128118917006
1693954622,210,,Aggregated,15.500000,0.400000,270,1500,2300,2800,3900,4700,5500,6000,7200,8300,8400,28269,135,270.0,1276.4597205239968,15.018099002190866,8395.044862998475,300.60932470197037
1693954623,210,,Aggregated,15.700000,0.200000,270,1500,2300,2800,3900,4700,5500,6000,7300,8300,8400,28289,137,270.0,1279.7138934723348,15.018099002190866,8395.044862998475,300.705539255541
1693954624,210,,Aggregated,15.500000,0.200000,270,1500,2300,2800,3900,4700,5600,6100,7300,8300,8400,28311,138,270.0,1283.2006680511768,15.018099002190866,8395.044862998475,300.75059164282436
1693954625,210,,Aggregated,15.300000,0.400000,270,1500,2300,2800,3900,4700,5600,6100,7300,8300,8400,28333,138,270.0,1286.1071531141024,15.018099002190866,8395.044862998475,300.74524406169485
1693954626,210,,Aggregated,15.900000,0.500000,280,1500,2300,2800,3900,4700,5600,6100,7300,8300,8400,28353,138,280.0,1288.1676762366546,15.018099002190866,8395.044862998475,300.7403802066801
1693954627,210,,Aggregated,16.700000,0.500000,280,1500,2300,2800,3900,4700,5600,6100,7300,8300,8400,28370,139,280.0,1290.1970200067276,15.018099002190866,8395.044862998475,300.78664081776526
1693954628,210,,Aggregated,17.200000,0.500000,280,1500,2300,2800,3900,4700,5600,6100,7300,8300,8400,28385,139,280.0,1292.0566247262584,15.018099002190866,8395.044862998475,300.7829839704069
1693954629,210,,Aggregated,18.000000,0.600000,280,1500,2300,2800,3900,4700,5600,6100,7300,8300,8400,28394,139,280.0,1293.0157754149764,15.018099002190866,8395.044862998475,300.7807987603015
1693954630,210,,Aggregated,17.800000,0.600000,280,1500,2300,2800,3900,4700,5600,6100,7300,8300,8400,28407,139,280.0,1294.3197090689562,15.018099002190866,8395.044862998475,300.7776252332172
1693954631,210,,Aggregated,17.300000,0.500000,280,1500,2300,2800,3900,4700,5600,6100,7300,8300,8400,28451,140,280.0,1298.3989709952139,15.018099002190866,8395.044862998475,300.81694843766473
1693954632,210,,Aggregated,16.500000,0.400000,290,1500,2300,2800,3900,4700,5600,6100,7300,8300,8400,28472,141,290.0,1299.7908112464816,15.018099002190866,8395.044862998475,300.8618994099466
1693954633,210,,Aggregated,16.700000,0.500000,290,1500,2300,2800,3900,4700,5600,6100,7300,8300,8400,28495,141,290.0,1301.1130575121185,15.018099002190866,8395.044862998475,300.8561852956659
1693954634,210,,Aggregated,19.800000,0.600000,290,1500,2400,2900,3900,4700,5600,6100,7300,8300,8400,28517,141,290.0,1302.2513044919815,15.018099002190866,8395.044862998475,300.8507206227864
1693954635,210,,Aggregated,19.600000,0.400000,290,1500,2400,2900,3900,4700,5600,6100,7300,8300,8400,28529,141,290.0,1302.879105162566,15.018099002190866,8395.044862998475,300.847733884819
1693954636,210,,Aggregated,19.700000,0.300000,290,1500,2400,2900,3900,4700,5600,6100,7300,8300,8400,28541,141,290.0,1303.584940989659,15.018099002190866,8395.044862998475,300.8447846957009
1693954637,210,,Aggregated,19.500000,0.300000,290,1500,2400,2900,3900,4700,5600,6100,7300,8300,8400,28555,141,290.0,1304.5217311583906,15.018099002190866,8395.044862998475,300.84128874102606
1693954638,210,,Aggregated,19.000000,0.300000,290,1500,2400,2900,3900,4700,5600,6100,7300,8300,8400,28574,141,290.0,1305.7963892554365,15.018099002190866,8395.044862998475,300.8365297123259
1693954639,210,,Aggregated,18.000000,0.200000,300,1500,2400,2900,3900,4700,5600,6100,7300,8300,8400,28593,142,300.0,1307.3538100487124,15.018099002190866,8395.044862998475,300.88178924911693
1693954641,210,,Aggregated,18.800000,0.300000,300,1500,2400,2900,3900,4700,5600,6100,7300,8300,8400,28610,143,300.0,1308.7401402074736,15.018099002190866,8395.044862998475,300.9274729115694
1693954642,210,,Aggregated,19.300000,0.300000,300,1500,2400,2900,3900,4700,5600,6100,7300,8300,8400,28626,143,300.0,1310.102062146923,15.018099002190866,8395.044862998475,300.9234611891288
1693954643,210,,Aggregated,19.200000,0.300000,300,1500,2400,2900,3900,4700,5600,6100,7300,8300,8400,28645,144,300.0,1311.7149561856459,15.018099002190866,8395.044862998475,300.9686507243847
1693954644,210,,Aggregated,16.200000,0.200000,300,1500,2400,2900,3900,4700,5600,6100,7300,8300,8400,28658,144,300.0,1312.8279614853382,15.018099002190866,8395.044862998475,300.965280200991
1693954645,210,,Aggregated,16.600000,0.200000,300,1500,2400,2900,3900,4700,5600,6100,7300,8300,8400,28677,144,300.0,1314.49479881556,15.018099002190866,8395.044862998475,300.96052585695855
1693954646,210,,Aggregated,15.400000,0.300000,310,1600,2400,2900,3900,4700,5600,6100,7300,8300,8400,28690,144,310.0,1315.683229721778,15.018099002190866,8395.044862998475,300.95737190658764
1693954647,210,,Aggregated,15.300000,0.300000,310,1600,2400,2900,3900,4700,5600,6100,7300,8300,8400,28703,144,310.0,1316.908077977766,15.018099002190866,8395.044862998475,300.9540466153364
1693954648,210,,Aggregated,15.700000,0.300000,310,1600,2400,2900,3900,4700,5600,6100,7300,8300,8400,28717,144,310.0,1318.4936602487667,15.018099002190866,8395.044862998475,300.95051711529754
1693954649,210,,Aggregated,15.600000,0.300000,310,1600,2400,2900,3900,4700,5600,6100,7300,8300,8400,28731,144,310.0,1320.3169525287963,15.018099002190866,8395.044862998475,300.94706066617937
1693954650,210,,Aggregated,15.500000,0.300000,310,1600,2400,2900,3900,4700,5600,6100,7300,8300,8400,28747,144,310.0,1322.547094307262,15.018099002190866,8395.044862998475,300.94308971370924
1693954651,210,,Aggregated,14.700000,0.200000,310,1600,2400,2900,3900,4800,5600,6100,7300,8300,8400,28766,144,310.0,1325.1933529881753,15.018099002190866,8395.044862998475,300.9384342626712
1693954652,210,,Aggregated,14.800000,0.200000,320,1600,2400,2900,4000,4800,5600,6100,7300,8300,8400,28784,144,320.0,1328.0404615610007,15.018099002190866,8395.044862998475,300.93395636464703
1693954653,210,,Aggregated,14.500000,0.100000,320,1600,2400,2900,4000,4800,5600,6100,7300,8300,8400,28803,144,320.0,1331.164177496957,15.018099002190866,8395.044862998475,300.92927820018747
1693954654,210,,Aggregated,15.200000,0.100000,320,1600,2400,2900,4000,4800,5600,6100,7300,8300,8400,28816,144,320.0,1333.2741253811025,15.018099002190866,8395.044862998475,300.92608273181565
1693954655,210,,Aggregated,15.200000,0.100000,320,1600,2400,2900,4000,4800,5600,6100,7300,8300,8400,28830,144,320.0,1335.6518269058222,15.018099002190866,8395.044862998475,300.9226153312522
1693954656,210,,Aggregated,15.400000,0.000000,320,1600,2400,2900,4000,4800,5700,6200,7400,8400,8600,28849,144,320.0,1338.848110954031,15.018099002190866,8618.973282002116,300.91784810565355
1693954657,210,,Aggregated,15.100000,0.000000,320,1600,2400,2900,4000,4800,5700,6200,7400,8400,8600,28864,145,320.0,1341.2840589630625,15.018099002190866,8618.973282002116,300.96369179600885
1693954658,210,,Aggregated,14.800000,0.000000,330,1600,2400,2900,4000,4800,5700,6200,7400,8400,8600,28881,146,330.0,1343.7399447716086,15.018099002190866,8618.973282002116,301.0089678335238
1693954659,210,,Aggregated,15.600000,0.100000,330,1600,2400,3000,4000,4800,5700,6200,7400,8400,8600,28907,146,330.0,1347.703672993698,15.018099002190866,8618.973282002116,301.002456152489
1693954660,210,,Aggregated,15.700000,0.100000,330,1600,2500,3000,4000,4800,5700,6200,7400,8400,8600,28932,146,330.0,1350.969355462942,15.018099002190866,8618.973282002116,300.99616341766904
1693954661,210,,Aggregated,16.300000,0.200000,330,1600,2500,3000,4000,4900,5700,6200,7400,8400,8600,28951,146,330.0,1353.3195008933658,15.018099002190866,8618.973282002116,300.9914683430624
1693954662,210,,Aggregated,17.000000,0.200000,340,1600,2500,3000,4000,4900,5700,6200,7400,8400,8600,28967,146,340.0,1355.1368527356938,15.018099002190866,8618.973282002116,300.98753754272104
1693954663,210,,Aggregated,18.200000,0.200000,340,1600,2500,3000,4000,4900,5700,6200,7400,8400,8600,28981,146,340.0,1356.500178486347,15.018099002190866,8618.973282002116,300.98405852110005
1693954664,210,,Aggregated,17.700000,0.200000,340,1600,2500,3000,4000,4900,5700,6200,7400,8400,8600,28995,146,340.0,1357.6117137551244,15.018099002190866,8618.973282002116,300.9806518365235
1693954665,210,,Aggregated,17.500000,0.200000,340,1600,2500,3000,4000,4900,5700,6200,7400,8400,8600,29015,146,340.0,1359.5020387034574,15.018099002190866,8618.973282002116,300.9757022229881
1693954667,210,,Aggregated,17.300000,0.200000,340,1600,2500,3000,4000,4900,5700,6200,7400,8400,8600,29035,146,340.0,1361.3878242746962,15.018099002190866,8618.973282002116,300.97069054589286
1693954668,215,,Aggregated,17.900000,0.200000,340,1600,2500,3000,4000,4900,5700,6200,7400,8400,8600,29048,146,340.0,1362.5519753789524,15.018099002190866,8618.973282002116,300.96746763976864
1693954669,215,,Aggregated,17.900000,0.100000,340,1600,2500,3000,4000,4900,5700,6200,7400,8400,8600,29063,146,340.0,1363.9470901737543,15.018099002190866,8618.973282002116,300.96369954925507
1693954670,215,,Aggregated,17.700000,0.100000,340,1600,2500,3000,4000,4900,5700,6200,7400,8400,8600,29086,147,340.0,1366.3069922039404,15.018099002190866,8618.973282002116,301.0071855875679
1693954671,215,,Aggregated,17.500000,0.000000,350,1600,2500,3000,4000,4900,5700,6200,7400,8400,8600,29104,148,350.0,1368.1543501446477,15.018099002190866,8618.973282002116,301.0517798240792
1693954672,215,,Aggregated,17.500000,0.000000,350,1600,2500,3000,4000,4900,5700,6200,7400,8400,8600,29124,148,350.0,1370.0583433361776,15.018099002190866,8618.973282002116,301.0466968822964
1693954673,215,,Aggregated,16.500000,0.200000,350,1600,2500,3000,4100,4900,5700,6200,7400,8400,8600,29138,148,350.0,1371.6172391255689,15.018099002190866,8618.973282002116,301.0431052234196
1693954674,215,,Aggregated,17.100000,0.200000,350,1600,2500,3000,4100,4900,5700,6200,7400,8400,8600,29151,148,350.0,1373.1102939378695,15.018099002190866,8618.973282002116,301.0396898905698
1693954675,215,,Aggregated,16.600000,0.200000,350,1600,2500,3000,4100,4900,5700,6200,7400,8400,8600,29161,149,350.0,1374.3146673629105,15.018099002190866,8618.973282002116,301.0862453276637
1693954676,215,,Aggregated,16.400000,0.200000,350,1600,2500,3000,4100,4900,5700,6200,7400,8400,8600,29172,149,350.0,1375.6537064264653,15.018099002190866,8618.973282002116,301.0835390100096
1693954677,215,,Aggregated,16.100000,0.300000,350,1600,2500,3000,4100,4900,5700,6200,7400,8400,8600,29183,150,350.0,1377.0279029424607,15.018099002190866,8618.973282002116,301.1298015968201
1693954678,215,,Aggregated,15.500000,0.300000,350,1600,2500,3000,4100,4900,5700,6200,7400,8400,8600,29197,151,350.0,1379.1661856217704,15.018099002190866,8618.973282002116,301.175120731582
1693954679,215,,Aggregated,14.300000,0.300000,360,1700,2500,3000,4100,4900,5700,6200,7400,8400,8600,29221,151,360.0,1382.906955886172,15.018099002190866,8618.973282002116,301.1691249443893
1693954680,215,,Aggregated,14.400000,0.500000,360,1700,2500,3000,4100,4900,5700,6200,7400,8400,8600,29242,151,360.0,1386.1157493617336,15.018099002190866,8618.973282002116,301.1637370904863
1693954681,215,,Aggregated,15.100000,0.500000,360,1700,2500,3100,4100,4900,5800,6200,7400,8400,8600,29252,151,360.0,1387.5917704104954,15.018099002190866,8618.973282002116,301.16125393135513
1693954682,215,,Aggregated,14.800000,0.400000,360,1700,2500,3100,4100,4900,5800,6200,7500,8400,8600,29269,152,360.0,1390.1903082110357,15.018099002190866,8618.973282002116,301.2057125286139
1693954683,215,,Aggregated,14.800000,0.300000,360,1700,2600,3100,4100,5000,5800,6300,7500,8400,8600,29294,152,360.0,1394.1784986826592,15.018099002190866,8618.973282002116,301.19935823035433
1693954684,215,,Aggregated,13.200000,0.300000,370,1700,2600,3100,4100,5000,5800,6300,7500,8400,8600,29308,152,370.0,1396.5978013927872,15.018099002190866,8618.973282002116,301.19585096219464
1693954685,215,,Aggregated,14.100000,0.400000,370,1700,2600,3100,4100,5000,5800,6300,7500,8400,8600,29323,152,370.0,1398.767586870914,15.018099002190866,8618.973282002116,301.1921017631211
1693954686,215,,Aggregated,15.200000,0.400000,370,1700,2600,3100,4100,5000,5800,6300,7500,8400,9200,29346,153,370.0,1401.9101995948274,15.018099002190866,9170.920287000627,301.23498943637975
1693954687,215,,Aggregated,15.800000,0.300000,370,1700,2600,3100,4100,5000,5800,6300,7500,8400,9200,29360,153,370.0,1404.0268786119484,15.018099002190866,9170.920287000627,301.23136920980926
1693954688,215,,Aggregated,15.600000,0.400000,370,1700,2600,3100,4200,5000,5800,6300,7500,8400,9200,29371,153,370.0,1405.6072366609515,15.018099002190866,9170.920287000627,301.2286609240407
1693954689,215,,Aggregated,16.900000,0.400000,380,1700,2600,3100,4200,5000,5800,6300,7500,8400,9200,29387,153,380.0,1407.9070918576851,15.018099002190866,9170.920287000627,301.2244529894171
1693954690,215,,Aggregated,17.100000,0.200000,380,1700,2600,3100,4200,5000,5800,6300,7600,8400,9200,29410,153,380.0,1411.595124362217,15.018099002190866,9170.920287000627,301.21863311798705
1693954692,215,,Aggregated,15.500000,0.200000,380,1700,2600,3100,4200,5000,5800,6300,7600,8400,9200,29423,154,380.0,1413.6142939204294,15.018099002190866,9170.920287000627,301.2639091866907
1693954693,215,,Aggregated,16.100000,0.200000,380,1700,2600,3100,4200,5000,5900,6400,7600,8600,9600,29440,154,380.0,1416.402241989701,15.018099002190866,9573.036824000155,301.2595788043478
1693954694,215,,Aggregated,16.100000,0.200000,390,1700,2600,3100,4200,5000,5900,6400,7600,8600,9600,29451,154,390.0,1418.0032042881332,15.018099002190866,9573.036824000155,301.25679942956094
1693954695,215,,Aggregated,16.200000,0.200000,390,1700,2600,3100,4200,5100,5900,6400,7600,8600,9600,29488,155,390.0,1422.819654171181,15.018099002190866,9573.036824000155,301.29588307107974
1693954696,215,,Aggregated,15.300000,0.200000,390,1700,2600,3100,4200,5100,5900,6400,7600,8600,9600,29511,155,390.0,1424.8322782707396,15.018099002190866,9573.036824000155,301.2900274473925
1693954697,215,,Aggregated,17.000000,0.300000,400,1700,2600,3100,4200,5100,5900,6400,7600,8600,9600,29543,155,400.0,1427.7922407718506,15.018099002190866,9573.036824000155,301.28186033916666
1693954698,215,,Aggregated,18.200000,0.200000,400,1700,2600,3100,4200,5100,5900,6400,7600,8600,9600,29566,156,400.0,1429.5555139626865,15.018099002190866,9573.036824000155,301.3243928837178
1693954699,215,,Aggregated,18.900000,0.200000,400,1700,2600,3100,4200,5100,5900,6400,7600,8600,9600,29577,157,400.0,1430.1637534149775,15.018099002190866,9573.036824000155,301.369983433073
1693954700,215,,Aggregated,19.800000,0.300000,400,1700,2600,3100,4200,5100,5900,6400,7600,8600,9600,29590,157,400.0,1431.0796414050958,15.018099002190866,9573.036824000155,301.3667117269348
1693954701,215,,Aggregated,19.900000,0.400000,400,1700,2600,3100,4200,5100,5900,6400,7600,8600,9600,29603,157,400.0,1432.1264473445187,15.018099002190866,9573.036824000155,301.36327399250075
1693954702,215,,Aggregated,20.000000,0.400000,400,1700,2600,3100,4200,5100,5900,6400,7600,8600,9600,29615,157,400.0,1433.0249547514702,15.018099002190866,9573.036824000155,301.36025662670943
1693954703,215,,Aggregated,19.000000,0.400000,410,1700,2600,3100,4200,5100,5900,6400,7600,8600,9600,29630,157,410.0,1434.4279968963144,15.018099002190866,9573.036824000155,301.3564967937901
1693954704,215,,Aggregated,19.000000,0.300000,410,1700,2600,3100,4200,5100,5900,6400,7600,8600,9600,29642,157,410.0,1435.7296406701905,15.018099002190866,9573.036824000155,301.3534511841306
1693954705,215,,Aggregated,18.700000,0.300000,410,1700,2600,3200,4200,5100,5900,6400,7600,8600,9600,29660,157,410.0,1437.883488849994,15.018099002190866,9573.036824000155,301.3488873904248
1693954706,215,,Aggregated,18.400000,0.300000,410,1700,2600,3200,4200,5100,5900,6400,7600,8600,9600,29666,157,410.0,1438.6835259457905,15.018099002190866,9573.036824000155,301.3473673565698
1693954707,215,,Aggregated,16.700000,0.200000,410,1700,2600,3200,4200,5100,5900,6400,7600,8600,9600,29676,157,410.0,1440.0542416603255,15.018099002190866,9573.036824000155,301.34485779754687
1693954708,215,,Aggregated,15.600000,0.200000,420,1700,2600,3200,4200,5100,5900,6400,7600,8600,9600,29688,159,410.0,1441.7708568970902,15.018099002190866,9573.036824000155,301.4381905146861
1693954709,215,,Aggregated,13.300000,0.200000,420,1800,2600,3200,4200,5100,5900,6400,7600,8600,9600,29702,159,420.0,1443.9274107411222,15.018099002190866,9573.036824000155,301.4345835297286
1693954710,215,,Aggregated,12.100000,0.100000,420,1800,2700,3200,4200,5100,5900,6400,7600,8600,9600,29718,159,420.0,1446.7335902409595,15.018099002190866,9573.036824000155,301.4305134935056
1693954711,215,,Aggregated,11.900000,0.200000,420,1800,2700,3200,4200,5100,6000,6400,7600,8600,9600,29738,159,420.0,1450.2772879938072,15.018099002190866,9573.036824000155,301.4253480395454
1693954712,215,,Aggregated,12.000000,0.200000,430,1800,2700,3200,4300,5100,6000,6500,7700,8600,9600,29759,159,430.0,1453.946506481093,15.018099002190866,9573.036824000155,301.4199065828825
1693954713,215,,Aggregated,12.400000,0.200000,430,1800,2700,3200,4300,5100,6000,6500,7800,9200,9600,29774,159,430.0,1456.8058259714799,15.018099002190866,9573.036824000155,301.41616846913416
1693954714,215,,Aggregated,12.800000,0.200000,430,1800,2700,3200,4300,5200,6000,6500,7800,9200,9600,29799,160,430.0,1461.2444613122202,15.018099002190866,9573.036824000155,301.4578005973355
1693954715,215,,Aggregated,13.800000,0.200000,430,1800,2700,3200,4300,5200,6000,6500,7800,9400,9600,29825,161,430.0,1465.4243607235155,15.018099002190866,9573.036824000155,301.49904442581726
1693954716,215,,Aggregated,13.900000,0.200000,430,1800,2700,3200,4300,5200,6000,6500,7800,9400,9600,29846,162,430.0,1468.460978827778,15.018099002190866,9573.036824000155,301.5416806272197
1693954718,215,,Aggregated,14.800000,0.300000,440,1800,2700,3200,4300,5200,6100,6600,7800,9400,9600,29866,162,440.0,1470.9890770391705,15.018099002190866,9573.036824000155,301.5364628674747
1693954719,215,,Aggregated,16.300000,0.400000,440,1800,2700,3200,4300,5200,6100,6600,7800,9400,9600,29882,162,440.0,1472.942941038279,15.018099002190866,9573.036824000155,301.53226022354596
1693954720,215,,Aggregated,18.500000,0.500000,440,1800,2700,3200,4300,5200,6100,6600,7800,9400,9600,29906,163,440.0,1475.0371889853152,15.018099002190866,9573.036824000155,301.57396509061726
1693954721,215,,Aggregated,18.900000,0.300000,440,1800,2700,3200,4300,5200,6100,6600,7800,9400,9600,29922,164,440.0,1476.376025351776,15.018099002190866,9573.036824000155,301.6175723547891
1693954722,215,,Aggregated,19.700000,0.400000,450,1800,2700,3200,4300,5200,6100,6600,7800,9400,9600,29942,164,450.0,1478.0706801929675,15.018099002190866,9573.036824000155,301.61238394228843
1693954723,215,,Aggregated,19.300000,0.400000,450,1800,2700,3200,4300,5200,6000,6600,7800,9400,9600,29960,164,450.0,1479.3808880399479,15.018099002190866,9573.036824000155,301.6076435246996
1693954724,215,,Aggregated,19.900000,0.500000,450,1800,2700,3200,4300,5200,6000,6600,7800,9400,9600,29977,164,450.0,1480.5230039177322,15.018099002190866,9573.036824000155,301.60316242452546
1693954725,215,,Aggregated,19.200000,0.500000,450,1800,2700,3200,4300,5200,6000,6600,7800,9400,9600,29991,164,450.0,1481.2708956154129,15.018099002190866,9573.036824000155,301.5994798439532
1693954726,215,,Aggregated,19.900000,0.500000,450,1800,2700,3200,4300,5200,6000,6500,7800,9200,9600,30011,164,450.0,1482.698271942316,15.018099002190866,9573.036824000155,301.59421545433344
1693954727,215,,Aggregated,18.900000,0.400000,460,1800,2700,3200,4300,5200,6000,6500,7800,9200,9600,30028,164,460.0,1483.7250293263235,15.018099002190866,9573.036824000155,301.58968296256825
1693954728,220,,Aggregated,17.900000,0.300000,460,1800,2700,3200,4300,5200,6000,6500,7800,9200,9600,30037,164,460.0,1484.403644498447,15.018099002190866,9573.036824000155,301.5872756933116
1693954729,220,,Aggregated,17.600000,0.200000,460,1800,2700,3200,4300,5200,6000,6500,7800,9200,9600,30052,164,460.0,1485.7405672044074,15.018099002190866,9573.036824000155,301.5833887927592
1693954730,220,,Aggregated,16.900000,0.200000,460,1800,2700,3200,4300,5200,6000,6500,7800,9200,9600,30065,164,460.0,1487.0513357553587,15.018099002190866,9573.036824000155,301.5800432396474
1693954731,220,,Aggregated,16.600000,0.200000,460,1800,2700,3300,4300,5200,6000,6500,7800,9200,9600,30082,164,460.0,1488.9214330126604,15.018099002190866,9573.036824000155,301.5757263479822
1693954732,220,,Aggregated,15.600000,0.100000,470,1800,2800,3300,4300,5200,6000,6500,7800,9200,9600,30093,164,470.0,1490.189173294316,15.018099002190866,9573.036824000155,301.572923935799
1693954733,220,,Aggregated,16.000000,0.100000,470,1800,2800,3300,4300,5200,6000,6500,7800,9200,9600,30112,165,470.0,1492.543097886153,15.018099002190866,9573.036824000155,301.6155353347503
1693954734,220,,Aggregated,14.900000,0.000000,470,1800,2800,3300,4300,5200,6100,6600,7800,9200,9600,30128,166,470.0,1494.6708449042371,15.018099002190866,9573.036824000155,301.6587891662241
1693954735,220,,Aggregated,14.200000,0.000000,470,1900,2800,3300,4300,5200,6100,6600,7800,9200,9600,30140,166,470.0,1496.520316725775,15.018099002190866,9573.036824000155,301.6556071665561
1693954736,220,,Aggregated,14.300000,0.200000,470,1900,2800,3300,4300,5200,6100,6600,7800,9200,9600,30157,166,470.0,1499.1302360909851,15.018099002190866,9573.036824000155,301.6510926153132
1693954737,220,,Aggregated,14.200000,0.200000,480,1900,2800,3300,4400,5200,6100,6600,7800,9200,9600,30173,167,480.0,1501.7062233418237,15.018099002190866,9573.036824000155,301.69432936731516
1693954738,220,,Aggregated,13.900000,0.200000,480,1900,2800,3300,4400,5200,6100,6600,7900,9200,9600,30194,167,480.0,1505.2389097109972,15.018099002190866,9573.036824000155,301.6888454659866
1693954739,220,,Aggregated,13.600000,0.200000,480,1900,2800,3300,4400,5300,6100,6600,7900,9200,9600,30212,167,480.0,1508.0536968936135,15.018099002190866,9573.036824000155,301.684165232358
1693954740,220,,Aggregated,14.100000,0.300000,480,1900,2800,3300,4400,5300,6100,6700,7900,9200,9600,30230,167,480.0,1510.9604777679074,15.018099002190866,9573.036824000155,301.6794905722792
1693954741,220,,Aggregated,14.800000,0.300000,480,1900,2800,3300,4400,5300,6100,6700,7900,9200,9600,30245,167,480.0,1513.4818742554753,15.018099002190866,9573.036824000155,301.6756158042652
1693954743,220,,Aggregated,15.200000,0.300000,490,1900,2800,3300,4400,5300,6200,6700,7900,9200,9600,30267,168,490.0,1516.7656207861316,15.018099002190866,9573.036824000155,301.7171837314567
1693954744,220,,Aggregated,15.700000,0.300000,490,1900,2800,3300,4400,5300,6200,6700,7900,9200,9600,30284,169,490.0,1519.1896069272502,15.018099002190866,9573.036824000155,301.75990622110686
1693954745,220,,Aggregated,16.900000,0.400000,490,1900,2800,3300,4400,5300,6200,6700,7900,9200,9600,30303,171,490.0,1521.859414544264,15.018099002190866,9573.036824000155,301.8492888492888
1693954746,220,,Aggregated,16.700000,0.200000,490,1900,2800,3300,4400,5300,6200,6700,7900,9200,9600,30324,171,490.0,1524.601469123956,15.018099002190866,9573.036824000155,301.8437211449677
1693954747,220,,Aggregated,17.000000,0.500000,500,1900,2800,3300,4400,5300,6200,6700,7900,9200,9600,30335,171,500.0,1525.859694435861,15.018099002190866,9573.036824000155,301.8408439096753
1693954748,220,,Aggregated,17.800000,0.500000,500,1900,2800,3300,4400,5300,6200,6700,7900,9200,9600,30355,171,500.0,1528.6804724385383,15.018099002190866,9573.036824000155,301.8356448690496
1693954749,220,,Aggregated,17.200000,0.500000,500,1900,2800,3300,4400,5300,6200,6700,7900,9200,9600,30371,171,500.0,1530.8550548615067,15.018099002190866,9573.036824000155,301.83135227684306
1693954750,220,,Aggregated,17.400000,0.400000,510,1900,2800,3300,4400,5300,6200,6700,7900,9200,9600,30386,172,510.0,1532.4530194887718,15.018099002190866,9573.036824000155,301.874448759297
1693954751,220,,Aggregated,17.100000,0.400000,510,1900,2800,3300,4500,5300,6200,6700,7900,9200,9600,30402,174,510.0,1534.1544635757127,15.018099002190866,9573.036824000155,301.9642128807315
1693954752,220,,Aggregated,17.200000,0.500000,510,1900,2800,3300,4500,5300,6200,6700,7900,9200,9600,30427,175,510.0,1537.136145395169,15.018099002190866,9573.036824000155,302.00443684885136
1693954753,220,,Aggregated,16.600000,0.700000,510,1900,2800,3300,4500,5300,6200,6700,7900,9200,9600,30450,175,510.0,1539.875060776841,15.018099002190866,9573.036824000155,301.99806239737273
1693954754,220,,Aggregated,17.400000,0.800000,520,1900,2800,3300,4500,5300,6200,6700,7900,9200,9600,30463,175,520.0,1541.1885703408661,15.018099002190866,9573.036824000155,301.9946164199192
1693954755,220,,Aggregated,17.000000,0.700000,520,1900,2800,3300,4500,5300,6200,6700,7900,9200,9600,30479,175,520.0,1542.6606954923,15.018099002190866,9573.036824000155,301.9903540142393
1693954756,220,,Aggregated,17.600000,0.700000,520,1900,2900,3400,4500,5400,6200,6700,7900,9200,9600,30500,175,520.0,1544.846001269109,15.018099002190866,9573.036824000155,301.98475409836067
1693954757,220,,Aggregated,17.000000,0.400000,520,1900,2900,3400,4500,5400,6200,6700,7900,9200,9600,30514,176,520.0,1546.3881761064379,15.018099002190866,9573.036824000155,302.0279216097529
1693954758,220,,Aggregated,16.300000,0.400000,530,1900,2900,3400,4500,5400,6200,6700,7900,9200,9600,30540,176,530.0,1548.5431419076901,15.018099002190866,9573.036824000155,302.02092337917486
1693954759,220,,Aggregated,17.500000,0.400000,530,1900,2900,3400,4500,5400,6200,6700,7900,9200,9600,30561,176,530.0,1550.0896957512473,15.018099002190866,9573.036824000155,302.0152481921403
1693954760,220,,Aggregated,18.000000,0.500000,530,2000,2900,3400,4500,5400,6200,6700,7900,9200,9600,30591,176,530.0,1552.2339863730137,15.018099002190866,9573.036824000155,302.00725703638324
1693954761,220,,Aggregated,18.000000,0.500000,530,2000,2900,3400,4500,5400,6200,6700,7900,9200,9600,30606,176,530.0,1553.4962723816534,15.018099002190866,9573.036824000155,302.0033326798667
1693954762,220,,Aggregated,18.800000,0.400000,540,2000,2900,3400,4500,5400,6200,6700,7900,9200,9600,30619,176,540.0,1554.5770167438811,15.018099002190866,9573.036824000155,301.9998367027009
1693954763,220,,Aggregated,19.900000,0.200000,540,2000,2900,3400,4500,5400,6200,6700,7900,9200,9600,30633,176,540.0,1555.994089183394,15.018099002190866,9573.036824000155,301.9960500114256
1693954764,220,,Aggregated,18.800000,0.100000,540,2000,2900,3400,4500,5400,6200,6700,7900,9200,9600,30642,176,540.0,1557.0723002202826,15.018099002190866,9573.036824000155,301.99360355068205
1693954765,220,,Aggregated,18.300000,0.100000,540,2000,2900,3400,4500,5400,6200,6700,7900,9200,9600,30651,176,540.0,1558.0569269137357,15.018099002190866,9573.036824000155,301.99112590127567
1693954766,220,,Aggregated,17.500000,0.100000,540,2000,2900,3400,4500,5400,6200,6700,7900,9200,9600,30672,176,540.0,1560.5731954668402,15.018099002190866,9573.036824000155,301.98542644757435
1693954768,220,,Aggregated,17.200000,0.100000,540,2000,2900,3400,4500,5400,6200,6700,7900,9200,9600,30687,177,540.0,1562.51037658298,15.018099002190866,9573.036824000155,302.027992309447
1693954769,220,,Aggregated,16.500000,0.100000,550,2000,2900,3400,4500,5400,6200,6700,7900,9200,9600,30700,178,540.0,1564.2940627293458,15.018099002190866,9573.036824000155,302.07107491856675
1693954770,220,,Aggregated,15.700000,0.100000,550,2000,2900,3400,4500,5400,6200,6700,8000,9200,9600,30721,179,550.0,1567.6450814030115,15.018099002190866,9573.036824000155,302.11184531753526
1693954771,220,,Aggregated,15.300000,0.200000,550,2000,2900,3400,4500,5400,6200,6700,8000,9200,9600,30728,179,550.0,1568.7326175065061,15.018099002190866,9573.036824000155,302.109899765686
1693954772,220,,Aggregated,14.700000,0.300000,550,2000,2900,3400,4500,5400,6200,6700,8000,9200,9600,30745,180,550.0,1571.4188126755228,15.018099002190866,9573.036824000155,302.15182956578303
1693954773,220,,Aggregated,13.200000,0.300000,560,2000,2900,3400,4500,5400,6200,6700,8000,9200,9600,30766,180,560.0,1574.625331328673,15.018099002190866,9573.036824000155,302.14603783397257
1693954774,220,,Aggregated,13.600000,0.400000,560,2000,2900,3400,4500,5400,6200,6800,8000,9200,9600,30782,180,560.0,1577.1675387400735,15.018099002190866,9573.036824000155,302.14173867844846
1693954775,220,,Aggregated,14.300000,0.400000,560,2000,2900,3400,4600,5400,6300,6800,8300,9300,9600,30800,180,560.0,1580.2684932121733,15.018099002190866,9573.036824000155,302.1368831168831
1693954776,220,,Aggregated,14.100000,0.400000,560,2000,2900,3400,4600,5400,6300,6800,8300,9400,10000,30817,180,560.0,1583.3411342958736,15.018099002190866,10143.28934399964,302.13229710873867
1693954777,220,,Aggregated,15.100000,0.400000,570,2000,2900,3400,4600,5500,6300,6800,8300,9400,10000,30837,180,570.0,1586.696477363003,15.018099002190866,10143.28934399964,302.12692544670364
1693954778,220,,Aggregated,16.100000,0.400000,570,2000,2900,3400,4600,5500,6300,6800,8300,9400,10000,30853,180,570.0,1589.3028836949381,15.018099002190866,10143.28934399964,302.1225164489677
1693954779,220,,Aggregated,15.900000,0.400000,570,2000,2900,3400,4600,5500,6300,6800,8300,9400,10000,30868,181,570.0,1591.4357453132673,15.018099002190866,10143.28934399964,302.164830892834
1693954780,220,,Aggregated,15.800000,0.300000,580,2000,3000,3400,4600,5500,6300,6800,8300,9400,10000,30888,181,580.0,1594.2007029980225,15.018099002190866,10143.28934399964,302.1594794094794
1693954781,220,,Aggregated,16.100000,0.200000,580,2000,3000,3400,4600,5500,6300,6800,8300,9400,10000,30904,181,580.0,1596.5794748807568,15.018099002190866,10143.28934399964,302.15509319181984
1693954782,220,,Aggregated,16.400000,0.200000,580,2000,3000,3400,4600,5500,6300,6900,8300,9400,10000,30919,182,580.0,1598.6605680038463,15.018099002190866,10143.28934399964,302.1972573498496
1693954783,220,,Aggregated,17.200000,0.200000,580,2000,3000,3500,4600,5500,6400,6900,8300,9400,10000,30931,182,580.0,1600.3847015189915,15.018099002190866,10143.28934399964,302.1940771394394
1693954784,220,,Aggregated,16.900000,0.200000,580,2000,3000,3500,4600,5500,6400,6900,8300,9400,10000,30945,184,580.0,1602.328168602389,15.018099002190866,10143.28934399964,302.28272741961547
1693954785,220,,Aggregated,16.400000,0.200000,590,2000,3000,3500,4600,5500,6400,6900,8300,9400,10000,30960,184,580.0,1604.6427864870457,15.018099002190866,10143.28934399964,302.27855297157623
1693954786,220,,Aggregated,16.000000,0.300000,590,2000,3000,3500,4600,5500,6400,6900,8300,9400,10000,30976,185,590.0,1607.04086334788,15.018099002190866,10143.28934399964,302.32034478305786
1693954787,225,,Aggregated,15.400000,0.400000,590,2000,3000,3500,4600,5500,6400,6900,8300,9400,10000,30990,185,590.0,1609.3443728288785,15.018099002190866,10143.28934399964,302.316521458535
1693954788,225,,Aggregated,15.100000,0.400000,590,2000,3000,3500,4600,5500,6400,6900,8300,9400,10000,31003,185,590.0,1611.5156721505318,15.018099002190866,10143.28934399964,302.31300196755154
1693954789,225,,Aggregated,14.500000,0.500000,600,2000,3000,3500,4600,5600,6400,6900,8400,9400,10000,31017,186,600.0,1613.782469182059,15.018099002190866,10143.28934399964,302.3552245542767
1693954790,225,,Aggregated,14.500000,0.500000,600,2000,3000,3500,4600,5600,6400,6900,8400,9400,10000,31029,186,600.0,1615.9534621775736,15.018099002190866,10143.28934399964,302.351896612846
1693954791,225,,Aggregated,14.200000,0.500000,600,2100,3000,3500,4700,5600,6500,7000,8500,9500,12000,31048,187,600.0,1619.7679226942134,15.018099002190866,12420.410971997626,302.3927145065705
1693954793,225,,Aggregated,13.400000,0.500000,600,2100,3000,3500,4700,5600,6500,7000,8500,9500,12000,31061,187,600.0,1622.2498958267258,15.018099002190866,12420.410971997626,302.3891375036219
1693954794,225,,Aggregated,13.600000,0.500000,610,2100,3000,3500,4700,5600,6500,7000,8600,9600,12000,31084,187,610.0,1626.3882356173895,15.018099002190866,12420.410971997626,302.38280144125594
1693954795,225,,Aggregated,13.400000,0.500000,610,2100,3000,3500,4700,5600,6500,7000,8600,9600,12000,31101,187,610.0,1629.3515475276013,15.018099002190866,12420.410971997626,302.3781228899392
1693954796,225,,Aggregated,14.600000,0.400000,610,2100,3000,3500,4700,5600,6500,7100,8600,9900,12000,31119,187,610.0,1632.705848309937,15.018099002190866,12420.410971997626,302.3731482374112
1693954797,225,,Aggregated,15.100000,0.300000,610,2100,3000,3500,4700,5600,6500,7100,8700,9900,12000,31136,188,610.0,1635.7842830835666,15.018099002190866,12420.410971997626,302.41437564234326
1693954798,225,,Aggregated,15.100000,0.300000,620,2100,3000,3500,4700,5600,6500,7100,8800,9900,12000,31158,188,620.0,1639.867395129531,15.018099002190866,12420.410971997626,302.40824186404774
1693954799,225,,Aggregated,15.700000,0.300000,620,2100,3000,3500,4700,5700,6600,7100,8800,9900,12000,31176,189,620.0,1642.8800541396558,15.018099002190866,12420.410971997626,302.4491275340005
1693954800,225,,Aggregated,16.400000,0.300000,620,2100,3000,3500,4700,5700,6600,7100,8800,9900,12000,31184,190,620.0,1644.0774607605474,15.018099002190866,12420.410971997626,302.49275269368906
1693954801,225,,Aggregated,17.200000,0.400000,620,2100,3000,3500,4700,5700,6600,7100,8800,10000,12000,31209,190,620.0,1647.8969430527704,15.018099002190866,12420.410971997626,302.4857893556346
1693954802,225,,Aggregated,16.400000,0.400000,620,2100,3000,3500,4700,5700,6600,7200,8800,10000,12000,31231,191,620.0,1651.2511276013863,15.018099002190866,12420.410971997626,302.52543946719607
1693954803,225,,Aggregated,16.800000,0.400000,630,2100,3000,3500,4800,5700,6600,7200,8800,10000,12000,31251,191,630.0,1653.7486746455763,15.018099002190866,12420.410971997626,302.51988736360437
1693954804,225,,Aggregated,17.400000,0.400000,630,2100,3100,3500,4800,5700,6600,7200,8800,10000,12000,31274,191,630.0,1656.4662446596506,15.018099002190866,12420.410971997626,302.5135256123297
1693954805,225,,Aggregated,18.000000,0.400000,630,2100,3100,3500,4800,5700,6600,7200,8800,10000,12000,31293,191,630.0,1658.5850658163138,15.018099002190866,12420.410971997626,302.50813280925445
1693954806,225,,Aggregated,18.300000,0.400000,630,2100,3100,3500,4800,5700,6600,7200,8800,10000,12000,31307,191,630.0,1660.4576303901333,15.018099002190866,12420.410971997626,302.5042961637972
1693954807,225,,Aggregated,18.300000,0.400000,630,2100,3100,3500,4800,5700,6600,7200,8800,10000,12000,31319,191,630.0,1661.9121686700382,15.018099002190866,12420.410971997626,302.50100577923945
1693954808,225,,Aggregated,18.300000,0.400000,640,2100,3100,3500,4800,5700,6600,7200,8800,10000,12000,31330,191,630.0,1663.2452957512587,15.018099002190866,12420.410971997626,302.49789339291414
1693954809,225,,Aggregated,17.800000,0.300000,640,2100,3100,3600,4800,5700,6600,7200,8800,10000,12000,31349,192,640.0,1665.335461840216,15.018099002190866,12420.410971997626,302.5383584803343
1693954810,225,,Aggregated,17.000000,0.300000,640,2100,3100,3600,4800,5700,6600,7200,8800,10000,12000,31364,192,640.0,1667.1640725241652,15.018099002190866,12420.410971997626,302.5341474301747
1693954811,225,,Aggregated,15.900000,0.200000,640,2100,3100,3600,4800,5700,6600,7200,8800,10000,12000,31383,192,640.0,1669.5617978503622,15.018099002190866,12420.410971997626,302.5288213363923
1693954812,225,,Aggregated,17.200000,0.200000,650,2100,3100,3600,4800,5700,6600,7200,8800,10000,12000,31398,192,650.0,1671.6712189965579,15.018099002190866,12420.410971997626,302.5246512516721
1693954813,225,,Aggregated,16.600000,0.200000,650,2100,3100,3600,4800,5700,6600,7200,8800,10000,12000,31413,192,650.0,1673.6542778900427,15.018099002190866,12420.410971997626,302.5204214815522
1693954814,225,,Aggregated,16.300000,0.100000,650,2100,3100,3600,4800,5700,6600,7200,8800,10000,12000,31425,193,650.0,1675.2500990757967,15.018099002190866,12420.410971997626,302.56248210023864
1693954815,225,,Aggregated,15.900000,0.100000,650,2100,3100,3600,4800,5700,6700,7200,8800,10000,12000,31441,193,650.0,1677.7171150706374,15.018099002190866,12420.410971997626,302.5580611303712
1693954817,225,,Aggregated,14.400000,0.200000,660,2100,3100,3600,4800,5700,6700,7200,8800,10000,12000,31460,193,660.0,1680.411954527937,15.018099002190866,12420.410971997626,302.55276541640177
1693954818,225,,Aggregated,14.400000,0.200000,660,2100,3100,3600,4800,5700,6700,7200,8800,10000,12000,31480,193,660.0,1683.427203599838,15.018099002190866,12420.410971997626,302.5472363405337
1693954819,225,,Aggregated,14.700000,0.200000,660,2100,3100,3600,4800,5800,6700,7200,8800,10000,12000,31493,193,660.0,1685.334759509697,15.018099002190866,12420.410971997626,302.5436763725272
1693954820,225,,Aggregated,15.500000,0.200000,670,2100,3100,3600,4800,5800,6700,7200,8800,10000,12000,31515,193,670.0,1688.4957772784026,15.018099002190866,12420.410971997626,302.53752181500874
1693954821,225,,Aggregated,15.700000,0.200000,670,2200,3100,3600,4900,5800,6700,7200,8800,10000,12000,31560,193,670.0,1693.4449637418834,15.018099002190866,12420.410971997626,302.52496831432194
1693954822,225,,Aggregated,15.900000,0.100000,670,2200,3100,3600,4900,5800,6700,7200,8800,10000,12000,31588,193,670.0,1695.585145180506,15.018099002190866,12420.410971997626,302.5171900721793
1693954823,225,,Aggregated,18.800000,0.100000,680,2200,3100,3600,4900,5800,6700,7200,8800,10000,12000,31612,194,680.0,1696.7828667469892,15.018099002190866,12420.410971997626,302.5557066936606
1693954824,225,,Aggregated,19.800000,0.100000,680,2200,3100,3600,4900,5800,6700,7200,8800,10000,12000,31624,194,680.0,1697.2422066559204,15.018099002190866,12420.410971997626,302.55242853528966
1693954825,225,,Aggregated,20.500000,0.100000,680,2200,3100,3600,4900,5800,6700,7200,8800,10000,12000,31638,194,680.0,1697.9040763745438,15.018099002190866,12420.410971997626,302.54858082053227
1693954826,225,,Aggregated,20.800000,0.100000,690,2200,3100,3600,4900,5800,6700,7200,8800,10000,12000,31662,194,680.0,1699.1323907411988,15.018099002190866,12420.410971997626,302.54197460678415
1693954827,225,,Aggregated,20.600000,0.100000,690,2200,3100,3600,4900,5800,6700,7200,8800,10000,12000,31674,194,690.0,1699.8282875801553,15.018099002190866,12420.410971997626,302.5385805392435
1693954828,225,,Aggregated,21.000000,0.100000,690,2200,3100,3600,4900,5800,6700,7200,8800,10000,12000,31684,195,690.0,1700.510225725251,15.018099002190866,12420.410971997626,302.5808925640702
1693954829,225,,Aggregated,21.000000,0.100000,690,2200,3100,3600,4900,5800,6700,7200,8800,10000,12000,31697,196,690.0,1701.553045181211,15.018099002190866,12420.410971997626,302.6223932864309
1693954830,225,,Aggregated,20.000000,0.100000,690,2200,3100,3600,4900,5800,6700,7200,8800,10000,12000,31711,196,690.0,1702.742290370939,15.018099002190866,12420.410971997626,302.6183974015326
1693954831,225,,Aggregated,20.100000,0.300000,690,2200,3100,3600,4900,5800,6700,7200,8800,10000,12000,31724,197,690.0,1704.094658326499,15.018099002190866,12420.410971997626,302.65972134661456
1693954832,225,,Aggregated,18.700000,0.300000,690,2200,3100,3600,4900,5800,6700,7200,8800,10000,12000,31739,197,690.0,1705.729771664698,15.018099002190866,12420.410971997626,302.65553420082546
1693954833,225,,Aggregated,16.100000,0.300000,700,2200,3200,3600,4900,5800,6700,7200,8800,10000,12000,31758,199,700.0,1707.9629349717504,15.018099002190866,12420.410971997626,302.7403174003401
1693954834,225,,Aggregated,14.900000,0.400000,700,2200,3200,3600,4900,5800,6700,7200,8800,10000,12000,31777,201,700.0,1710.4871912226406,15.018099002190866,12420.410971997626,302.8249362746641
1693954835,225,,Aggregated,14.100000,0.400000,700,2200,3200,3600,4900,5800,6700,7200,8800,10000,12000,31795,202,700.0,1712.8072646632127,15.018099002190866,12420.410971997626,302.86488441578865
1693954836,225,,Aggregated,14.300000,0.600000,700,2200,3200,3600,4900,5800,6700,7200,8800,10000,12000,31812,202,700.0,1714.8541444311215,15.018099002190866,12420.410971997626,302.8600528102603
1693954837,225,,Aggregated,14.600000,0.700000,700,2200,3200,3600,4900,5800,6700,7200,8800,10000,12000,31832,202,700.0,1717.4816193027727,15.018099002190866,12420.410971997626,302.85439180698665
1693954838,225,,Aggregated,14.800000,0.800000,710,2200,3200,3700,4900,5800,6700,7200,8800,10000,12000,31847,202,710.0,1719.2703830201858,15.018099002190866,12420.410971997626,302.85006437027033
1693954839,225,,Aggregated,14.800000,0.800000,710,2200,3200,3700,4900,5800,6700,7200,8800,10000,12000,31874,202,710.0,1722.5917979390683,15.018099002190866,12420.410971997626,302.8423793687645
1693954841,225,,Aggregated,15.800000,0.600000,710,2200,3200,3700,4900,5800,6700,7200,8800,10000,12000,31894,202,710.0,1724.598785040599,15.018099002190866,12420.410971997626,302.83664639117075
1693954842,225,,Aggregated,17.500000,0.600000,710,2200,3200,3700,4900,5800,6700,7200,8800,10000,12000,31917,202,710.0,1726.5707553713653,15.018099002190866,12420.410971997626,302.83012187862266
1693954843,225,,Aggregated,17.800000,0.600000,720,2200,3200,3700,4900,5800,6700,7200,8800,10000,12000,31935,202,720.0,1728.1266621796738,15.018099002190866,12420.410971997626,302.8249256301863
1693954844,225,,Aggregated,18.200000,0.500000,720,2200,3200,3700,4900,5800,6700,7200,8800,10000,12000,31950,202,720.0,1729.5528552244407,15.018099002190866,12420.410971997626,302.8207511737089
1693954845,225,,Aggregated,18.600000,0.500000,720,2200,3200,3700,4900,5800,6700,7200,8800,10000,12000,31967,202,720.0,1730.7907203072198,15.018099002190866,12420.410971997626,302.81587261863797
1693954846,225,,Aggregated,18.200000,0.200000,720,2300,3200,3700,4900,5800,6700,7200,8800,10000,12000,31984,203,720.0,1732.1770537765099,15.018099002190866,12420.410971997626,302.8556153076538
1693954847,225,,Aggregated,18.500000,0.100000,730,2300,3200,3700,4900,5800,6700,7200,8800,10000,12000,31996,203,730.0,1733.2647223320068,15.018099002190866,12420.410971997626,302.8522940367546
1693954848,230,,Aggregated,17.900000,0.100000,730,2300,3200,3700,4900,5800,6700,7200,8800,10000,12000,32006,203,730.0,1734.2162839556925,15.018099002190866,12420.410971997626,302.8494344810348
1693954849,230,,Aggregated,17.700000,0.100000,730,2300,3200,3700,4900,5800,6700,7200,8800,10000,12000,32017,204,730.0,1735.343409085951,15.018099002190866,12420.410971997626,302.8909641752819
1693954850,230,,Aggregated,16.900000,0.100000,730,2300,3200,3700,4900,5800,6700,7200,8800,10000,12000,32035,204,730.0,1737.2983047428093,15.018099002190866,12420.410971997626,302.88584360855316
1693954851,230,,Aggregated,16.400000,0.100000,730,2300,3200,3700,4900,5800,6700,7200,8800,10000,12000,32052,205,730.0,1739.4962328146419,15.018099002190866,12420.410971997626,302.9256832646949
1693954852,230,,Aggregated,15.300000,0.200000,730,2300,3200,3700,5000,5800,6700,7200,8800,10000,12000,32068,205,730.0,1741.7293458280187,15.018099002190866,12420.410971997626,302.9211675190221
1693954853,230,,Aggregated,15.100000,0.300000,740,2300,3200,3700,5000,5800,6700,7200,8800,10000,12000,32078,205,730.0,1742.995996463274,15.018099002190866,12420.410971997626,302.91835525905606
1693954854,230,,Aggregated,14.600000,0.300000,740,2300,3200,3700,5000,5800,6700,7200,8800,10000,12000,32098,207,740.0,1745.6946719547607,15.018099002190866,12420.410971997626,303.00190042993336
1693954855,230,,Aggregated,14.400000,0.300000,740,2300,3200,3700,5000,5800,6700,7200,8800,10000,12000,32120,208,740.0,1748.8601097836208,15.018099002190866,12420.410971997626,303.04006849315067
1693954856,230,,Aggregated,14.300000,0.500000,740,2300,3200,3700,5000,5800,6700,7200,8800,10000,12000,32135,208,740.0,1751.2064936026732,15.018099002190866,12420.410971997626,303.03578652559514
1693954857,230,,Aggregated,14.900000,0.600000,740,2300,3200,3700,5000,5900,6700,7300,8900,10000,12000,32150,208,740.0,1753.7664368613034,15.018099002190866,12420.410971997626,303.0314463452566
1693954858,230,,Aggregated,14.500000,0.500000,750,2300,3200,3700,5000,5900,6700,7300,8900,10000,12000,32162,208,750.0,1755.5573815230673,15.018099002190866,12420.410971997626,303.0280144269635
1693954859,230,,Aggregated,14.700000,0.500000,750,2300,3300,3700,5000,5900,6700,7300,8900,10000,12000,32178,208,750.0,1758.1397294278352,15.018099002190866,12420.410971997626,303.0233700043508
1693954860,230,,Aggregated,14.900000,0.500000,750,2300,3300,3700,5000,5900,6800,7300,8900,10000,12000,32195,208,750.0,1760.8896822436054,15.018099002190866,12420.410971997626,303.0184811306103
1693954861,230,,Aggregated,15.100000,0.500000,760,2300,3300,3700,5000,5900,6800,7300,8900,10000,12000,32215,209,760.0,1764.059282287595,15.018099002190866,12420.410971997626,303.0570852087537
1693954862,230,,Aggregated,15.300000,0.400000,760,2300,3300,3700,5000,5900,6800,7300,8900,10000,12000,32237,209,760.0,1767.226337349687,15.018099002190866,12420.410971997626,303.05068709867544
1693954863,230,,Aggregated,15.400000,0.300000,760,2300,3300,3700,5000,5900,6800,7300,8900,10000,12000,32257,209,760.0,1770.2703158935067,15.018099002190866,12420.410971997626,303.04495148339896
1693954865,230,,Aggregated,16.100000,0.400000,770,2300,3300,3800,5000,5900,6800,7300,8900,10000,12000,32276,210,770.0,1773.1175907064026,15.018099002190866,12420.410971997626,303.08371545420744
1693954866,230,,Aggregated,16.300000,0.400000,770,2300,3300,3800,5000,5900,6800,7300,8900,10000,12000,32288,210,770.0,1774.719397150175,15.018099002190866,12420.410971997626,303.0801845887017
1693954867,230,,Aggregated,16.400000,0.200000,770,2300,3300,3800,5000,5900,6800,7300,8900,10000,12000,32302,210,770.0,1776.654464264251,15.018099002190866,12420.410971997626,303.07606340164693
1693954868,230,,Aggregated,16.500000,0.200000,770,2300,3300,3800,5100,5900,6800,7300,8900,10000,12000,32316,210,770.0,1778.5879528412813,15.018099002190866,12420.410971997626,303.0719767297933
1693954869,230,,Aggregated,16.100000,0.200000,770,2300,3300,3800,5100,5900,6800,7300,8900,10000,12000,32328,211,770.0,1780.0847196192108,15.018099002190866,12420.410971997626,303.1127505567929
1693954870,230,,Aggregated,16.100000,0.200000,780,2300,3300,3800,5100,6000,6800,7300,8900,10000,12000,32348,212,780.0,1782.687896733858,15.018099002190866,12420.410971997626,303.1511376282923
1693954871,230,,Aggregated,16.200000,0.300000,780,2300,3300,3800,5100,6000,6800,7400,8900,10000,12000,32369,212,780.0,1785.896539819391,15.018099002190866,12420.410971997626,303.14498439865304
1693954872,230,,Aggregated,16.300000,0.300000,780,2300,3300,3800,5100,6000,6800,7400,8900,10000,12000,32388,212,780.0,1788.5404903077026,15.018099002190866,12420.410971997626,303.13943435840434
1693954873,230,,Aggregated,16.700000,0.400000,780,2300,3300,3800,5100,6000,6800,7400,8900,10000,12000,32407,212,780.0,1791.5295163036035,15.018099002190866,12420.410971997626,303.1340142561792
1693954874,230,,Aggregated,16.100000,0.300000,790,2400,3300,3800,5100,6000,6800,7400,8900,10000,12000,32422,213,790.0,1793.4549477247508,15.018099002190866,12420.410971997626,303.173770896305
1693954875,230,,Aggregated,16.200000,0.300000,790,2400,3300,3800,5100,6000,6800,7400,8900,10000,12000,32439,213,790.0,1795.7921188826683,15.018099002190866,12420.410971997626,303.1687783223897
1693954876,230,,Aggregated,15.800000,0.400000,790,2400,3300,3800,5100,6000,6800,7400,8900,10000,12000,32449,213,790.0,1797.2448296715113,15.018099002190866,12420.410971997626,303.1659219082252
1693954877,230,,Aggregated,15.800000,0.300000,790,2400,3300,3800,5100,6000,6800,7400,8900,10000,12000,32457,213,790.0,1798.3987289034683,15.018099002190866,12420.410971997626,303.1636010721878
1693954878,230,,Aggregated,15.700000,0.300000,790,2400,3300,3800,5100,6000,6900,7400,8900,10000,12000,32469,213,790.0,1800.255100776305,15.018099002190866,12420.410971997626,303.1601835597031
1693954879,230,,Aggregated,15.200000,0.300000,790,2400,3300,3800,5100,6000,6900,7400,8900,10000,12000,32484,213,790.0,1802.5489337591694,15.018099002190866,12420.410971997626,303.15586134712476
1693954880,230,,Aggregated,15.000000,0.300000,790,2400,3300,3800,5100,6000,6900,7400,8900,10000,12000,32500,213,790.0,1805.2715633499035,15.018099002190866,12420.410971997626,303.1512923076923
1693954881,230,,Aggregated,14.600000,0.200000,800,2400,3300,3800,5100,6000,6900,7400,8900,10000,12000,32509,214,800.0,1806.6550873731537,15.018099002190866,12420.410971997626,303.19268510258695
1693954882,230,,Aggregated,14.600000,0.200000,800,2400,3300,3800,5100,6000,6900,7400,8900,10000,12000,32528,214,800.0,1809.8569489790286,15.018099002190866,12420.410971997626,303.187069601574
1693954883,230,,Aggregated,13.500000,0.100000,800,2400,3300,3800,5200,6000,6900,7500,8900,10000,12000,32565,216,800.0,1815.8683966050312,15.018099002190866,12420.410971997626,303.26414862582527
1693954884,230,,Aggregated,13.300000,0.200000,800,2400,3300,3800,5200,6100,6900,7500,8900,10000,12000,32597,216,800.0,1820.4054622578722,15.018099002190866,12420.410971997626,303.2549007577384
1693954885,230,,Aggregated,12.900000,0.200000,810,2400,3300,3800,5200,6100,6900,7500,9000,10000,12000,32621,216,810.0,1823.5914628001854,15.018099002190866,12420.410971997626,303.2479997547592
1693954886,230,,Aggregated,15.600000,0.300000,810,2400,3300,3800,5200,6100,7000,7500,9000,10000,12000,32648,216,810.0,1826.508112258296,15.018099002190866,12420.410971997626,303.24029037000736
1693954887,230,,Aggregated,16.600000,0.300000,810,2400,3400,3900,5200,6100,7000,7500,9000,10000,12000,32666,216,810.0,1828.182172945566,15.018099002190866,12420.410971997626,303.2351068389151
1693954889,230,,Aggregated,19.500000,0.300000,820,2400,3400,3900,5200,6100,7000,7500,9000,10000,12000,32689,217,820.0,1829.804644039366,15.018099002190866,12420.410971997626,303.2721710667197
1693954890,230,,Aggregated,20.300000,0.300000,820,2400,3400,3900,5200,6100,6900,7500,9000,10000,12000,32701,217,820.0,1830.604516214943,15.018099002190866,12420.410971997626,303.2686462187701
1693954891,230,,Aggregated,21.300000,0.400000,820,2400,3400,3900,5200,6100,6900,7500,9000,10000,12000,32712,218,820.0,1831.2891760395528,15.018099002190866,12420.410971997626,303.3092443140132
1693954892,230,,Aggregated,21.100000,0.400000,820,2400,3400,3900,5200,6100,6900,7500,9000,10000,12000,32722,218,820.0,1831.9407978073114,15.018099002190866,12420.410971997626,303.30630768290445
1693954893,230,,Aggregated,21.100000,0.400000,820,2400,3400,3900,5200,6100,6900,7500,9000,10000,12000,32734,218,820.0,1832.8257105320415,15.018099002190866,12420.410971997626,303.3028349728111
1693954894,230,,Aggregated,20.500000,0.400000,820,2400,3400,3900,5200,6100,6900,7500,9000,10000,12000,32747,218,820.0,1833.9216817705085,15.018099002190866,12420.410971997626,303.29905029468347
1693954895,230,,Aggregated,20.200000,0.400000,830,2400,3400,3900,5200,6100,6900,7500,9000,10000,12000,32759,218,830.0,1835.2124247676923,15.018099002190866,12420.410971997626,303.2955523672884
1693954896,230,,Aggregated,17.200000,0.200000,830,2400,3400,3900,5200,6100,6900,7500,9000,10000,12000,32771,219,830.0,1836.5717193448118,15.018099002190866,12420.410971997626,303.33569314332794
1693954897,230,,Aggregated,15.500000,0.200000,830,2400,3400,3900,5200,6100,7000,7500,9000,10000,12000,32784,219,830.0,1838.2967653399473,15.018099002190866,12420.410971997626,303.33186920449
1693954898,230,,Aggregated,14.400000,0.200000,830,2400,3400,3900,5200,6100,7000,7500,9000,10000,12000,32800,221,830.0,1840.5736427829524,15.018099002190866,12420.410971997626,303.41448170731707
1693954899,230,,Aggregated,13.200000,0.300000,830,2400,3400,3900,5200,6100,7000,7500,9000,10000,12000,32812,221,830.0,1842.3048042954665,15.018099002190866,12420.410971997626,303.41097769108865
1693954900,230,,Aggregated,12.600000,0.400000,830,2400,3400,3900,5200,6100,7000,7500,9000,10000,12000,32830,221,830.0,1845.1910377310953,15.018099002190866,12420.410971997626,303.405665549802
1693954901,230,,Aggregated,11.800000,0.400000,840,2400,3400,3900,5200,6100,7000,7500,9000,10000,12000,32845,221,840.0,1847.5637187266204,15.018099002190866,12420.410971997626,303.4013396255138
1693954902,230,,Aggregated,12.200000,0.400000,840,2400,3400,3900,5200,6100,7000,7500,9000,10000,12000,32860,221,840.0,1850.2862799317668,15.018099002190866,12420.410971997626,303.39692635423006
1693954903,230,,Aggregated,13.000000,0.400000,840,2500,3400,3900,5200,6100,7000,7500,9000,11000,12000,32884,221,840.0,1854.7264903348391,15.018099002190866,12420.410971997626,303.3898248388274
1693954904,230,,Aggregated,13.000000,0.300000,850,2500,3400,3900,5200,6200,7000,7500,9100,11000,12000,32901,221,850.0,1857.672044404877,15.018099002190866,12420.410971997626,303.3849123126957
1693954905,230,,Aggregated,13.600000,0.300000,850,2500,3400,3900,5200,6200,7000,7600,9100,11000,12000,32916,221,850.0,1860.2858089109204,15.018099002190866,12420.410971997626,303.38045327500305
1693954906,230,,Aggregated,14.500000,0.300000,850,2500,3400,3900,5200,6200,7100,7600,9100,11000,12000,32932,221,850.0,1863.1045066892038,15.018099002190866,12420.410971997626,303.3757135916434
1693954907,235,,Aggregated,15.100000,0.300000,850,2500,3400,3900,5300,6200,7100,7600,9200,11000,12000,32948,221,850.0,1865.6891564465477,15.018099002190866,12420.410971997626,303.37103921330583
1693954908,235,,Aggregated,15.400000,0.300000,850,2500,3400,3900,5300,6200,7100,7600,9200,11000,12000,32965,222,850.0,1868.7518573344114,15.018099002190866,12420.410971997626,303.40949491885334
1693954909,235,,Aggregated,15.600000,0.200000,860,2500,3400,3900,5300,6200,7100,7600,9300,11000,12000,32978,222,860.0,1870.9716053615703,15.018099002190866,12420.410971997626,303.4056947055613
1693954910,235,,Aggregated,15.800000,0.100000,860,2500,3400,3900,5300,6200,7100,7600,9300,11000,12000,32999,222,860.0,1874.3074406834708,15.018099002190866,12420.410971997626,303.3994969544532
1693954912,235,,Aggregated,16.200000,0.100000,860,2500,3400,3900,5300,6200,7100,7600,9300,11000,12000,33023,222,860.0,1878.1103521280877,15.018099002190866,12420.410971997626,303.3926051539836
1693954913,235,,Aggregated,15.800000,0.100000,870,2500,3400,3900,5300,6200,7100,7600,9300,11000,12000,33038,223,870.0,1880.3672673782269,15.018099002190866,12420.410971997626,303.4315939221502
1693954914,235,,Aggregated,15.800000,0.100000,870,2500,3400,3900,5300,6200,7100,7600,9300,11000,12000,33061,225,870.0,1883.6385336463468,15.018099002190866,12420.410971997626,303.51144853452706
1693954915,235,,Aggregated,16.800000,0.200000,870,2500,3400,4000,5300,6200,7100,7600,9300,11000,12000,33076,225,870.0,1885.5920893489804,15.018099002190866,12420.410971997626,303.5070746160358
1693954916,235,,Aggregated,17.300000,0.400000,870,2500,3400,4000,5300,6200,7100,7700,9300,11000,12000,33093,225,870.0,1888.005639705554,15.018099002190866,12420.410971997626,303.50206992415315
1693954917,235,,Aggregated,16.700000,0.400000,870,2500,3400,4000,5300,6200,7100,7700,9300,11000,12000,33112,225,870.0,1890.5049081211307,15.018099002190866,12420.410971997626,303.496406136748
1693954918,235,,Aggregated,17.000000,0.400000,880,2500,3500,4000,5300,6200,7100,7700,9300,11000,12000,33124,225,880.0,1892.0344476282714,15.018099002190866,12420.410971997626,303.4928450670209
1693954919,235,,Aggregated,17.200000,0.400000,880,2500,3500,4000,5300,6200,7100,7700,9300,11000,12000,33138,225,880.0,1893.5378183830308,15.018099002190866,12420.410971997626,303.48874404007483
1693954920,235,,Aggregated,17.000000,0.400000,880,2500,3500,4000,5300,6300,7100,7700,9300,11000,12000,33156,227,880.0,1895.541951241189,15.018099002190866,12420.410971997626,303.5697008083002
1693954921,235,,Aggregated,16.700000,0.300000,880,2500,3500,4000,5300,6300,7200,7700,9300,11000,12000,33172,228,880.0,1897.4181743608124,15.018099002190866,12420.410971997626,303.6080127818642
1693954922,235,,Aggregated,17.100000,0.400000,890,2500,3500,4000,5300,6300,7200,7700,9300,11000,12000,33186,228,880.0,1899.2831734855322,15.018099002190866,12420.410971997626,303.60383896823964
1693954923,235,,Aggregated,16.400000,0.500000,890,2500,3500,4000,5300,6300,7200,7700,9300,11000,12000,33204,228,890.0,1901.370792774842,15.018099002190866,12420.410971997626,303.5984821105891
1693954924,235,,Aggregated,15.900000,0.600000,890,2500,3500,4000,5300,6300,7200,7700,9300,11000,12000,33220,228,890.0,1903.465599826245,15.018099002190866,12420.410971997626,303.59379891631545
1693954925,235,,Aggregated,15.800000,0.500000,890,2500,3500,4000,5400,6300,7200,7700,9300,11000,12000,33234,229,890.0,1905.1650734192656,15.018099002190866,12420.410971997626,303.63278570139016
1693954926,235,,Aggregated,15.300000,0.300000,890,2500,3500,4000,5400,6300,7200,7700,9300,11000,12000,33256,229,890.0,1908.0524154301438,15.018099002190866,12420.410971997626,303.6262929997594
1693954927,235,,Aggregated,15.200000,0.300000,900,2500,3500,4000,5400,6300,7200,7700,9300,11000,12000,33272,229,900.0,1910.0023259079064,15.018099002190866,12420.410971997626,303.6215135849964
1693954928,235,,Aggregated,15.100000,0.400000,900,2500,3500,4000,5400,6300,7200,7700,9300,11000,12000,33288,229,900.0,1911.790606037307,15.018099002190866,12420.410971997626,303.61679884643115
1693954929,235,,Aggregated,15.300000,0.400000,900,2600,3500,4000,5400,6300,7200,7700,9300,11000,12000,33302,229,900.0,1913.418108970629,15.018099002190866,12420.410971997626,303.61260584949855
1693954930,235,,Aggregated,15.600000,0.400000,900,2600,3500,4000,5400,6300,7200,7700,9300,11000,12000,33321,229,900.0,1915.9564031005639,15.018099002190866,12420.410971997626,303.607034602803
1693954931,235,,Aggregated,16.100000,0.400000,900,2600,3500,4000,5400,6300,7200,7700,9400,11000,12000,33339,229,900.0,1918.415212280659,15.018099002190866,12420.410971997626,303.6016677164882
1693954932,235,,Aggregated,15.600000,0.300000,910,2600,3500,4000,5400,6300,7200,7700,9400,11000,12000,33356,230,910.0,1920.5236352583909,15.018099002190866,12420.410971997626,303.63958508214415
1693954933,235,,Aggregated,16.000000,0.200000,910,2600,3500,4000,5400,6300,7200,7700,9400,11000,12000,33373,231,910.0,1922.5450881209324,15.018099002190866,12420.410971997626,303.67746381805654
1693954934,235,,Aggregated,15.800000,0.100000,910,2600,3500,4000,5400,6300,7200,7700,9400,11000,12000,33390,231,910.0,1924.6464878297963,15.018099002190866,12420.410971997626,303.6723569931117
1693954936,235,,Aggregated,15.900000,0.300000,910,2600,3500,4000,5400,6300,7200,7700,9400,11000,12000,33404,232,910.0,1926.403589320258,15.018099002190866,12420.410971997626,303.71096275895104
1693954937,235,,Aggregated,16.500000,0.300000,920,2600,3500,4000,5400,6300,7200,7700,9400,11000,12000,33421,232,920.0,1928.4748411120827,15.018099002190866,12420.410971997626,303.7058436312498
1693954938,235,,Aggregated,16.000000,0.300000,920,2600,3500,4000,5400,6300,7200,7700,9400,11000,12000,33441,232,920.0,1931.207741901854,15.018099002190866,12420.410971997626,303.6998893573757
1693954939,235,,Aggregated,15.800000,0.300000,920,2600,3500,4100,5400,6300,7200,7700,9400,11000,12000,33464,232,920.0,1934.0657618990524,15.018099002190866,12420.410971997626,303.6930133875209
1693954940,235,,Aggregated,16.300000,0.300000,920,2600,3500,4100,5400,6300,7200,7700,9400,11000,12000,33492,233,920.0,1937.2219970820456,15.018099002190866,12420.410971997626,303.72739758748355
1693954941,235,,Aggregated,16.600000,0.300000,930,2600,3500,4100,5400,6300,7200,7700,9400,11000,12000,33512,234,920.0,1939.442904557408,15.018099002190866,12420.410971997626,303.76414418715683
1693954942,235,,Aggregated,18.300000,0.400000,930,2600,3500,4100,5400,6300,7200,7700,9400,11000,12000,33526,234,930.0,1941.0418135850935,15.018099002190866,12420.410971997626,303.75994750343017
1693954943,235,,Aggregated,18.600000,0.500000,930,2600,3500,4100,5400,6300,7200,7700,9400,11000,12000,33538,234,930.0,1942.360445373691,15.018099002190866,12420.410971997626,303.75642554714057
1693954944,235,,Aggregated,18.400000,0.500000,930,2600,3500,4100,5400,6300,7200,7700,9400,11000,12000,33561,235,930.0,1944.556861891417,15.018099002190866,12420.410971997626,303.79210988945505
1693954945,235,,Aggregated,17.700000,0.400000,930,2600,3500,4100,5400,6300,7200,7700,9400,11000,12000,33579,236,930.0,1946.215140793884,15.018099002190866,12420.410971997626,303.8293278537181
1693954946,235,,Aggregated,18.200000,0.400000,940,2600,3600,4100,5400,6300,7200,7700,9400,11000,12000,33606,236,940.0,1948.5418410556106,15.018099002190866,12420.410971997626,303.82134142712613
1693954947,235,,Aggregated,18.000000,0.400000,940,2600,3600,4100,5400,6300,7200,7700,9400,11000,12000,33636,236,940.0,1950.4629758981412,15.018099002190866,12420.410971997626,303.8122844571293
1693954948,235,,Aggregated,18.300000,0.400000,940,2600,3600,4100,5400,6300,7200,7700,9400,11000,12000,33657,237,940.0,1951.3733340572203,15.018099002190866,12420.410971997626,303.84856047776094
1693954949,235,,Aggregated,20.700000,0.400000,950,2600,3600,4100,5400,6300,7200,7700,9400,11000,12000,33677,237,950.0,1952.2123804753353,15.018099002190866,12420.410971997626,303.84256317367937
1693954950,235,,Aggregated,20.600000,0.500000,950,2600,3600,4100,5400,6300,7200,7700,9400,11000,12000,33686,237,950.0,1952.6106799467098,15.018099002190866,12420.410971997626,303.83987413168677
1693954951,235,,Aggregated,20.700000,0.500000,950,2600,3600,4100,5400,6300,7200,7700,9400,11000,12000,33697,237,950.0,1953.1518264750237,15.018099002190866,12420.410971997626,303.8365729886934
1693954952,235,,Aggregated,19.300000,0.400000,950,2600,3600,4100,5400,6300,7200,7700,9400,11000,12000,33712,237,950.0,1954.0334674675155,15.018099002190866,12420.410971997626,303.83210726150924
1693954953,235,,Aggregated,18.200000,0.300000,950,2600,3600,4100,5400,6300,7200,7700,9400,11000,12000,33728,237,950.0,1955.330713715604,15.018099002190866,12420.410971997626,303.827294829222
1693954954,235,,Aggregated,17.900000,0.300000,950,2600,3600,4100,5400,6300,7200,7700,9400,11000,12000,33745,237,950.0,1956.943943647352,15.018099002190866,12420.410971997626,303.8221958808712
1693954955,235,,Aggregated,17.800000,0.300000,950,2600,3600,4100,5400,6300,7200,7700,9400,11000,12000,33757,237,950.0,1958.1350563036967,15.018099002190866,12420.410971997626,303.81861539828776
1693954956,235,,Aggregated,17.300000,0.200000,950,2600,3600,4100,5400,6300,7200,7700,9400,11000,12000,33770,238,950.0,1959.46684537838,15.018099002190866,12420.410971997626,303.85706248149245
1693954957,235,,Aggregated,17.700000,0.200000,960,2600,3600,4100,5500,6300,7200,7700,9400,11000,12000,33783,238,960.0,1961.001327477959,15.018099002190866,12420.410971997626,303.8531213924163
1693954959,235,,Aggregated,14.500000,0.200000,960,2600,3600,4100,5500,6300,7200,7700,9400,11000,12000,33799,239,960.0,1963.1593875870556,15.018099002190866,12420.410971997626,303.89061806562324
1693954960,235,,Aggregated,13.800000,0.100000,960,2700,3600,4100,5500,6300,7200,7700,9400,11000,12000,33817,239,960.0,1965.8466336589258,15.018099002190866,12420.410971997626,303.8852056657894
1693954961,235,,Aggregated,13.800000,0.100000,960,2700,3600,4100,5500,6300,7200,7700,9400,11000,12000,33833,239,960.0,1968.1143035144944,15.018099002190866,12420.410971997626,303.88032394407827
1693954962,235,,Aggregated,13.400000,0.200000,960,2700,3600,4100,5500,6400,7200,7700,9400,11000,12000,33850,239,960.0,1970.6358707147378,15.018099002190866,12420.410971997626,303.8752437223043
1693954963,235,,Aggregated,14.200000,0.200000,960,2700,3600,4100,5500,6400,7200,7700,9400,11000,12000,33863,239,960.0,1972.3754910721996,15.018099002190866,12420.410971997626,303.8713640256327
1693954964,235,,Aggregated,14.300000,0.200000,970,2700,3600,4100,5500,6400,7200,7700,9400,11000,12000,33885,240,970.0,1975.6533492676965,15.018099002190866,12420.410971997626,303.9070090010329
1693954965,235,,Aggregated,14.900000,0.200000,970,2700,3600,4100,5500,6400,7200,7700,9400,11000,12000,33906,241,970.0,1978.6070666949777,15.018099002190866,12420.410971997626,303.94287146817675
1693954966,235,,Aggregated,15.100000,0.300000,970,2700,3600,4200,5500,6400,7200,7800,9400,11000,12000,33927,241,970.0,1981.9534750668463,15.018099002190866,12420.410971997626,303.9365991688036
1693954967,235,,Aggregated,15.200000,0.300000,980,2700,3600,4200,5500,6400,7200,7800,9400,11000,13000,33943,241,980.0,1984.4488380760367,15.018099002190866,12882.303228001547,303.9318563474059
1693954968,240,,Aggregated,16.200000,0.400000,980,2700,3600,4200,5500,6400,7300,7800,9400,11000,13000,33960,241,980.0,1986.9115144040904,15.018099002190866,12882.303228001547,303.9267667844523
1693954969,240,,Aggregated,16.700000,0.300000,980,2700,3600,4200,5500,6400,7300,7800,9400,11000,13000,33972,241,980.0,1988.8569178948521,15.018099002190866,12882.303228001547,303.92314258801366
1693954970,240,,Aggregated,17.000000,0.300000,980,2700,3600,4200,5500,6400,7300,7800,9400,11000,13000,33992,243,980.0,1991.9021452982734,15.018099002190866,12882.303228001547,304.00126500353025
1693954971,240,,Aggregated,16.500000,0.300000,980,2700,3600,4200,5500,6400,7300,7800,9400,11000,13000,34008,243,980.0,1994.4609937315597,15.018099002190866,12882.303228001547,303.9965008233357
1693954972,240,,Aggregated,16.300000,0.400000,990,2700,3600,4200,5500,6400,7300,7800,9400,11000,13000,34024,243,990.0,1996.8083294824207,15.018099002190866,12882.303228001547,303.9917411239125
1693954973,240,,Aggregated,16.500000,0.400000,990,2700,3600,4200,5600,6400,7300,7800,9400,11000,13000,34042,243,990.0,1999.1755774428605,15.018099002190866,12882.303228001547,303.98634040303153
1693954974,240,,Aggregated,16.600000,0.400000,990,2700,3600,4200,5600,6400,7300,7800,9400,11000,13000,34059,243,990.0,2001.679966194394,15.018099002190866,12882.303228001547,303.98120907836403
1693954975,240,,Aggregated,16.800000,0.400000,990,2700,3600,4200,5600,6500,7300,7800,9400,11000,13000,34077,243,990.0,2004.1552983929587,15.018099002190866,12882.303228001547,303.9757607770637
1693954976,240,,Aggregated,16.600000,0.300000,1000,2700,3600,4200,5600,6500,7300,7800,9400,11000,13000,34093,243,1000.0,2006.5903965449168,15.018099002190866,12882.303228001547,303.97096178101077
1693954977,240,,Aggregated,16.700000,0.300000,1000,2700,3700,4200,5600,6500,7300,7900,9400,11000,13000,34112,244,1000.0,2009.6136287324646,15.018099002190866,12882.303228001547,304.0071822232645
1693954978,240,,Aggregated,16.000000,0.200000,1000,2700,3700,4200,5600,6500,7300,7900,9400,11000,13000,34118,244,1000.0,2010.4255467741027,15.018099002190866,12882.303228001547,304.0053637376165
1693954979,240,,Aggregated,15.800000,0.200000,1000,2700,3700,4200,5600,6500,7300,7900,9400,11000,13000,34131,245,1000.0,2012.2873586576961,15.018099002190866,12882.303228001547,304.043245143711
1693954981,240,,Aggregated,16.000000,0.300000,1000,2700,3700,4200,5600,6500,7300,7900,9400,11000,13000,34142,245,1000.0,2014.27607558962,15.018099002190866,12882.303228001547,304.03989221486734
1693954982,240,,Aggregated,15.200000,0.200000,1000,2700,3700,4200,5600,6500,7400,7900,9400,11000,13000,34157,245,1000.0,2016.8369727875927,15.018099002190866,12882.303228001547,304.03527827385307
1693954983,240,,Aggregated,15.200000,0.200000,1000,2700,3700,4200,5600,6500,7400,7900,9400,11000,13000,34172,245,1000.0,2019.4177827690737,15.018099002190866,12882.303228001547,304.0307269109212
1693954984,240,,Aggregated,14.300000,0.200000,1000,2700,3700,4200,5600,6500,7400,8000,9500,11000,13000,34196,246,1000.0,2023.583680692385,15.018099002190866,12882.303228001547,304.0654462510235
1693954985,240,,Aggregated,14.200000,0.200000,1000,2700,3700,4200,5600,6500,7400,8000,9500,11000,13000,34211,246,1000.0,2026.1418127561828,15.018099002190866,12882.303228001547,304.060945309988
1693954986,240,,Aggregated,14.800000,0.200000,1000,2700,3700,4200,5600,6500,7400,8000,9500,11000,13000,34226,246,1000.0,2028.7070651414956,15.018099002190866,12882.303228001547,304.05638987903933
1693954987,240,,Aggregated,14.200000,0.300000,1000,2800,3700,4200,5600,6500,7400,8000,9500,11000,13000,34246,247,1000.0,2032.3020194734518,15.018099002190866,12882.303228001547,304.0921275477428
1693954988,240,,Aggregated,14.200000,0.300000,1000,2800,3700,4200,5600,6600,7400,8000,9500,11000,13000,34267,247,1000.0,2035.6411915715064,15.018099002190866,12882.303228001547,304.08594274374764
1693954989,240,,Aggregated,14.600000,0.400000,1000,2800,3700,4300,5600,6600,7500,8000,9500,11000,13000,34286,247,1000.0,2038.6476530873479,15.018099002190866,12882.303228001547,304.08023683135974
1693954990,240,,Aggregated,14.700000,0.300000,1000,2800,3700,4300,5700,6600,7500,8000,9500,11000,13000,34300,247,1000.0,2041.124802604018,15.018099002190866,12882.303228001547,304.0759766763848
1693954991,240,,Aggregated,16.000000,0.300000,1000,2800,3700,4300,5700,6600,7500,8100,9600,11000,13000,34321,247,1000.0,2044.417612733453,15.018099002190866,12882.303228001547,304.0696366655983
1693954992,240,,Aggregated,16.300000,0.200000,1000,2800,3700,4300,5700,6600,7500,8100,9600,11000,13000,34332,247,1000.0,2046.057644120059,15.018099002190866,12882.303228001547,304.06629383665387
1693954993,240,,Aggregated,16.900000,0.200000,1000,2800,3700,4300,5700,6600,7500,8100,9600,11000,13000,34349,247,1000.0,2048.7195886175978,15.018099002190866,12882.303228001547,304.06125360272495
1693954994,240,,Aggregated,17.100000,0.200000,1000,2800,3700,4300,5700,6600,7500,8100,9600,11000,13000,34361,247,1000.0,2050.423750963618,15.018099002190866,12882.303228001547,304.057652571229
1693954995,240,,Aggregated,17.000000,0.200000,1000,2800,3700,4300,5700,6600,7500,8100,9600,11000,13000,34374,248,1000.0,2052.3284611421973,15.018099002190866,12882.303228001547,304.0954209577006
1693954996,240,,Aggregated,16.100000,0.200000,1000,2800,3700,4300,5700,6600,7500,8100,9600,11000,13000,34394,248,1000.0,2055.3081610021186,15.018099002190866,12882.303228001547,304.08946327847883
1693954997,240,,Aggregated,15.900000,0.100000,1000,2800,3700,4300,5700,6600,7500,8100,9600,11000,13000,34411,249,1000.0,2057.9091796105567,15.018099002190866,12882.303228001547,304.12597715846675
1693954998,240,,Aggregated,15.900000,0.200000,1000,2800,3700,4300,5700,6600,7500,8100,9600,11000,13000,34423,249,1000.0,2059.7456270302664,15.018099002190866,12882.303228001547,304.1223600499666
1693954999,240,,Aggregated,15.600000,0.100000,1000,2800,3700,4300,5700,6600,7500,8100,9600,11000,13000,34448,249,1000.0,2063.314128187671,15.018099002190866,12882.303228001547,304.11466558290755
1693955000,240,,Aggregated,15.400000,0.200000,1100,2800,3700,4300,5700,6700,7500,8100,9600,11000,13000,34469,249,1100.0,2066.3463224731754,15.018099002190866,12882.303228001547,304.1082712002089
1693955001,240,,Aggregated,14.900000,0.200000,1100,2800,3700,4300,5700,6700,7500,8100,9600,11000,13000,34489,249,1100.0,2069.2752150837614,15.018099002190866,12882.303228001547,304.1022644901273
1693955002,240,,Aggregated,15.800000,0.200000,1100,2800,3700,4300,5700,6700,7500,8100,9700,11000,13000,34512,249,1100.0,2072.8861634165173,15.018099002190866,12882.303228001547,304.09524223458504
1693955004,240,,Aggregated,16.100000,0.200000,1100,2800,3700,4300,5700,6700,7500,8100,9700,11000,13000,34528,249,1100.0,2075.352402782693,15.018099002190866,12882.303228001547,304.09047729379057
1693955005,240,,Aggregated,16.400000,0.200000,1100,2800,3800,4300,5700,6700,7500,8200,9700,11000,13000,34545,249,1100.0,2077.953470777271,15.018099002190866,12882.303228001547,304.08533796497323
1693955006,240,,Aggregated,17.400000,0.200000,1100,2800,3800,4300,5700,6700,7500,8200,9700,11000,13000,34562,249,1100.0,2079.93951644071,15.018099002190866,12882.303228001547,304.0801747584052
1693955007,240,,Aggregated,17.800000,0.200000,1100,2800,3800,4300,5800,6700,7500,8200,9700,11000,13000,34589,249,1100.0,2082.816732661709,15.018099002190866,12882.303228001547,304.07201711526784
1693955008,240,,Aggregated,17.900000,0.100000,1100,2800,3800,4300,5800,6700,7500,8200,9700,11000,13000,34606,250,1100.0,2084.570088838347,15.018099002190866,12882.303228001547,304.10827602149914
1693955009,240,,Aggregated,19.000000,0.100000,1100,2800,3800,4300,5800,6700,7500,8200,9700,11000,13000,34621,250,1100.0,2086.0663991575593,15.018099002190866,12882.303228001547,304.1038387106092
1693955010,240,,Aggregated,19.000000,0.100000,1100,2800,3800,4400,5800,6700,7600,8200,9700,11000,13000,34658,250,1100.0,2089.402424150063,15.018099002190866,12882.303228001547,304.0926770154077
1693955011,240,,Aggregated,19.100000,0.100000,1100,2800,3800,4400,5800,6700,7600,8200,9700,11000,13000,34682,250,1100.0,2090.634798188395,15.018099002190866,12882.303228001547,304.0856063664149
1693955012,240,,Aggregated,20.000000,0.100000,1100,2900,3800,4400,5800,6700,7600,8200,9700,11000,13000,34708,250,1100.0,2091.8165555979867,15.018099002190866,12882.303228001547,304.077763051746
1693955013,240,,Aggregated,20.000000,0.100000,1100,2900,3800,4400,5800,6700,7600,8200,9700,11000,13000,34725,250,1100.0,2092.6360282607607,15.018099002190866,12882.303228001547,304.07271418286535
1693955014,240,,Aggregated,21.100000,0.100000,1100,2900,3800,4400,5800,6700,7600,8200,9700,11000,13000,34742,250,1100.0,2093.4411244147122,15.018099002190866,12882.303228001547,304.06761268781304
1693955015,240,,Aggregated,20.600000,0.100000,1100,2900,3800,4400,5800,6700,7500,8200,9700,11000,13000,34754,250,1100.0,2094.0025628922695,15.018099002190866,12882.303228001547,304.06410772860676
1693955016,240,,Aggregated,20.400000,0.100000,1100,2900,3800,4400,5800,6700,7500,8200,9700,11000,13000,34766,250,1100.0,2094.7899437507895,15.018099002190866,12882.303228001547,304.0605188977737
1693955017,240,,Aggregated,20.200000,0.100000,1100,2900,3800,4400,5800,6700,7500,8200,9700,11000,13000,34782,250,1100.0,2095.8589856265576,15.018099002190866,12882.303228001547,304.055862227589
1693955018,240,,Aggregated,19.700000,0.100000,1100,2900,3800,4400,5800,6700,7500,8200,9700,11000,13000,34793,251,1100.0,2096.767456040695,15.018099002190866,12882.303228001547,304.09372574943234
1693955019,240,,Aggregated,18.500000,0.100000,1100,2900,3800,4400,5800,6700,7500,8200,9700,11000,13000,34806,251,1100.0,2097.94198476047,15.018099002190866,12882.303228001547,304.0899270240763
1693955020,240,,Aggregated,18.000000,0.100000,1100,2900,3800,4400,5800,6700,7500,8200,9700,11000,13000,34824,251,1100.0,2099.705125244599,15.018099002190866,12882.303228001547,304.0845968297726
1693955021,240,,Aggregated,17.900000,0.100000,1100,2900,3800,4400,5800,6700,7500,8200,9700,11000,13000,34832,251,1100.0,2100.438902588249,15.018099002190866,12882.303228001547,304.08228066146074
1693955022,240,,Aggregated,15.900000,0.100000,1100,2900,3800,4400,5800,6700,7500,8200,9700,11000,13000,34847,251,1100.0,2102.2317552728764,15.018099002190866,12882.303228001547,304.0777972278819
1693955023,240,,Aggregated,15.700000,0.100000,1100,2900,3800,4400,5800,6700,7600,8200,9700,11000,13000,34868,251,1100.0,2104.8748348902127,15.018099002190866,12882.303228001547,304.07152690145693
1693955024,240,,Aggregated,13.500000,0.100000,1100,2900,3800,4400,5800,6700,7600,8200,9700,11000,13000,34884,251,1100.0,2106.996460520006,15.018099002190866,12882.303228001547,304.06685013186564
1693955025,240,,Aggregated,13.300000,0.100000,1100,2900,3800,4400,5800,6700,7600,8200,9700,11000,13000,34898,251,1100.0,2109.164111836922,15.018099002190866,12882.303228001547,304.0627829675053
1693955027,240,,Aggregated,13.800000,0.100000,1100,2900,3800,4400,5800,6700,7600,8200,9700,11000,13000,34914,251,1100.0,2111.4261048127937,15.018099002190866,12882.303228001547,304.0580855817151
1693955028,245,,Aggregated,13.800000,0.100000,1100,2900,3800,4400,5800,6700,7600,8200,9700,11000,13000,34930,252,1100.0,2113.7721285619486,15.018099002190866,12882.303228001547,304.09436014886916
1693955029,245,,Aggregated,14.000000,0.100000,1100,2900,3800,4400,5800,6700,7600,8200,9700,11000,13000,34944,252,1100.0,2115.9125978906504,15.018099002190866,12882.303228001547,304.09020146520146
1693955030,245,,Aggregated,14.600000,0.100000,1100,2900,3800,4400,5800,6700,7600,8200,9700,11000,13000,34958,254,1100.0,2117.936979005203,15.018099002190866,12882.303228001547,304.1679443904114
1693955031,245,,Aggregated,14.600000,0.100000,1100,2900,3800,4400,5800,6700,7600,8200,9700,11000,13000,34976,254,1100.0,2120.8993083927235,15.018099002190866,12882.303228001547,304.16245425434585
1693955032,245,,Aggregated,14.500000,0.200000,1100,2900,3800,4400,5800,6700,7600,8200,9700,11000,13000,34999,254,1100.0,2124.7979271548584,15.018099002190866,12882.303228001547,304.1555758735964
1693955033,245,,Aggregated,14.500000,0.300000,1100,2900,3800,4400,5800,6800,7600,8300,9700,11000,13000,35015,254,1100.0,2127.5102193724374,15.018099002190866,12882.303228001547,304.1507925174925
1693955034,245,,Aggregated,15.500000,0.300000,1100,2900,3800,4400,5800,6800,7600,8300,9800,11000,13000,35036,255,1100.0,2130.902822115393,15.018099002190866,12882.303228001547,304.1853236670853
1693955035,245,,Aggregated,16.100000,0.300000,1100,2900,3900,4400,5800,6800,7700,8300,9800,11000,13000,35059,258,1100.0,2134.5238413229386,15.018099002190866,12882.303228001547,304.3007786873556
1693955036,245,,Aggregated,16.100000,0.400000,1100,2900,3900,4400,5800,6800,7700,8300,9800,11000,13000,35080,258,1100.0,2137.5668914759094,15.018099002190866,12882.303228001547,304.29449828962373
1693955037,245,,Aggregated,16.500000,0.500000,1100,2900,3900,4500,5800,6800,7700,8300,9800,11000,13000,35100,258,1100.0,2140.06400972202,15.018099002190866,12882.303228001547,304.28846153846155
1693955038,245,,Aggregated,17.200000,0.700000,1100,2900,3900,4500,5900,6800,7700,8300,9800,11000,13000,35122,258,1100.0,2142.8403953673737,15.018099002190866,12882.303228001547,304.28190308069014
1693955039,245,,Aggregated,17.600000,0.700000,1200,2900,3900,4500,5900,6800,7700,8300,9800,11000,13000,35141,258,1200.0,2144.9152051439596,15.018099002190866,12882.303228001547,304.27623004467716
1693955040,245,,Aggregated,18.200000,0.600000,1200,2900,3900,4500,5900,6800,7700,8300,9800,11000,13000,35152,258,1200.0,2146.029298374314,15.018099002190866,12882.303228001547,304.2729858898498
1693955041,245,,Aggregated,18.800000,0.600000,1200,2900,3900,4500,5900,6800,7700,8300,9800,11000,13000,35164,259,1200.0,2147.243595635106,15.018099002190866,12882.303228001547,304.3100898646343
1693955042,245,,Aggregated,18.900000,0.500000,1200,2900,3900,4500,5900,6800,7700,8300,9800,11000,13000,35183,259,1200.0,2149.290278925216,15.018099002190866,12882.303228001547,304.30449364750024
1693955043,245,,Aggregated,18.300000,0.400000,1200,3000,3900,4500,5900,6800,7700,8300,9800,11000,13000,35195,260,1200.0,2150.683110080946,15.018099002190866,12882.303228001547,304.3414689586589
1693955044,245,,Aggregated,17.900000,0.500000,1200,3000,3900,4500,5900,6800,7700,8300,9800,11000,13000,35208,260,1200.0,2152.195700146298,15.018099002190866,12882.303228001547,304.33756532606225
1693955045,245,,Aggregated,17.400000,0.500000,1200,3000,3900,4500,5900,6800,7700,8300,9800,11000,13000,35217,260,1200.0,2153.4246137203017,15.018099002190866,12882.303228001547,304.33489507908115
1693955046,245,,Aggregated,16.800000,0.500000,1200,3000,3900,4500,5900,6800,7700,8300,9800,11000,13000,35234,260,1200.0,2155.819098190153,15.018099002190866,12882.303228001547,304.3297667026168
1693955047,245,,Aggregated,15.800000,0.400000,1200,3000,3900,4500,5900,6800,7700,8300,9800,11000,13000,35252,261,1200.0,2158.3814439190073,15.018099002190866,12882.303228001547,304.364943832974
1693955048,245,,Aggregated,14.900000,0.200000,1200,3000,3900,4500,5900,6800,7700,8300,9800,11000,13000,35268,261,1200.0,2160.6554889332497,15.018099002190866,12882.303228001547,304.36012816150617
1693955050,245,,Aggregated,14.200000,0.300000,1200,3000,3900,4500,5900,6800,7700,8300,9800,11000,13000,35289,262,1200.0,2163.4834230398105,15.018099002190866,12882.303228001547,304.39428717163986
1693955051,245,,Aggregated,13.700000,0.300000,1200,3000,3900,4500,5900,6800,7700,8300,9800,11000,13000,35309,262,1200.0,2166.4306551413483,15.018099002190866,12882.303228001547,304.3882013084483
1693955052,245,,Aggregated,14.300000,0.400000,1200,3000,3900,4500,5900,6800,7700,8300,9800,11000,13000,35327,262,1200.0,2169.187385334867,15.018099002190866,12882.303228001547,304.3827950292977
1693955053,245,,Aggregated,15.000000,0.400000,1200,3000,3900,4500,5900,6800,7700,8300,9800,11000,13000,35347,264,1200.0,2172.1789605415684,15.018099002190866,12882.303228001547,304.4577474750332
1693955054,245,,Aggregated,15.000000,0.400000,1200,3000,3900,4500,5900,6800,7700,8400,9900,11000,13000,35357,264,1200.0,2173.629497496559,15.018099002190866,12882.303228001547,304.454733150437
1693955055,245,,Aggregated,15.900000,0.500000,1200,3000,3900,4500,5900,6800,7700,8400,9900,11000,13000,35376,264,1200.0,2176.6856567709706,15.018099002190866,12882.303228001547,304.4490897783808
1693955056,245,,Aggregated,15.900000,0.400000,1200,3000,3900,4500,6000,6900,7800,8400,9900,11000,13000,35389,264,1200.0,2178.716761922344,15.018099002190866,12882.303228001547,304.4452230919212
1693955057,245,,Aggregated,16.500000,0.400000,1200,3000,3900,4500,6000,6900,7800,8400,9900,11000,13000,35413,264,1200.0,2182.1079380185474,15.018099002190866,12882.303228001547,304.4379465168159
1693955058,245,,Aggregated,16.700000,0.400000,1200,3000,3900,4500,6000,6900,7800,8400,9900,11000,13000,35435,264,1200.0,2184.8237074653825,15.018099002190866,12882.303228001547,304.43132496119654
1693955059,245,,Aggregated,16.800000,0.400000,1200,3000,3900,4600,6000,6900,7800,8400,9900,11000,13000,35452,264,1200.0,2187.101349450237,15.018099002190866,12882.303228001547,304.42621008687803
1693955060,245,,Aggregated,16.800000,0.300000,1200,3000,3900,4600,6000,6900,7800,8400,9900,11000,13000,35470,264,1200.0,2189.4979599826565,15.018099002190866,12882.303228001547,304.42083450803494
1693955061,245,,Aggregated,17.300000,0.300000,1200,3000,3900,4600,6000,6900,7800,8400,9900,11000,13000,35480,264,1200.0,2190.6726175109025,15.018099002190866,12882.303228001547,304.4177846674183
1693955062,245,,Aggregated,17.200000,0.200000,1200,3000,4000,4600,6000,6900,7800,8400,9900,11000,13000,35490,264,1200.0,2192.142193856095,15.018099002190866,12882.303228001547,304.41479289940827
1693955063,245,,Aggregated,17.100000,0.200000,1200,3000,4000,4600,6000,6900,7800,8400,10000,11000,13000,35499,264,1200.0,2193.5131579173444,15.018099002190866,12882.303228001547,304.4120679455759
1693955064,245,,Aggregated,15.800000,0.200000,1200,3000,4000,4600,6000,6900,7800,8400,10000,11000,13000,35513,265,1200.0,2195.611338566379,15.018099002190866,12882.303228001547,304.4482302255512
1693955065,245,,Aggregated,14.700000,0.000000,1200,3000,4000,4600,6000,6900,7800,8400,10000,11000,13000,35523,265,1200.0,2197.297645706411,15.018099002190866,12882.303228001547,304.4452045153844
1693955066,245,,Aggregated,14.900000,0.000000,1200,3000,4000,4600,6000,6900,7800,8400,10000,11000,13000,35543,265,1200.0,2200.488219003231,15.018099002190866,12882.303228001547,304.4391582027403
1693955067,245,,Aggregated,14.100000,0.100000,1200,3000,4000,4600,6000,6900,7800,8400,10000,11000,13000,35560,266,1200.0,2203.133219824912,15.018099002190866,12882.303228001547,304.4742688413948
1693955068,245,,Aggregated,14.300000,0.100000,1200,3000,4000,4600,6000,6900,7800,8400,10000,11000,13000,35577,267,1200.0,2205.7105897624833,15.018099002190866,12882.303228001547,304.5093740337859
1693955069,245,,Aggregated,14.200000,0.200000,1200,3000,4000,4600,6000,6900,7900,8400,10000,11000,13000,35604,267,1200.0,2210.075536002102,15.018099002190866,12882.303228001547,304.50123581620045
1693955070,245,,Aggregated,14.000000,0.200000,1200,3000,4000,4600,6000,6900,7900,8500,10000,11000,13000,35624,267,1200.0,2213.421570343303,15.018099002190866,12882.303228001547,304.4952560071862
1693955071,245,,Aggregated,13.800000,0.300000,1200,3100,4000,4600,6000,7000,7900,8500,10000,11000,13000,35643,267,1200.0,2216.5935304249037,15.018099002190866,12882.303228001547,304.48957719608336
1693955073,245,,Aggregated,14.600000,0.300000,1200,3100,4000,4600,6000,7000,7900,8500,10000,11000,13000,35680,268,1200.0,2222.245813223257,15.018099002190866,12882.303228001547,304.518581838565
1693955074,245,,Aggregated,16.000000,0.300000,1200,3100,4000,4600,6100,7000,7900,8500,10000,11000,13000,35700,268,1200.0,2224.6801686426284,15.018099002190866,12882.303228001547,304.51254901960783
1693955075,245,,Aggregated,18.300000,0.400000,1200,3100,4000,4600,6100,7000,7900,8500,10000,11000,13000,35723,269,1200.0,2226.93090193158,15.018099002190866,12882.303228001547,304.54569884948074
1693955076,245,,Aggregated,19.100000,0.400000,1200,3100,4000,4600,6100,7000,7900,8500,10000,11000,13000,35743,269,1200.0,2228.701374645912,15.018099002190866,12882.303228001547,304.5395741823574
1693955077,245,,Aggregated,20.200000,0.400000,1200,3100,4000,4600,6100,7000,7900,8500,10000,11000,13000,35756,269,1200.0,2229.8381352453816,15.018099002190866,12882.303228001547,304.53568631838016
1693955078,245,,Aggregated,21.000000,0.400000,1200,3100,4000,4600,6100,7000,7900,8500,10000,11000,13000,35777,270,1200.0,2231.6965223932934,15.018099002190866,12882.303228001547,304.5693881544009
1693955079,245,,Aggregated,20.700000,0.300000,1200,3100,4000,4700,6100,7000,7900,8500,10000,11000,13000,35792,270,1200.0,2233.0668107751967,15.018099002190866,12882.303228001547,304.56490277156905
1693955080,245,,Aggregated,20.900000,0.400000,1200,3100,4000,4700,6100,7000,7900,8500,10000,11000,13000,35809,272,1200.0,2234.7096344713295,15.018099002190866,12882.303228001547,304.63967159094085
1693955081,245,,Aggregated,20.900000,0.300000,1200,3100,4000,4700,6100,7000,7900,8500,10000,11000,13000,35827,272,1200.0,2236.4919883600037,15.018099002190866,12882.303228001547,304.6341865073827
1693955082,245,,Aggregated,19.600000,0.500000,1300,3100,4000,4700,6100,7000,7900,8500,10000,11000,13000,35843,273,1300.0,2237.9059877133855,15.018099002190866,12882.303228001547,304.66927991518565
1693955083,245,,Aggregated,19.700000,0.500000,1300,3100,4000,4700,6100,7000,7900,8500,10000,11000,13000,35858,273,1300.0,2239.352246222346,15.018099002190866,12882.303228001547,304.66476100172906
1693955084,245,,Aggregated,19.400000,0.500000,1300,3100,4000,4700,6100,7000,7900,8500,10000,11000,13000,35869,273,1300.0,2240.597303764584,15.018099002190866,12882.303228001547,304.66132314812234
1693955085,245,,Aggregated,17.600000,0.500000,1300,3100,4000,4700,6100,7000,7900,8500,10000,11000,13000,35878,274,1300.0,2241.4833079023874,15.018099002190866,12882.303228001547,304.6985060482747
1693955086,245,,Aggregated,16.500000,0.500000,1300,3100,4000,4700,6100,7000,7900,8500,10000,11000,13000,35899,277,1300.0,2243.8816498504366,15.018099002190866,12882.303228001547,304.81166606312155
1693955087,250,,Aggregated,15.800000,0.400000,1300,3100,4000,4700,6100,7000,7900,8500,10000,11000,13000,35910,277,1300.0,2245.318794619099,15.018099002190866,12882.303228001547,304.80832637148427
1693955088,250,,Aggregated,14.600000,0.600000,1300,3100,4000,4700,6100,7000,7900,8500,10000,11000,13000,35919,277,1300.0,2246.4812218011875,15.018099002190866,12882.303228001547,304.80556251566026
1693955089,250,,Aggregated,14.700000,0.800000,1300,3100,4100,4700,6100,7000,7900,8500,10000,11000,13000,35934,277,1300.0,2248.5058191228327,15.018099002190866,12882.303228001547,304.8010240997384
1693955090,250,,Aggregated,14.100000,0.700000,1300,3100,4100,4700,6100,7000,7900,8500,10000,11000,13000,35950,277,1300.0,2250.9199066225274,15.018099002190866,12882.303228001547,304.7961613351878
1693955091,250,,Aggregated,13.500000,0.700000,1300,3100,4100,4700,6100,7000,7900,8500,10000,11000,13000,35967,277,1300.0,2253.596826775539,15.018099002190866,12882.303228001547,304.7908916506798
1693955092,250,,Aggregated,13.900000,0.500000,1300,3100,4100,4700,6100,7000,7900,8500,10000,11000,13000,35987,279,1300.0,2256.7724271690554,15.018099002190866,12882.303228001547,304.86425653708284
1693955094,250,,Aggregated,13.200000,0.500000,1300,3100,4100,4700,6100,7000,8000,8500,10000,11000,13000,36003,279,1300.0,2259.5898207224895,15.018099002190866,12882.303228001547,304.8594006055051
1693955095,250,,Aggregated,13.600000,0.600000,1300,3100,4100,4700,6100,7000,8000,8500,10000,11000,13000,36023,280,1300.0,2262.9638943110167,15.018099002190866,12882.303228001547,304.89290175721067
1693955096,250,,Aggregated,13.600000,0.600000,1300,3100,4100,4700,6100,7000,8000,8600,10000,11000,13000,36040,280,1300.0,2265.9490605458586,15.018099002190866,12882.303228001547,304.8876526082131
1693955097,250,,Aggregated,14.500000,0.700000,1300,3100,4100,4700,6100,7100,8000,8600,10000,11000,13000,36064,280,1300.0,2270.275902577299,15.018099002190866,12882.303228001547,304.8803238686779
1693955098,250,,Aggregated,15.500000,0.500000,1300,3100,4100,4700,6100,7100,8000,8600,10000,12000,13000,36089,281,1300.0,2274.0732565857948,15.018099002190866,12882.303228001547,304.9120784726648
1693955099,250,,Aggregated,16.200000,0.300000,1300,3100,4100,4700,6200,7100,8000,8600,10000,12000,13000,36111,283,1300.0,2277.317789677377,15.018099002190866,12882.303228001547,304.98454764476196
1693955100,250,,Aggregated,17.200000,0.400000,1300,3100,4100,4800,6200,7100,8000,8600,10000,12000,13000,36131,283,1300.0,2280.15270323428,15.018099002190866,12882.303228001547,304.9782735047466
1693955101,250,,Aggregated,18.200000,0.600000,1300,3200,4100,4800,6200,7100,8100,8700,10000,12000,13000,36157,284,1300.0,2283.603851077047,15.018099002190866,12882.303228001547,305.00984594960863
1693955102,250,,Aggregated,18.700000,0.600000,1300,3200,4100,4800,6200,7100,8100,8700,10000,12000,13000,36169,284,1300.0,2284.8160815517645,15.018099002190866,12882.303228001547,305.0061931488291
1693955103,250,,Aggregated,19.800000,0.600000,1300,3200,4100,4800,6200,7100,8100,8700,10000,12000,13000,36191,284,1300.0,2287.33438198546,15.018099002190866,12882.303228001547,304.9994197452405
1693955104,250,,Aggregated,19.200000,0.700000,1300,3200,4100,4800,6200,7100,8100,8700,10000,12000,13000,36206,284,1300.0,2288.516322779451,15.018099002190866,12882.303228001547,304.99486272993425
1693955105,250,,Aggregated,19.500000,0.500000,1300,3200,4100,4800,6200,7100,8100,8700,10000,12000,13000,36218,284,1300.0,2289.6217875739353,15.018099002190866,12882.303228001547,304.9911922248606
1693955106,250,,Aggregated,19.700000,0.500000,1300,3200,4100,4800,6200,7100,8100,8700,10000,12000,13000,36233,285,1300.0,2290.894791747656,15.018099002190866,12882.303228001547,305.0259983992493
1693955107,250,,Aggregated,19.500000,0.400000,1300,3200,4100,4800,6200,7100,8100,8700,10000,12000,13000,36248,286,1300.0,2292.2771455690745,15.018099002190866,12882.303228001547,305.0607481792099
1693955108,250,,Aggregated,18.400000,0.400000,1300,3200,4100,4800,6200,7100,8100,8700,10000,12000,13000,36259,286,1300.0,2293.460787696567,15.018099002190866,12882.303228001547,305.05739264734274
1693955109,250,,Aggregated,17.700000,0.600000,1300,3200,4100,4800,6200,7100,8100,8700,10000,12000,13000,36270,286,1300.0,2294.7592200606787,15.018099002190866,12882.303228001547,305.0539012958368
1693955110,250,,Aggregated,16.900000,0.500000,1300,3200,4100,4800,6200,7100,8100,8700,10000,12000,13000,36278,286,1300.0,2295.6684795979613,15.018099002190866,12882.303228001547,305.05146369700645
1693955111,250,,Aggregated,16.000000,0.300000,1300,3200,4100,4800,6200,7100,8100,8700,10000,12000,13000,36294,287,1300.0,2297.7489664798813,15.018099002190866,12882.303228001547,305.08590951672454
1693955112,250,,Aggregated,14.700000,0.300000,1300,3200,4100,4800,6200,7100,8100,8700,10000,12000,13000,36308,287,1300.0,2299.7745264494547,15.018099002190866,12882.303228001547,305.0814696485623
1693955113,250,,Aggregated,13.400000,0.300000,1300,3200,4200,4800,6200,7100,8100,8700,10000,12000,13000,36328,287,1300.0,2302.7596474811116,15.018099002190866,12882.303228001547,305.07528628055496
1693955114,250,,Aggregated,13.600000,0.300000,1300,3200,4200,4800,6200,7100,8100,8700,10000,12000,13000,36348,288,1300.0,2306.0352808274956,15.018099002190866,12882.303228001547,305.1084516342027
1693955115,250,,Aggregated,13.200000,0.300000,1300,3200,4200,4800,6200,7100,8100,8700,10000,12000,13000,36363,290,1300.0,2308.2665291673075,15.018099002190866,12882.303228001547,305.18243819266837
1693955117,250,,Aggregated,13.000000,0.300000,1300,3200,4200,4800,6200,7100,8100,8700,10000,12000,13000,36377,290,1300.0,2310.789014962333,15.018099002190866,12882.303228001547,305.1780520658658
1693955118,250,,Aggregated,13.900000,0.600000,1300,3200,4200,4800,6200,7200,8100,8700,10000,12000,13000,36401,290,1300.0,2314.9646112784776,15.018099002190866,12882.303228001547,305.17051729348094
1693955119,250,,Aggregated,13.700000,0.400000,1300,3200,4200,4800,6200,7200,8100,8800,10000,12000,13000,36421,290,1300.0,2318.5248786950883,15.018099002190866,12882.303228001547,305.1642459020895
1693955120,250,,Aggregated,14.700000,0.400000,1300,3200,4200,4800,6200,7200,8200,8800,10000,12000,13000,36440,290,1300.0,2321.692643485779,15.018099002190866,12882.303228001547,305.1582875960483
1693955121,250,,Aggregated,15.200000,0.400000,1300,3200,4200,4800,6200,7200,8200,8800,10000,12000,13000,36457,290,1300.0,2324.607246773563,15.018099002190866,12882.303228001547,305.153029596511
1693955122,250,,Aggregated,16.200000,0.400000,1300,3200,4200,4800,6300,7200,8200,8800,10000,12000,13000,36479,290,1300.0,2328.17845769697,15.018099002190866,12882.303228001547,305.1460840483566
1693955123,250,,Aggregated,17.000000,0.400000,1300,3200,4200,4900,6300,7200,8200,8800,10000,12000,13000,36495,290,1300.0,2330.6357101777985,15.018099002190866,12882.303228001547,305.1411152212632
1693955124,250,,Aggregated,17.800000,0.300000,1400,3200,4200,4900,6300,7200,8200,8800,10000,12000,13000,36518,291,1400.0,2334.3896757566886,15.018099002190866,12882.303228001547,305.1731474889096
1693955125,250,,Aggregated,17.700000,0.300000,1400,3200,4200,4900,6300,7200,8200,8800,10000,12000,13000,36535,292,1400.0,2337.0475570147187,15.018099002190866,12882.303228001547,305.2069796085945
1693955126,250,,Aggregated,18.000000,0.400000,1400,3200,4200,4900,6300,7200,8200,8900,10000,12000,13000,36553,292,1400.0,2339.308344803648,15.018099002190866,12882.303228001547,305.20137881979593
1693955127,250,,Aggregated,17.400000,0.400000,1400,3200,4200,4900,6300,7200,8200,8900,10000,12000,13000,36571,292,1400.0,2341.857049659914,15.018099002190866,12882.303228001547,305.1957835443384
1693955128,250,,Aggregated,18.000000,0.200000,1400,3200,4200,4900,6300,7200,8200,8900,10000,12000,13000,36591,292,1400.0,2344.2866404624547,15.018099002190866,12882.303228001547,305.1894728211855
1693955129,250,,Aggregated,18.800000,0.200000,1400,3200,4200,4900,6300,7200,8200,8900,10000,12000,13000,36605,293,1400.0,2346.2293478947863,15.018099002190866,12882.303228001547,305.2241497063243
1693955130,250,,Aggregated,18.000000,0.200000,1400,3200,4200,4900,6300,7200,8200,8900,10000,12000,13000,36611,293,1400.0,2347.1356676451246,15.018099002190866,12882.303228001547,305.22228292043377
1693955131,250,,Aggregated,17.900000,0.200000,1400,3200,4200,4900,6300,7200,8200,8900,10000,12000,13000,36630,293,1400.0,2349.4238013835834,15.018099002190866,12882.303228001547,305.2162981162981
1693955132,250,,Aggregated,17.100000,0.300000,1400,3300,4200,4900,6300,7300,8200,8900,10000,12000,13000,36646,293,1400.0,2351.849575938592,15.018099002190866,12882.303228001547,305.21131910713314
1693955133,250,,Aggregated,16.100000,0.300000,1400,3300,4200,4900,6300,7300,8200,8900,10000,12000,13000,36661,293,1400.0,2353.602621168343,15.018099002190866,12882.303228001547,305.2066501186547
1693955134,250,,Aggregated,16.100000,0.300000,1400,3300,4200,4900,6300,7300,8200,8900,10000,12000,13000,36674,293,1400.0,2355.430495707439,15.018099002190866,12882.303228001547,305.20256857719363
1693955135,250,,Aggregated,15.700000,0.300000,1400,3300,4200,4900,6300,7300,8200,8900,10000,12000,13000,36705,293,1400.0,2359.628544563374,15.018099002190866,12882.303228001547,305.1929437406348
1693955136,250,,Aggregated,15.400000,0.200000,1400,3300,4300,4900,6300,7300,8200,8900,10000,12000,13000,36729,293,1400.0,2362.5206377721056,15.018099002190866,12882.303228001547,305.1855209779738
1693955138,250,,Aggregated,15.400000,0.100000,1400,3300,4300,4900,6300,7300,8300,8900,10000,12000,13000,36749,293,1400.0,2364.837923069354,15.018099002190866,12882.303228001547,305.1792157609731
1693955139,250,,Aggregated,16.400000,0.100000,1400,3300,4300,4900,6300,7300,8300,8900,10000,12000,13000,36771,293,1400.0,2366.947644623852,15.018099002190866,12882.303228001547,305.17244567730006
1693955140,250,,Aggregated,16.900000,0.100000,1400,3300,4300,4900,6300,7300,8300,8900,10000,12000,13000,36798,293,1400.0,2369.658265099452,15.018099002190866,12882.303228001547,305.16408500461984
1693955141,250,,Aggregated,17.400000,0.100000,1400,3300,4300,4900,6300,7300,8300,8900,10000,12000,13000,36814,293,1400.0,2371.300361799441,15.018099002190866,12882.303228001547,305.1590699190525
1693955142,250,,Aggregated,18.900000,0.000000,1400,3300,4300,4900,6300,7300,8300,8900,10000,12000,13000,36829,293,1400.0,2372.793773583524,15.018099002190866,12882.303228001547,305.1544163566754
1693955143,250,,Aggregated,19.500000,0.000000,1400,3300,4300,5000,6300,7300,8300,8900,10000,12000,13000,36848,293,1400.0,2374.4002713986806,15.018099002190866,12882.303228001547,305.1483391228832
1693955144,250,,Aggregated,18.700000,0.000000,1400,3300,4300,5000,6300,7300,8300,8900,10000,12000,13000,36867,293,1400.0,2376.0780530192465,15.018099002190866,12882.303228001547,305.14251227384926
1693955145,250,,Aggregated,19.700000,0.000000,1400,3300,4300,5000,6300,7300,8300,8900,10000,12000,13000,36885,293,1400.0,2377.5900095883576,15.018099002190866,12882.303228001547,305.13702046902534
1693955146,250,,Aggregated,19.700000,0.000000,1400,3300,4300,5000,6300,7300,8300,8900,10000,12000,13000,36903,294,1400.0,2378.97296305058,15.018099002190866,12882.303228001547,305.17031135680025
1693955147,255,,Aggregated,20.000000,0.000000,1400,3300,4300,5000,6300,7300,8300,8900,10000,12000,13000,36913,294,1400.0,2379.9232567460936,15.018099002190866,12882.303228001547,305.1671226939019
1693955148,255,,Aggregated,19.000000,0.100000,1400,3300,4300,5000,6300,7300,8300,8900,10000,12000,13000,36929,294,1400.0,2381.4650897559245,15.018099002190866,12882.303228001547,305.162230225568
1693955149,255,,Aggregated,18.100000,0.100000,1400,3300,4300,5000,6300,7300,8300,8900,10000,12000,13000,36940,294,1400.0,2382.514480133474,15.018099002190866,12882.303228001547,305.158852192745
1693955150,255,,Aggregated,17.300000,0.100000,1400,3300,4300,5000,6300,7300,8300,8900,10000,12000,13000,36950,294,1400.0,2383.567544801827,15.018099002190866,12882.303228001547,305.1557239512855
1693955151,255,,Aggregated,16.400000,0.100000,1400,3300,4300,5000,6400,7300,8300,8900,10000,12000,13000,36962,294,1400.0,2385.022555507643,15.018099002190866,12882.303228001547,305.15204804934797
1693955152,255,,Aggregated,14.900000,0.100000,1400,3300,4300,5000,6400,7300,8300,8900,10000,12000,13000,36979,295,1400.0,2387.0941562052653,15.018099002190866,12882.303228001547,305.1855647800103
1693955153,255,,Aggregated,14.500000,0.100000,1400,3300,4300,5000,6400,7300,8300,8900,10000,12000,13000,36993,297,1400.0,2388.881511836198,15.018099002190866,12882.303228001547,305.2586164950126
1693955154,255,,Aggregated,14.300000,0.100000,1400,3300,4300,5000,6400,7300,8300,8900,10000,12000,13000,37006,298,1400.0,2390.685451143152,15.018099002190866,12882.303228001547,305.2932767659299
1693955155,255,,Aggregated,13.900000,0.300000,1400,3300,4300,5000,6400,7300,8300,8900,10000,12000,13000,37028,300,1400.0,2393.77236574634,15.018099002190866,12882.303228001547,305.3637247488387
1693955156,255,,Aggregated,13.800000,0.400000,1400,3300,4300,5000,6400,7300,8300,8900,10000,12000,13000,37048,300,1400.0,2396.9025587539,15.018099002190866,12882.303228001547,305.3574012092421
1693955157,255,,Aggregated,13.500000,0.500000,1400,3300,4300,5000,6400,7300,8300,8900,10000,12000,13000,37062,300,1400.0,2399.3022547229903,15.018099002190866,12882.303228001547,305.35284118504126
1693955158,255,,Aggregated,13.300000,0.600000,1400,3300,4300,5000,6400,7300,8300,9000,11000,12000,13000,37076,301,1400.0,2401.832843057921,15.018099002190866,13003.090013000474,305.3870698025677
1693955159,255,,Aggregated,13.900000,0.600000,1400,3300,4300,5000,6400,7300,8300,9000,11000,12000,13000,37097,302,1400.0,2405.631193228926,15.018099002190866,13129.731877001177,305.419063536135
1693955161,255,,Aggregated,14.300000,0.700000,1400,3300,4300,5000,6400,7300,8300,9000,11000,12000,13000,37111,302,1400.0,2407.96081155963,15.018099002190866,13129.731877001177,305.4146748942362
1693955162,255,,Aggregated,14.300000,0.700000,1400,3300,4300,5000,6400,7300,8300,9000,11000,12000,13000,37122,302,1400.0,2409.934827958985,15.018099002190866,13129.731877001177,305.4112655568127
1693955163,255,,Aggregated,15.400000,0.800000,1400,3300,4400,5000,6400,7400,8300,9000,11000,12000,13000,37145,304,1400.0,2413.5467318821215,15.018099002190866,13129.731877001177,305.4811145510836
1693955164,255,,Aggregated,15.600000,0.800000,1400,3300,4400,5000,6400,7400,8400,9000,11000,12000,13000,37161,305,1400.0,2416.122631662856,15.018099002190866,13129.731877001177,305.51451790856004
1693955165,255,,Aggregated,15.600000,0.700000,1400,3300,4400,5000,6400,7400,8400,9000,11000,13000,13000,37181,305,1400.0,2419.4185775673964,15.018099002190866,13129.731877001177,305.50821656222263
1693955166,255,,Aggregated,15.800000,0.800000,1400,3300,4400,5000,6400,7400,8400,9000,11000,13000,13000,37195,305,1400.0,2421.7504054937326,15.018099002190866,13129.731877001177,305.50377738943405
1693955167,255,,Aggregated,16.200000,0.700000,1500,3400,4400,5100,6400,7400,8400,9100,11000,13000,13000,37221,305,1500.0,2426.629299650074,15.018099002190866,13324.216937999154,305.4955535853416
1693955168,255,,Aggregated,15.800000,0.500000,1500,3400,4400,5100,6400,7400,8400,9100,11000,13000,13000,37232,305,1500.0,2428.367993034148,15.018099002190866,13324.216937999154,305.492076708208
1693955169,255,,Aggregated,16.800000,0.500000,1500,3400,4400,5100,6500,7400,8400,9100,11000,13000,13000,37257,306,1500.0,2432.7027697686985,15.018099002190866,13324.216937999154,305.5224521566417
1693955170,255,,Aggregated,16.600000,0.500000,1500,3400,4400,5100,6500,7400,8400,9100,11000,13000,13000,37277,306,1500.0,2435.6511454552247,15.018099002190866,13324.216937999154,305.51610912895353
1693955171,255,,Aggregated,17.000000,0.400000,1500,3400,4400,5100,6500,7400,8400,9100,11000,13000,13000,37290,307,1500.0,2437.38223936893,15.018099002190866,13324.216937999154,305.5503620273532
1693955172,255,,Aggregated,17.000000,0.400000,1500,3400,4400,5100,6500,7400,8400,9100,11000,13000,13000,37308,308,1500.0,2439.921971718624,15.018099002190866,13324.216937999154,305.58301168650155
1693955173,255,,Aggregated,17.200000,0.400000,1500,3400,4400,5100,6500,7400,8500,9100,11000,13000,13000,37336,311,1500.0,2443.9682687477352,15.018099002190866,13324.216937999154,305.6890668523677
1693955174,255,,Aggregated,17.500000,0.500000,1500,3400,4400,5100,6500,7400,8500,9100,11000,13000,13000,37354,311,1500.0,2445.944199403289,15.018099002190866,13324.216937999154,305.68330031589653
1693955175,255,,Aggregated,18.000000,0.700000,1500,3400,4400,5100,6500,7400,8500,9100,11000,13000,13000,37363,312,1500.0,2447.0365427240718,15.018099002190866,13324.216937999154,305.71873243583224
1693955176,255,,Aggregated,18.500000,0.600000,1500,3400,4400,5100,6500,7400,8500,9100,11000,13000,13000,37380,312,1500.0,2449.250803336449,15.018099002190866,13324.216937999154,305.713215623328
1693955177,255,,Aggregated,18.100000,0.600000,1500,3400,4400,5100,6500,7400,8500,9100,11000,13000,13000,37398,312,1500.0,2451.38888364002,15.018099002190866,13324.216937999154,305.707524466549
1693955178,255,,Aggregated,17.700000,0.700000,1500,3400,4400,5100,6500,7400,8500,9100,11000,13000,13000,37412,313,1500.0,2453.177673801547,15.018099002190866,13324.216937999154,305.7412862183257
1693955179,255,,Aggregated,16.600000,0.700000,1500,3400,4400,5100,6500,7500,8500,9100,11000,13000,13000,37427,314,1500.0,2454.9978291951124,15.018099002190866,13324.216937999154,305.77476153578965
1693955180,255,,Aggregated,17.100000,0.700000,1500,3400,4400,5100,6500,7500,8500,9100,11000,13000,13000,37440,314,1500.0,2456.7787355913306,15.018099002190866,13324.216937999154,305.7705662393162
1693955182,255,,Aggregated,16.000000,0.800000,1500,3400,4400,5100,6500,7500,8500,9100,11000,13000,13000,37452,314,1500.0,2458.337484763896,15.018099002190866,13324.216937999154,305.7666880273417
1693955183,255,,Aggregated,16.000000,0.800000,1500,3400,4400,5100,6500,7500,8500,9100,11000,13000,13000,37465,314,1500.0,2460.229040849578,15.018099002190866,13324.216937999154,305.76247164019753
1693955184,255,,Aggregated,15.400000,0.700000,1500,3400,4500,5100,6500,7500,8500,9100,11000,13000,13000,37483,315,1500.0,2462.935227319597,15.018099002190866,13324.216937999154,305.79476029133207
1693955185,255,,Aggregated,14.500000,0.400000,1500,3400,4500,5100,6500,7500,8500,9100,11000,13000,13000,37493,315,1500.0,2464.3392475773994,15.018099002190866,13324.216937999154,305.7914544048222
1693955186,255,,Aggregated,14.000000,0.400000,1500,3400,4500,5100,6500,7500,8500,9100,11000,13000,13000,37515,316,1500.0,2467.6784146750483,15.018099002190866,13324.216937999154,305.8225243236039
1693955187,255,,Aggregated,13.500000,0.400000,1500,3400,4500,5100,6500,7500,8500,9100,11000,13000,13000,37534,316,1500.0,2470.743274904631,15.018099002190866,13324.216937999154,305.81653967069855
1693955188,255,,Aggregated,14.600000,0.400000,1500,3400,4500,5100,6500,7500,8500,9200,11000,13000,13000,37557,317,1500.0,2474.5505763906713,15.018099002190866,13324.216937999154,305.84732539872726
1693955189,255,,Aggregated,14.600000,0.400000,1500,3400,4500,5200,6500,7500,8500,9200,11000,13000,13000,37570,318,1500.0,2476.51374369578,15.018099002190866,13324.216937999154,305.8812350279478
1693955190,255,,Aggregated,15.000000,0.400000,1500,3400,4500,5200,6600,7500,8500,9200,11000,13000,13000,37586,318,1500.0,2479.3044223746997,15.018099002190866,13324.216937999154,305.87599106050124
1693955191,255,,Aggregated,15.100000,0.400000,1500,3400,4500,5200,6600,7500,8600,9200,11000,13000,13000,37607,321,1500.0,2482.6057480003583,15.018099002190866,13324.216937999154,305.98330098120033
1693955192,255,,Aggregated,15.200000,0.400000,1500,3400,4500,5200,6600,7500,8600,9200,11000,13000,13000,37624,321,1500.0,2485.473124711527,15.018099002190866,13324.216937999154,305.9777535615564
1693955193,255,,Aggregated,15.400000,0.600000,1500,3400,4500,5200,6600,7500,8600,9200,11000,13000,13000,37638,321,1500.0,2487.8333454112467,15.018099002190866,13324.216937999154,305.973218555715
1693955194,255,,Aggregated,16.500000,0.700000,1500,3400,4500,5200,6600,7500,8600,9200,11000,13000,13000,37657,321,1500.0,2490.803131217689,15.018099002190866,13324.216937999154,305.9670711952625
1693955195,255,,Aggregated,16.800000,0.700000,1500,3400,4500,5200,6600,7600,8600,9300,11000,13000,13000,37671,321,1500.0,2492.7792471713656,15.018099002190866,13324.216937999154,305.962544132091
1693955196,255,,Aggregated,16.500000,0.600000,1500,3400,4500,5200,6600,7600,8600,9300,11000,13000,13000,37688,322,1500.0,2495.4357384794494,15.018099002190866,13324.216937999154,305.99498514115896
1693955197,255,,Aggregated,17.000000,0.600000,1500,3400,4500,5200,6600,7600,8600,9300,11000,13000,13000,37713,323,1500.0,2499.107440622211,15.018099002190866,13324.216937999154,306.0248455439769
1693955198,255,,Aggregated,16.900000,0.500000,1500,3400,4500,5200,6600,7600,8600,9300,11000,13000,13000,37749,323,1500.0,2503.9739480465037,15.018099002190866,13324.216937999154,306.0131659116798
1693955199,255,,Aggregated,16.100000,0.600000,1500,3500,4500,5200,6600,7600,8600,9300,11000,13000,13000,37780,325,1500.0,2507.3359813097004,15.018099002190866,13324.216937999154,306.078798305982
1693955200,255,,Aggregated,16.500000,0.700000,1500,3500,4500,5200,6600,7600,8600,9300,11000,13000,13000,37807,325,1500.0,2509.7148805573433,15.018099002190866,13324.216937999154,306.07001348956544
1693955201,255,,Aggregated,19.500000,0.600000,1500,3500,4500,5200,6600,7600,8600,9300,11000,13000,13000,37833,325,1500.0,2511.8432751734326,15.018099002190866,13324.216937999154,306.0616657415484
1693955202,255,,Aggregated,20.600000,0.700000,1500,3500,4500,5200,6600,7600,8600,9300,11000,13000,13000,37848,325,1500.0,2512.6750390338593,15.018099002190866,13324.216937999154,306.05677975058126
1693955204,255,,Aggregated,21.500000,0.500000,1600,3500,4500,5200,6600,7600,8600,9300,11000,13000,13000,37864,325,1500.0,2513.5404473416834,15.018099002190866,13324.216937999154,306.051579336573
1693955205,255,,Aggregated,21.500000,0.400000,1600,3500,4500,5200,6600,7600,8600,9300,11000,13000,13000,37874,326,1600.0,2514.025935734818,15.018099002190866,13324.216937999154,306.08612768653956
1693955206,255,,Aggregated,21.500000,0.400000,1600,3500,4500,5200,6600,7600,8600,9300,11000,13000,13000,37892,328,1600.0,2515.142336381123,15.018099002190866,13324.216937999154,306.1558112530349
1693955207,255,,Aggregated,21.100000,0.500000,1600,3500,4500,5200,6600,7600,8600,9300,11000,13000,13000,37907,328,1600.0,2516.1740031018944,15.018099002190866,13324.216937999154,306.1509219932994
1693955208,260,,Aggregated,21.100000,0.700000,1600,3500,4500,5200,6600,7600,8600,9300,11000,13000,13000,37918,329,1600.0,2517.008325754009,15.018099002190866,13324.216937999154,306.1850572287568
1693955209,260,,Aggregated,21.400000,0.600000,1600,3500,4600,5200,6600,7600,8600,9300,11000,13000,13000,37929,330,1600.0,2517.844723683817,15.018099002190866,13324.216937999154,306.2190672045137
1693955210,260,,Aggregated,19.700000,0.500000,1600,3500,4600,5200,6600,7600,8600,9300,11000,13000,13000,37945,330,1600.0,2519.468583241257,15.018099002190866,13324.216937999154,306.21380946106206
1693955211,260,,Aggregated,16.600000,0.700000,1600,3500,4600,5200,6600,7600,8600,9300,11000,13000,13000,37957,330,1600.0,2520.808083902245,15.018099002190866,13324.216937999154,306.2098163711568
1693955212,260,,Aggregated,15.400000,0.500000,1600,3500,4600,5200,6600,7600,8600,9300,11000,13000,13000,37969,331,1600.0,2522.253068153323,15.018099002190866,13324.216937999154,306.24348810872027
1693955213,260,,Aggregated,14.300000,0.500000,1600,3500,4600,5200,6600,7600,8600,9300,11000,13000,13000,37987,332,1600.0,2524.402303962579,15.018099002190866,13324.216937999154,306.2751204359386
1693955214,260,,Aggregated,13.000000,0.600000,1600,3500,4600,5200,6600,7600,8600,9300,11000,13000,13000,37995,332,1600.0,2525.4780091346615,15.018099002190866,13324.216937999154,306.27248322147653
1693955215,260,,Aggregated,13.300000,0.700000,1600,3500,4600,5200,6600,7600,8600,9300,11000,13000,13000,38011,332,1600.0,2527.7284849375574,15.018099002190866,13324.216937999154,306.2671331982847
1693955216,260,,Aggregated,12.600000,0.700000,1600,3500,4600,5200,6600,7600,8600,9300,11000,13000,13000,38024,332,1600.0,2529.5592800659456,15.018099002190866,13324.216937999154,306.2628865979381
1693955217,260,,Aggregated,13.100000,0.600000,1600,3500,4600,5200,6700,7600,8600,9300,11000,13000,13000,38040,333,1600.0,2531.950613724304,15.018099002190866,13324.216937999154,306.2951366982124
1693955218,260,,Aggregated,12.500000,0.400000,1600,3500,4600,5200,6700,7600,8600,9300,11000,13000,13000,38059,333,1600.0,2535.1837851604746,15.018099002190866,13324.216937999154,306.2888410100108
1693955219,260,,Aggregated,12.500000,0.500000,1600,3500,4600,5200,6700,7600,8700,9300,11000,13000,13000,38080,333,1600.0,2538.738354615953,15.018099002190866,13324.216937999154,306.28203781512605
1693955220,260,,Aggregated,13.600000,0.500000,1600,3500,4600,5200,6700,7600,8700,9300,11000,13000,13000,38095,336,1600.0,2541.026565960166,15.018099002190866,13324.216937999154,306.3897099356871
1693955221,260,,Aggregated,14.300000,0.300000,1600,3500,4600,5300,6700,7600,8700,9300,11000,13000,13000,38116,336,1600.0,2544.57501166194,15.018099002190866,13324.216937999154,306.3827001784028
1693955222,260,,Aggregated,14.400000,0.400000,1600,3500,4600,5300,6700,7700,8700,9300,11000,13000,13000,38137,337,1600.0,2547.8891776861456,15.018099002190866,13324.216937999154,306.41324697800036
1693955223,260,,Aggregated,14.800000,0.600000,1600,3500,4600,5300,6700,7700,8700,9400,11000,13000,13000,38164,337,1600.0,2552.6221135577644,15.018099002190866,13324.216937999154,306.40441253537364
1693955224,260,,Aggregated,15.500000,0.600000,1600,3500,4600,5300,6700,7700,8700,9400,11000,13000,14000,38182,338,1600.0,2555.727369084662,15.018099002190866,14127.498071000446,306.4359645906448
1693955226,260,,Aggregated,17.500000,0.500000,1600,3500,4600,5300,6700,7700,8800,9400,11000,13000,14000,38198,339,1600.0,2558.2664570049883,15.018099002190866,14127.498071000446,306.46808733441543
1693955227,260,,Aggregated,17.800000,0.600000,1600,3500,4600,5300,6700,7700,8800,9400,11000,13000,14000,38215,339,1600.0,2560.9779790726293,15.018099002190866,14127.498071000446,306.46238388067513
1693955228,260,,Aggregated,18.000000,0.700000,1600,3500,4600,5300,6700,7700,8800,9400,11000,13000,14000,38236,339,1600.0,2564.088722034955,15.018099002190866,14127.498071000446,306.45535620880844
1693955229,260,,Aggregated,18.400000,0.600000,1600,3500,4600,5300,6700,7700,8800,9400,11000,13000,14000,38254,339,1600.0,2566.5786910815486,15.018099002190866,14127.498071000446,306.4493124901971
1693955230,260,,Aggregated,18.500000,0.600000,1600,3500,4600,5300,6700,7700,8800,9400,11000,13000,14000,38266,339,1600.0,2568.1605067827727,15.018099002190866,14127.498071000446,306.44538232373384
1693955231,260,,Aggregated,18.200000,0.600000,1600,3500,4600,5300,6700,7700,8800,9400,11000,13000,14000,38280,339,1600.0,2570.1468783171777,15.018099002190866,14127.498071000446,306.44075235109716
1693955232,260,,Aggregated,18.100000,0.500000,1600,3500,4700,5300,6700,7700,8800,9400,11000,13000,14000,38300,339,1600.0,2572.715283534897,15.018099002190866,14127.498071000446,306.43412532637075
1693955233,260,,Aggregated,17.800000,0.300000,1600,3500,4700,5300,6700,7700,8800,9400,11000,13000,14000,38317,339,1600.0,2574.981137280412,15.018099002190866,14127.498071000446,306.4285565153848
1693955234,260,,Aggregated,17.500000,0.200000,1600,3600,4700,5300,6700,7700,8800,9400,11000,13000,14000,38327,340,1600.0,2576.328404843545,15.018099002190866,14127.498071000446,306.4626242596603
1693955235,260,,Aggregated,17.200000,0.200000,1600,3600,4700,5300,6700,7700,8800,9400,11000,13000,14000,38338,340,1600.0,2577.7997878961487,15.018099002190866,14127.498071000446,306.45891804475974
1693955236,260,,Aggregated,15.700000,0.200000,1600,3600,4700,5300,6800,7700,8800,9400,11000,13000,14000,38358,340,1600.0,2580.501431544672,15.018099002190866,14127.498071000446,306.45234370926534
1693955237,260,,Aggregated,15.200000,0.200000,1600,3600,4700,5300,6800,7700,8800,9400,11000,13000,14000,38380,340,1600.0,2583.7759901788827,15.018099002190866,14127.498071000446,306.44515372589893
1693955238,260,,Aggregated,15.100000,0.100000,1600,3600,4700,5300,6800,7800,8800,9400,11000,13000,14000,38398,340,1600.0,2586.3550304029773,15.018099002190866,14127.498071000446,306.4391634980989
1693955239,260,,Aggregated,15.400000,0.100000,1600,3600,4700,5300,6800,7800,8800,9400,11000,13000,14000,38414,341,1600.0,2588.4867479993363,15.018099002190866,14127.498071000446,306.4710522205446
1693955240,260,,Aggregated,15.500000,0.100000,1600,3600,4700,5300,6800,7800,8800,9400,11000,13000,14000,38440,341,1600.0,2591.8304001878914,15.018099002190866,14127.498071000446,306.4624349635796
1693955241,260,,Aggregated,15.400000,0.100000,1600,3600,4700,5300,6800,7800,8800,9400,11000,13000,14000,38462,341,1600.0,2594.688898625307,15.018099002190866,14127.498071000446,306.4551765378815
1693955242,260,,Aggregated,16.000000,0.200000,1600,3600,4700,5300,6800,7800,8800,9400,11000,13000,14000,38475,341,1600.0,2596.2742956692805,15.018099002190866,14127.498071000446,306.4508382066277
1693955243,260,,Aggregated,16.800000,0.200000,1600,3600,4700,5300,6800,7800,8800,9400,11000,13000,14000,38489,341,1600.0,2598.1087126701022,15.018099002190866,14127.498071000446,306.4462054093377
1693955244,260,,Aggregated,17.100000,0.200000,1600,3600,4700,5400,6800,7800,8800,9400,11000,13000,14000,38502,341,1600.0,2599.803749395553,15.018099002190866,14127.498071000446,306.44197704015374
1693955245,260,,Aggregated,16.600000,0.200000,1600,3600,4700,5400,6800,7800,8800,9400,11000,13000,14000,38516,341,1600.0,2601.6201451310003,15.018099002190866,14127.498071000446,306.43737667462875
1693955247,260,,Aggregated,16.800000,0.200000,1600,3600,4700,5400,6800,7800,8800,9400,11000,13000,14000,38536,341,1600.0,2603.9899852654567,15.018099002190866,14127.498071000446,306.4307400871912
1693955248,260,,Aggregated,16.800000,0.100000,1700,3600,4700,5400,6800,7800,8800,9400,11000,13000,14000,38553,341,1700.0,2606.1540474572566,15.018099002190866,14127.498071000446,306.4251809197728
1693955249,260,,Aggregated,16.900000,0.100000,1700,3600,4700,5400,6800,7800,8800,9400,11000,13000,14000,38567,341,1700.0,2607.9863029156954,15.018099002190866,14127.498071000446,306.42061866362434
1693955250,260,,Aggregated,16.300000,0.100000,1700,3600,4700,5400,6800,7800,8800,9400,11000,13000,14000,38586,341,1700.0,2610.5493993334535,15.018099002190866,14127.498071000446,306.41447675322655
1693955251,260,,Aggregated,16.000000,0.100000,1700,3600,4700,5400,6800,7800,8900,9400,11000,13000,14000,38599,341,1700.0,2612.1803946520286,15.018099002190866,14127.498071000446,306.4101401590715
1693955252,260,,Aggregated,15.900000,0.000000,1700,3600,4700,5400,6800,7800,8900,9400,11000,13000,14000,38622,342,1700.0,2615.477762655058,15.018099002190866,14127.498071000446,306.4396716897105
1693955253,260,,Aggregated,14.900000,0.000000,1700,3600,4700,5400,6800,7800,8900,9500,11000,13000,14000,38634,342,1700.0,2617.1729210702133,15.018099002190866,14127.498071000446,306.4357560697831
1693955254,260,,Aggregated,15.200000,0.100000,1700,3600,4800,5400,6800,7800,8900,9500,11000,13000,14000,38648,342,1700.0,2619.2704599202452,15.018099002190866,14127.498071000446,306.4311736700476
1693955255,260,,Aggregated,15.300000,0.100000,1700,3600,4800,5400,6800,7800,8900,9500,11000,13000,14000,38657,342,1700.0,2620.479494104525,15.018099002190866,14127.498071000446,306.4282277465918
1693955256,260,,Aggregated,15.100000,0.100000,1700,3600,4800,5400,6800,7800,8900,9500,11000,13000,14000,38672,344,1700.0,2622.4380159708735,15.018099002190866,14127.498071000446,306.4972848572611
1693955257,260,,Aggregated,15.100000,0.100000,1700,3600,4800,5400,6800,7800,8900,9500,11000,13000,14000,38690,344,1700.0,2625.30394104977,15.018099002190866,14127.498071000446,306.4913672783665
1693955258,260,,Aggregated,15.000000,0.300000,1700,3600,4800,5400,6800,7800,8900,9500,11000,13000,14000,38707,344,1700.0,2627.9717176844133,15.018099002190866,14127.498071000446,306.48588110677656
1693955259,260,,Aggregated,14.500000,0.300000,1700,3600,4800,5400,6900,7900,8900,9500,11000,13000,14000,38724,344,1700.0,2630.7707784423515,15.018099002190866,14127.498071000446,306.4803222807561
1693955260,260,,Aggregated,14.900000,0.300000,1700,3600,4800,5400,6900,7900,8900,9500,11000,13000,14000,38749,348,1700.0,2635.0714350175385,15.018099002190866,14127.498071000446,306.61978373635446
1693955261,260,,Aggregated,15.000000,0.300000,1700,3600,4800,5400,6900,7900,8900,9500,11000,13000,14000,38771,348,1700.0,2638.799328969168,15.018099002190866,14127.498071000446,306.612545459235
1693955262,260,,Aggregated,15.100000,0.400000,1700,3600,4800,5400,6900,7900,8900,9500,11000,13000,14000,38804,348,1700.0,2643.4043416305176,15.018099002190866,14127.498071000446,306.60166477682714
1693955263,260,,Aggregated,15.800000,0.700000,1700,3600,4800,5400,6900,7900,8900,9500,11000,13000,14000,38830,348,1700.0,2646.614824288452,15.018099002190866,14127.498071000446,306.59312387329385
1693955264,260,,Aggregated,16.500000,0.600000,1700,3700,4800,5400,6900,7900,8900,9500,11000,13000,14000,38854,348,1700.0,2648.76324455378,15.018099002190866,14127.498071000446,306.58524218870645
1693955265,260,,Aggregated,17.800000,0.600000,1700,3700,4800,5500,6900,7900,8900,9500,11000,13000,14000,38873,348,1700.0,2650.634696220503,15.018099002190866,14127.498071000446,306.5788336377434
1693955266,260,,Aggregated,19.000000,0.600000,1700,3700,4800,5500,6900,7900,8900,9500,11000,13000,14000,38885,348,1700.0,2651.8187083780026,15.018099002190866,14127.498071000446,306.57490034717756
1693955267,265,,Aggregated,20.600000,0.600000,1700,3700,4800,5500,6900,7900,8900,9500,11000,13000,14000,38896,348,1700.0,2653.1559070536982,15.018099002190866,14127.498071000446,306.57131838749484
1693955269,265,,Aggregated,20.800000,0.400000,1700,3700,4800,5500,6900,7900,8900,9500,11000,13000,14000,38903,349,1700.0,2653.8287013560034,15.018099002190866,14127.498071000446,306.6057887566512
1693955270,265,,Aggregated,19.500000,0.400000,1700,3700,4800,5500,6900,7900,8900,9500,11000,13000,14000,38914,349,1700.0,2654.9458259755265,15.018099002190866,14127.498071000446,306.6021740247726
1693955271,265,,Aggregated,18.900000,0.500000,1700,3700,4800,5500,6900,7900,8900,9500,11000,13000,14000,38930,349,1700.0,2656.784023335362,15.018099002190866,14127.498071000446,306.59681479578734
1693955272,265,,Aggregated,17.900000,0.400000,1700,3700,4800,5500,6900,7900,8900,9500,11000,13000,14000,38944,350,1700.0,2658.3544833901146,15.018099002190866,14127.498071000446,306.6289287181594
1693955273,265,,Aggregated,17.400000,0.100000,1700,3700,4800,5500,6900,7900,8900,9500,11000,13000,14000,38970,350,1700.0,2661.5378431140775,15.018099002190866,14127.498071000446,306.62019502181164
1693955274,265,,Aggregated,16.000000,0.100000,1700,3700,4800,5500,6900,7900,8900,9500,11000,13000,14000,38990,350,1700.0,2664.007293111095,15.018099002190866,14127.498071000446,306.6135932290331
1693955275,265,,Aggregated,15.500000,0.200000,1700,3700,4800,5500,6900,7900,8900,9500,11000,13000,14000,39001,350,1700.0,2665.3910380541415,15.018099002190866,14127.498071000446,306.6099587190072
1693955276,265,,Aggregated,15.200000,0.200000,1700,3700,4800,5500,6900,7900,8900,9500,11000,13000,14000,39018,352,1700.0,2667.52071190447,15.018099002190866,14127.498071000446,306.6777128504793
1693955277,265,,Aggregated,13.900000,0.200000,1700,3700,4800,5500,6900,7900,9000,9600,11000,13000,14000,39038,352,1700.0,2670.3560924911008,15.018099002190866,14127.498071000446,306.6711409395973
1693955278,265,,Aggregated,13.600000,0.400000,1700,3700,4800,5500,6900,7900,9000,9600,11000,13000,14000,39047,352,1700.0,2671.6850916453145,15.018099002190866,14127.498071000446,306.66814351934846
1693955279,265,,Aggregated,14.700000,0.400000,1700,3700,4900,5500,6900,7900,9000,9600,11000,13000,14000,39069,352,1700.0,2675.0320629709645,15.018099002190866,14127.498071000446,306.66090762497123
1693955280,265,,Aggregated,14.800000,0.400000,1700,3700,4900,5500,6900,7900,9000,9600,11000,13000,14000,39083,352,1700.0,2677.2020177425125,15.018099002190866,14127.498071000446,306.65634674922603
1693955281,265,,Aggregated,15.600000,0.300000,1700,3700,4900,5500,6900,7900,9000,9600,11000,13000,14000,39098,353,1700.0,2679.218086648872,15.018099002190866,14127.498071000446,306.68801473221134
1693955282,265,,Aggregated,16.100000,0.300000,1700,3700,4900,5500,7000,7900,9000,9600,11000,13000,14000,39123,353,1700.0,2682.731812759875,15.018099002190866,14127.498071000446,306.679753597628
1693955283,265,,Aggregated,15.900000,0.300000,1700,3700,4900,5500,7000,8000,9000,9600,11000,13000,14000,39137,353,1700.0,2684.784851164616,15.018099002190866,14127.498071000446,306.6751922732964
1693955284,265,,Aggregated,16.500000,0.400000,1700,3700,4900,5500,7000,8000,9000,9600,11000,13000,14000,39159,353,1700.0,2688.0337453306156,15.018099002190866,14127.498071000446,306.6679179754335
1693955285,265,,Aggregated,16.400000,0.300000,1700,3700,4900,5500,7000,8000,9000,9600,11000,13000,14000,39180,354,1700.0,2690.998977798279,15.018099002190866,14127.498071000446,306.69747320061254
1693955286,265,,Aggregated,15.900000,0.300000,1700,3700,4900,5500,7000,8000,9000,9600,11000,13000,14000,39198,355,1700.0,2694.1135896004535,15.018099002190866,14127.498071000446,306.7279708148375
1693955287,265,,Aggregated,16.900000,0.400000,1800,3700,4900,5600,7000,8000,9000,9600,11000,13000,14000,39217,355,1800.0,2697.1952042579637,15.018099002190866,14127.498071000446,306.72165132468064
1693955288,265,,Aggregated,17.200000,0.200000,1800,3700,4900,5600,7000,8000,9000,9600,11000,13000,14000,39230,355,1800.0,2699.0491982621356,15.018099002190866,14127.498071000446,306.7173336732093
1693955290,265,,Aggregated,16.900000,0.300000,1800,3700,4900,5600,7000,8000,9000,9600,11000,13000,14000,39247,356,1800.0,2701.135970578836,15.018099002190866,14127.498071000446,306.74815909496266
1693955291,265,,Aggregated,17.300000,0.300000,1800,3700,4900,5600,7000,8000,9000,9700,11000,13000,14000,39267,356,1800.0,2703.6839010923823,15.018099002190866,14127.498071000446,306.74161509664606
1693955292,265,,Aggregated,17.300000,0.400000,1800,3700,4900,5600,7000,8000,9000,9700,11000,13000,14000,39288,357,1800.0,2706.128033043692,15.018099002190866,14127.498071000446,306.7711005905111
1693955293,265,,Aggregated,18.100000,0.400000,1800,3700,4900,5600,7000,8000,9000,9600,11000,13000,14000,39309,357,1800.0,2708.73140974445,15.018099002190866,14127.498071000446,306.7642015823348
1693955294,265,,Aggregated,17.800000,0.400000,1800,3700,4900,5600,7000,8000,9000,9700,11000,13000,14000,39321,357,1800.0,2710.4177114043787,15.018099002190866,14127.498071000446,306.76022990259656
1693955295,265,,Aggregated,17.900000,0.400000,1800,3700,4900,5600,7000,8000,9000,9700,11000,13000,14000,39335,357,1800.0,2712.258832581786,15.018099002190866,14127.498071000446,306.7555612050337
1693955296,265,,Aggregated,17.600000,0.400000,1800,3700,4900,5600,7000,8000,9000,9700,11000,13000,14000,39353,358,1800.0,2714.6026577149796,15.018099002190866,14127.498071000446,306.78601377277465
1693955297,265,,Aggregated,16.300000,0.300000,1800,3700,4900,5600,7000,8000,9000,9700,11000,13000,14000,39361,358,1800.0,2715.672028089164,15.018099002190866,14127.498071000446,306.7833896496532
1693955298,265,,Aggregated,16.500000,0.300000,1800,3800,4900,5600,7000,8000,9100,9700,11000,13000,14000,39376,358,1800.0,2717.6528308058605,15.018099002190866,14127.498071000446,306.77846911824463
1693955299,265,,Aggregated,15.600000,0.300000,1800,3800,4900,5600,7000,8000,9100,9700,11000,13000,14000,39388,358,1800.0,2719.483140444997,15.018099002190866,14127.498071000446,306.77444907078296
1693955300,265,,Aggregated,15.500000,0.300000,1800,3800,4900,5600,7000,8000,9100,9700,11000,13000,14000,39406,359,1800.0,2722.143614421143,15.018099002190866,14127.498071000446,306.8048012992945
1693955301,265,,Aggregated,15.400000,0.300000,1800,3800,4900,5600,7000,8000,9100,9700,11000,13000,14000,39420,360,1800.0,2724.2181245899683,15.018099002190866,14127.498071000446,306.8365043125317
1693955302,265,,Aggregated,15.300000,0.200000,1800,3800,5000,5600,7100,8000,9100,9700,11000,13000,14000,39442,361,1800.0,2727.5718421443776,15.018099002190866,14127.498071000446,306.8653719385427
1693955303,265,,Aggregated,14.700000,0.300000,1800,3800,5000,5600,7100,8100,9100,9700,11000,13000,14000,39462,363,1800.0,2730.708211200358,15.018099002190866,14127.498071000446,306.9312249759262
1693955304,265,,Aggregated,14.300000,0.300000,1800,3800,5000,5600,7100,8100,9100,9800,11000,13000,14000,39482,364,1800.0,2733.862870999608,15.018099002190866,14127.498071000446,306.9607416037688
1693955305,265,,Aggregated,14.500000,0.500000,1800,3800,5000,5600,7100,8100,9100,9800,11000,13000,14000,39501,364,1800.0,2736.7174299539643,15.018099002190866,14127.498071000446,306.95438090174935
1693955306,265,,Aggregated,15.000000,0.600000,1800,3800,5000,5600,7100,8100,9100,9800,12000,13000,14000,39519,364,1800.0,2739.325583720806,15.018099002190866,14127.498071000446,306.9483539563248
1693955307,265,,Aggregated,15.500000,0.700000,1800,3800,5000,5600,7100,8100,9100,9800,12000,13000,14000,39543,365,1800.0,2743.1221335631985,15.018099002190866,14127.498071000446,306.9765824545432
1693955308,265,,Aggregated,15.800000,0.700000,1800,3800,5000,5600,7100,8100,9100,9800,12000,13000,14000,39559,365,1800.0,2745.175184262356,15.018099002190866,14127.498071000446,306.9711317272934
1693955309,265,,Aggregated,16.500000,0.600000,1800,3800,5000,5600,7100,8100,9100,9800,12000,13000,14000,39574,365,1800.0,2747.225081132348,15.018099002190866,14127.498071000446,306.9660888462122
1693955311,265,,Aggregated,17.300000,0.700000,1800,3800,5000,5700,7100,8100,9100,9800,12000,13000,14000,39595,365,1800.0,2750.1260341534676,15.018099002190866,14127.498071000446,306.95900997600705
1693955312,265,,Aggregated,17.400000,0.700000,1800,3800,5000,5700,7100,8100,9100,9800,12000,13000,14000,39605,365,1800.0,2751.2052459311844,15.018099002190866,14127.498071000446,306.95561166519377
1693955313,265,,Aggregated,18.100000,0.600000,1800,3800,5000,5700,7100,8100,9100,9800,12000,13000,14000,39621,365,1800.0,2753.4088757552445,15.018099002190866,14127.498071000446,306.9503041316474
1693955314,265,,Aggregated,17.600000,0.500000,1800,3800,5000,5700,7100,8100,9100,9800,12000,13000,14000,39637,365,1800.0,2755.8534960263773,15.018099002190866,14127.498071000446,306.94500088301334
1693955315,265,,Aggregated,16.700000,0.300000,1800,3800,5000,5700,7100,8100,9100,9800,12000,13000,14000,39647,365,1800.0,2757.355587445545,15.018099002190866,14127.498071000446,306.9417358185991
1693955316,265,,Aggregated,16.500000,0.200000,1800,3800,5000,5700,7100,8100,9100,9800,12000,13000,14000,39661,365,1800.0,2759.276035241258,15.018099002190866,14127.498071000446,306.937167494516
1693955317,265,,Aggregated,15.900000,0.100000,1800,3800,5000,5700,7100,8100,9100,9800,12000,13000,14000,39680,365,1800.0,2761.9344901748123,15.018099002190866,14127.498071000446,306.9308467741935
1693955318,265,,Aggregated,15.000000,0.100000,1800,3800,5000,5700,7100,8100,9200,9800,12000,13000,14000,39699,365,1800.0,2764.871411540481,15.018099002190866,14127.498071000446,306.9244565354291
1693955319,265,,Aggregated,15.200000,0.100000,1800,3800,5000,5700,7100,8200,9200,9800,12000,13000,14000,39717,366,1800.0,2767.7085719871984,15.018099002190866,14127.498071000446,306.95455346577035
1693955320,265,,Aggregated,14.700000,0.000000,1800,3800,5000,5700,7200,8200,9200,9800,12000,13000,14000,39731,366,1800.0,2769.958594481075,15.018099002190866,14127.498071000446,306.9499383353049
1693955321,265,,Aggregated,15.100000,0.000000,1800,3800,5000,5700,7200,8200,9200,9800,12000,13000,16000,39746,366,1800.0,2772.4727096572637,15.018099002190866,15813.641750002716,306.94495043526393
1693955322,265,,Aggregated,15.300000,0.100000,1800,3800,5000,5700,7200,8200,9200,9800,12000,13000,16000,39761,366,1800.0,2774.668507859048,15.018099002190866,15813.641750002716,306.9400165991801
1693955323,265,,Aggregated,14.200000,0.100000,1900,3800,5000,5700,7200,8200,9200,9900,12000,13000,16000,39777,366,1900.0,2777.325187494572,15.018099002190866,15813.641750002716,306.93476129421526
1693955324,265,,Aggregated,15.100000,0.100000,1900,3800,5000,5700,7200,8200,9200,9900,12000,13000,16000,39804,366,1900.0,2781.8172870094368,15.018099002190866,15813.641750002716,306.92586172243995
1693955325,265,,Aggregated,14.700000,0.100000,1900,3800,5100,5700,7200,8200,9200,9900,12000,13000,16000,39840,369,1900.0,2786.637976172305,15.018099002190866,15813.641750002716,307.0216616465863
1693955326,265,,Aggregated,15.700000,0.100000,1900,3900,5100,5700,7200,8200,9200,9900,12000,13000,16000,39867,369,1900.0,2789.5751614839746,15.018099002190866,15813.641750002716,307.01269220157025
1693955327,270,,Aggregated,17.700000,0.200000,1900,3900,5100,5700,7200,8200,9200,9900,12000,13000,16000,39894,370,1900.0,2791.9409159050133,15.018099002190866,15813.641750002716,307.0396550859778
1693955328,270,,Aggregated,19.300000,0.400000,1900,3900,5100,5700,7200,8200,9200,9900,12000,13000,16000,39908,370,1900.0,2793.2287427081437,15.018099002190866,15813.641750002716,307.03503057031173
1693955329,270,,Aggregated,19.800000,0.400000,1900,3900,5100,5700,7200,8200,9200,9900,12000,13000,16000,39919,370,1900.0,2794.311881609674,15.018099002190866,15813.641750002716,307.03126330819913
1693955330,270,,Aggregated,20.400000,0.500000,1900,3900,5100,5700,7200,8200,9200,9900,12000,13000,16000,39934,370,1900.0,2795.8446216919306,15.018099002190866,15813.641750002716,307.0262182601292
1693955332,270,,Aggregated,20.000000,0.500000,1900,3900,5100,5700,7200,8200,9200,9900,12000,13000,16000,39942,371,1900.0,2796.5976274471122,15.018099002190866,15813.641750002716,307.05936107355666
1693955333,270,,Aggregated,19.700000,0.400000,1900,3900,5100,5700,7200,8200,9200,9900,12000,13000,16000,39955,371,1900.0,2798.0157146011147,15.018099002190866,15813.641750002716,307.05498686021775
1693955334,270,,Aggregated,18.700000,0.500000,1900,3900,5100,5700,7200,8200,9200,9900,12000,13000,16000,39967,372,1900.0,2799.3850904663736,15.018099002190866,15813.641750002716,307.086846648485
1693955335,270,,Aggregated,18.800000,0.500000,1900,3900,5100,5700,7200,8200,9200,9900,12000,13000,16000,39979,372,1900.0,2800.8265220225253,15.018099002190866,15813.641750002716,307.0828685059656
1693955336,270,,Aggregated,17.400000,0.600000,1900,3900,5100,5800,7200,8200,9200,9900,12000,13000,16000,39994,372,1900.0,2802.655516570774,15.018099002190866,15813.641750002716,307.07776166424964
1693955337,270,,Aggregated,15.600000,0.500000,1900,3900,5100,5800,7200,8200,9200,9900,12000,13000,16000,40013,372,1900.0,2805.1703621749566,15.018099002190866,15813.641750002716,307.07140179441683
1693955338,270,,Aggregated,14.100000,0.300000,1900,3900,5100,5800,7200,8200,9200,9900,12000,13000,16000,40032,372,1900.0,2807.5741905599916,15.018099002190866,15813.641750002716,307.0648731015188
1693955339,270,,Aggregated,13.400000,0.300000,1900,3900,5100,5800,7200,8200,9200,9900,12000,13000,16000,40044,372,1900.0,2809.3807560183445,15.018099002190866,15813.641750002716,307.06088302866846
1693955340,270,,Aggregated,12.900000,0.200000,1900,3900,5100,5800,7200,8200,9200,9900,12000,13000,16000,40063,372,1900.0,2812.354765975205,15.018099002190866,15813.641750002716,307.0545141402291
1693955341,270,,Aggregated,13.000000,0.200000,1900,3900,5100,5800,7200,8300,9300,9900,12000,13000,16000,40090,372,1900.0,2816.522985847408,15.018099002190866,15813.641750002716,307.0455974058369
1693955342,270,,Aggregated,13.600000,0.200000,1900,3900,5100,5800,7200,8300,9300,9900,12000,13000,16000,40102,373,1900.0,2818.260870793865,15.018099002190866,15813.641750002716,307.0773278140741
1693955343,270,,Aggregated,14.300000,0.200000,1900,3900,5100,5800,7300,8300,9300,9900,12000,13000,16000,40119,375,1900.0,2820.8188945539655,15.018099002190866,15813.641750002716,307.14299957626065
1693955344,270,,Aggregated,15.600000,0.200000,1900,3900,5100,5800,7300,8300,9300,9900,12000,13000,16000,40136,376,1900.0,2823.5624482076573,15.018099002190866,15813.641750002716,307.1729619294399
1693955345,270,,Aggregated,15.800000,0.400000,1900,3900,5100,5800,7300,8300,9300,9900,12000,13000,16000,40155,376,1900.0,2826.6541069296873,15.018099002190866,15813.641750002716,307.16662931141826
1693955346,270,,Aggregated,16.100000,0.400000,1900,3900,5100,5800,7300,8300,9300,10000,12000,13000,16000,40172,376,1900.0,2829.299729483411,15.018099002190866,15813.641750002716,307.161032559992
1693955347,270,,Aggregated,16.400000,0.400000,1900,3900,5100,5800,7300,8300,9300,10000,12000,13000,16000,40189,376,1900.0,2832.050612545612,15.018099002190866,15813.641750002716,307.15539077857125
1693955348,270,,Aggregated,17.000000,0.400000,1900,3900,5100,5800,7300,8300,9300,10000,12000,13000,16000,40209,376,1900.0,2835.1359090676865,15.018099002190866,15813.641750002716,307.1486483125668
1693955349,270,,Aggregated,17.100000,0.400000,1900,3900,5200,5800,7300,8300,9300,10000,12000,13000,16000,40226,376,1900.0,2837.850630381609,15.018099002190866,15813.641750002716,307.14299209466515
1693955350,270,,Aggregated,16.800000,0.400000,1900,3900,5200,5800,7300,8300,9300,10000,12000,13000,16000,40247,377,1900.0,2840.91769135691,15.018099002190866,15813.641750002716,307.17151588938304
1693955351,270,,Aggregated,17.600000,0.400000,1900,3900,5200,5800,7300,8300,9300,10000,12000,13000,16000,40264,377,1900.0,2843.633093448678,15.018099002190866,15813.641750002716,307.16583051857737
1693955353,270,,Aggregated,17.000000,0.400000,1900,3900,5200,5800,7300,8300,9400,10000,12000,13000,16000,40286,377,1900.0,2846.921135997309,15.018099002190866,15813.641750002716,307.1585166062652
1693955354,270,,Aggregated,16.600000,0.400000,1900,3900,5200,5800,7300,8300,9400,10000,12000,13000,16000,40303,377,1900.0,2849.24891148375,15.018099002190866,15813.641750002716,307.15291665632833
1693955355,270,,Aggregated,17.400000,0.200000,1900,3900,5200,5800,7300,8300,9400,10000,12000,13000,16000,40316,377,1900.0,2851.0164959261733,15.018099002190866,15813.641750002716,307.1486506597877
1693955356,270,,Aggregated,17.400000,0.200000,1900,3900,5200,5800,7300,8300,9400,10000,12000,13000,16000,40331,377,1900.0,2853.220185677235,15.018099002190866,15813.641750002716,307.1435620242493
1693955357,270,,Aggregated,17.400000,0.100000,1900,3900,5200,5800,7300,8300,9400,10000,12000,13000,16000,40340,377,1900.0,2854.579719845899,15.018099002190866,15813.641750002716,307.14058006941
1693955358,270,,Aggregated,17.200000,0.100000,1900,3900,5200,5900,7300,8400,9400,10000,12000,13000,16000,40359,377,1900.0,2857.1827201549977,15.018099002190866,15813.641750002716,307.1342699274016
1693955359,270,,Aggregated,16.000000,0.100000,1900,4000,5200,5900,7300,8400,9400,10000,12000,13000,16000,40373,377,1900.0,2859.2936542169905,15.018099002190866,15813.641750002716,307.1296410967726
1693955360,270,,Aggregated,16.100000,0.100000,2000,4000,5200,5900,7300,8400,9400,10000,12000,13000,16000,40387,377,2000.0,2861.1443626197433,15.018099002190866,15813.641750002716,307.12496595439126
1693955361,270,,Aggregated,15.100000,0.100000,2000,4000,5200,5900,7300,8400,9400,10000,12000,13000,16000,40400,379,2000.0,2862.9863353284795,15.018099002190866,15813.641750002716,307.19153465346534
1693955362,270,,Aggregated,15.700000,0.100000,2000,4000,5200,5900,7300,8400,9400,10000,12000,13000,16000,40419,379,2000.0,2865.803919403414,15.018099002190866,15813.641750002716,307.1852346668646
1693955363,270,,Aggregated,14.500000,0.000000,2000,4000,5200,5900,7400,8400,9400,10000,12000,13000,16000,40441,380,2000.0,2869.146268247016,15.018099002190866,15813.641750002716,307.21327365792143
1693955364,270,,Aggregated,14.300000,0.200000,2000,4000,5200,5900,7400,8400,9400,10000,12000,13000,16000,40455,380,2000.0,2871.380980368744,15.018099002190866,15813.641750002716,307.2086763070078
1693955365,270,,Aggregated,14.200000,0.300000,2000,4000,5200,5900,7400,8400,9400,10000,12000,13000,16000,40475,381,2000.0,2874.2792413585794,15.018099002190866,15813.641750002716,307.23733168622607
1693955366,270,,Aggregated,14.700000,0.300000,2000,4000,5200,5900,7400,8400,9400,10000,12000,13000,16000,40490,383,2000.0,2876.4665728543227,15.018099002190866,15813.641750002716,307.30306248456407
1693955367,270,,Aggregated,14.600000,0.300000,2000,4000,5200,5900,7400,8400,9400,10000,12000,13000,16000,40515,384,2000.0,2880.1756029828093,15.018099002190866,15813.641750002716,307.3300012341108
1693955368,270,,Aggregated,15.200000,0.500000,2000,4000,5200,5900,7400,8400,9400,10000,12000,13000,16000,40533,385,2000.0,2882.6469385675996,15.018099002190866,15813.641750002716,307.3592874941406
1693955369,270,,Aggregated,15.800000,0.600000,2000,4000,5200,5900,7400,8400,9400,10000,12000,13000,16000,40547,385,2000.0,2884.866528783671,15.018099002190866,15813.641750002716,307.3545761708634
1693955370,270,,Aggregated,16.500000,0.700000,2000,4000,5200,5900,7400,8400,9400,10000,12000,13000,16000,40561,385,2000.0,2886.869875168302,15.018099002190866,15813.641750002716,307.34991740834795
1693955371,270,,Aggregated,16.800000,0.800000,2000,4000,5200,5900,7400,8400,9400,10000,12000,13000,16000,40577,385,2000.0,2889.5708822541947,15.018099002190866,15813.641750002716,307.34457944155554
1693955372,270,,Aggregated,16.800000,0.800000,2000,4000,5200,5900,7400,8400,9400,10000,12000,13000,16000,40594,385,2000.0,2892.411982857059,15.018099002190866,15813.641750002716,307.3387939104301
1693955374,270,,Aggregated,17.000000,0.600000,2000,4000,5200,5900,7400,8400,9500,10000,12000,13000,16000,40608,386,2000.0,2894.5376462978093,15.018099002190866,15813.641750002716,307.3693853427896
1693955375,270,,Aggregated,16.600000,0.500000,2000,4000,5200,5900,7400,8400,9500,10000,12000,13000,16000,40624,386,2000.0,2897.142249736816,15.018099002190866,15813.641750002716,307.3640212682158
1693955376,270,,Aggregated,15.800000,0.600000,2000,4000,5200,5900,7400,8400,9500,10000,12000,13000,16000,40634,386,2000.0,2898.7602129865004,15.018099002190866,15813.641750002716,307.36070778166066
1693955377,270,,Aggregated,16.100000,0.600000,2000,4000,5200,5900,7400,8500,9500,10000,12000,13000,16000,40648,386,2000.0,2901.0399040514526,15.018099002190866,15813.641750002716,307.3560322771108
1693955378,270,,Aggregated,15.000000,0.400000,2000,4000,5200,5900,7400,8500,9500,10000,12000,13000,16000,40661,386,2000.0,2902.9822546775654,15.018099002190866,15813.641750002716,307.351688350016
1693955379,270,,Aggregated,15.200000,0.300000,2000,4000,5200,6000,7400,8500,9500,10000,12000,13000,16000,40677,387,2000.0,2905.4892989626683,15.018099002190866,15813.641750002716,307.38141947537923
1693955380,270,,Aggregated,14.000000,0.200000,2000,4000,5300,6000,7400,8500,9500,10000,12000,13000,16000,40689,387,2000.0,2907.434958776634,15.018099002190866,15813.641750002716,307.37739929710733
1693955381,270,,Aggregated,14.100000,0.200000,2000,4000,5300,6000,7400,8500,9500,10000,12000,13000,16000,40707,387,2000.0,2910.8002035867166,15.018099002190866,15813.641750002716,307.37145945414795
1693955382,270,,Aggregated,13.500000,0.200000,2000,4000,5300,6000,7500,8500,9500,10000,12000,13000,16000,40723,387,2000.0,2913.735647267895,15.018099002190866,15813.641750002716,307.3661567173342
1693955383,270,,Aggregated,13.300000,0.200000,2000,4000,5300,6000,7500,8500,9500,10000,12000,13000,16000,40739,388,2000.0,2916.5676884728755,15.018099002190866,15813.641750002716,307.39600873855517
1693955384,270,,Aggregated,14.000000,0.200000,2000,4000,5300,6000,7500,8500,9500,10000,12000,13000,16000,40759,389,2000.0,2920.2343494455085,15.018099002190866,15813.641750002716,307.42449520351335
1693955385,270,,Aggregated,13.700000,0.200000,2000,4000,5300,6000,7500,8500,9600,10000,12000,13000,16000,40778,391,2000.0,2923.5839234448836,15.018099002190866,15813.641750002716,307.48830251606256
1693955386,270,,Aggregated,14.600000,0.300000,2000,4000,5300,6000,7500,8500,9600,10000,12000,13000,16000,40794,391,2000.0,2926.237896106841,15.018099002190866,15813.641750002716,307.48296318085994
1693955387,275,,Aggregated,14.500000,0.300000,2000,4000,5300,6000,7500,8500,9600,10000,12000,13000,16000,40823,391,2000.0,2931.0110639901645,15.018099002190866,15813.641750002716,307.47294417362764
1693955388,275,,Aggregated,14.900000,0.500000,2000,4000,5300,6000,7500,8600,9600,10000,12000,13000,16000,40865,394,2000.0,2936.7943728836767,15.018099002190866,15813.641750002716,307.5637587177291
1693955389,275,,Aggregated,15.400000,0.500000,2000,4100,5300,6000,7500,8600,9600,10000,12000,13000,16000,40890,395,2000.0,2939.8673199472355,15.018099002190866,15813.641750002716,307.59036439227197
1693955390,275,,Aggregated,19.100000,0.800000,2000,4100,5300,6000,7500,8600,9600,10000,12000,13000,16000,40910,395,2000.0,2941.266047100866,15.018099002190866,15813.641750002716,307.583647030066
1693955391,275,,Aggregated,19.700000,0.800000,2000,4100,5300,6000,7500,8600,9600,10000,12000,13000,16000,40932,395,2000.0,2943.0698865640684,15.018099002190866,15813.641750002716,307.5762484120004
1693955392,275,,Aggregated,20.800000,0.800000,2000,4100,5300,6000,7500,8600,9600,10000,12000,13000,16000,40948,396,2000.0,2944.184001404988,15.018099002190866,15813.641750002716,307.60576829149164
1693955393,275,,Aggregated,21.800000,0.800000,2000,4100,5300,6000,7500,8600,9600,10000,12000,13000,16000,40961,396,2000.0,2945.133289245977,15.018099002190866,15813.641750002716,307.6014013329753
1693955395,275,,Aggregated,21.600000,0.800000,2000,4100,5300,6000,7500,8600,9600,10000,12000,13000,16000,40972,396,2000.0,2946.0627235914158,15.018099002190866,15813.641750002716,307.597676461974
1693955396,275,,Aggregated,21.800000,0.900000,2000,4100,5300,6000,7500,8600,9600,10000,12000,13000,16000,40978,396,2000.0,2946.557929925435,15.018099002190866,15813.641750002716,307.595685489775
1693955397,275,,Aggregated,20.500000,0.700000,2100,4100,5300,6000,7500,8600,9600,10000,12000,13000,16000,40992,397,2100.0,2947.896301169386,15.018099002190866,15813.641750002716,307.62585382513663
1693955398,275,,Aggregated,19.600000,0.500000,2100,4100,5300,6000,7500,8600,9600,10000,12000,13000,16000,41003,398,2100.0,2948.922417338377,15.018099002190866,15813.641750002716,307.65697631880596
1693955399,275,,Aggregated,18.900000,0.600000,2100,4100,5300,6000,7500,8600,9600,10000,12000,13000,16000,41017,398,2100.0,2950.4932989628796,15.018099002190866,15813.641750002716,307.65224175341933
1693955400,275,,Aggregated,15.100000,0.400000,2100,4100,5300,6000,7500,8600,9600,10000,12000,13000,16000,41037,399,2100.0,2952.8231564887164,15.018099002190866,15813.641750002716,307.6803616248751
1693955401,275,,Aggregated,14.100000,0.300000,2100,4100,5300,6000,7500,8600,9600,10000,12000,13000,16000,41062,400,2100.0,2956.0959639655985,15.018099002190866,15813.641750002716,307.7067848619161
1693955402,275,,Aggregated,13.700000,0.400000,2100,4100,5300,6000,7500,8600,9600,10000,12000,13000,16000,41077,400,2100.0,2957.904575045145,15.018099002190866,15813.641750002716,307.70168220658763
1693955403,275,,Aggregated,13.700000,0.500000,2100,4100,5300,6000,7500,8600,9600,10000,12000,13000,16000,41087,400,2100.0,2959.3126062410356,15.018099002190866,15813.641750002716,307.6982743933604
1693955404,275,,Aggregated,13.900000,0.500000,2100,4100,5300,6000,7500,8600,9600,10000,12000,13000,16000,41110,400,2100.0,2962.4712373661982,15.018099002190866,15813.641750002716,307.6903673072245
1693955405,275,,Aggregated,13.100000,0.400000,2100,4100,5300,6000,7500,8600,9600,10000,12000,13000,16000,41123,403,2100.0,2964.2761456643584,15.018099002190866,15813.641750002716,307.79028767356465
1693955406,275,,Aggregated,13.600000,0.400000,2100,4100,5300,6000,7500,8600,9600,10000,12000,13000,16000,41144,403,2100.0,2967.2656893296084,15.018099002190866,15813.641750002716,307.78317616177327
1693955407,275,,Aggregated,14.400000,0.600000,2100,4100,5400,6100,7500,8600,9600,10000,12000,13000,16000,41167,404,2100.0,2970.6754782852868,15.018099002190866,15813.641750002716,307.81013918915636
1693955408,275,,Aggregated,15.600000,0.700000,2100,4100,5400,6100,7600,8600,9700,10000,12000,13000,16000,41185,404,2100.0,2973.4916447168234,15.018099002190866,15813.641750002716,307.80405487434746
1693955409,275,,Aggregated,16.300000,0.600000,2100,4100,5400,6100,7600,8600,9700,10000,12000,13000,16000,41206,404,2100.0,2976.720105224661,15.018099002190866,15813.641750002716,307.7968742416153
1693955410,275,,Aggregated,17.200000,0.600000,2100,4100,5400,6100,7600,8600,9700,10000,12000,13000,16000,41220,405,2100.0,2978.685106644503,15.018099002190866,15813.641750002716,307.8268316351286
1693955411,275,,Aggregated,17.700000,0.600000,2100,4100,5400,6100,7600,8600,9700,10000,12000,13000,16000,41243,406,2100.0,2982.1728893075524,15.018099002190866,15813.641750002716,307.8537933709963
1693955412,275,,Aggregated,17.800000,0.500000,2100,4100,5400,6100,7600,8600,9700,10000,12000,13000,16000,41256,406,2100.0,2983.9245274306627,15.018099002190866,15813.641750002716,307.8493310063991
1693955413,275,,Aggregated,16.900000,0.500000,2100,4100,5400,6100,7600,8600,9700,10000,12000,13000,16000,41276,407,2100.0,2986.6946731029034,15.018099002190866,15813.641750002716,307.87716833026457
1693955415,275,,Aggregated,17.200000,0.600000,2100,4100,5400,6100,7600,8600,9700,10000,12000,13000,16000,41291,407,2100.0,2988.671509461176,15.018099002190866,15813.641750002716,307.87193335109345
1693955416,275,,Aggregated,17.800000,0.600000,2100,4100,5400,6100,7600,8600,9700,10000,12000,13000,16000,41303,407,2100.0,2990.25743463178,15.018099002190866,15813.641750002716,307.8678546352565
1693955417,275,,Aggregated,17.500000,0.500000,2100,4100,5400,6100,7600,8600,9700,10000,12000,13000,16000,41318,407,2100.0,2992.1211963459855,15.018099002190866,15813.641750002716,307.8627474708359
1693955418,275,,Aggregated,16.900000,0.400000,2100,4100,5400,6100,7600,8700,9700,10000,12000,13000,16000,41330,407,2100.0,2993.8237714270363,15.018099002190866,15813.641750002716,307.8586740866199
1693955419,275,,Aggregated,16.400000,0.400000,2100,4200,5400,6100,7600,8700,9700,10000,12000,13000,16000,41340,407,2100.0,2995.276878827586,15.018099002190866,15813.641750002716,307.85529753265604
1693955420,275,,Aggregated,15.500000,0.300000,2100,4200,5400,6100,7600,8700,9700,10000,12000,13000,16000,41355,408,2100.0,2997.4526187553956,15.018099002190866,15813.641750002716,307.8847781404909
1693955421,275,,Aggregated,14.600000,0.300000,2100,4200,5400,6100,7600,8700,9700,10000,12000,13000,16000,41371,409,2100.0,2999.7255832825986,15.018099002190866,15813.641750002716,307.9138526987503
1693955422,275,,Aggregated,14.300000,0.400000,2100,4200,5400,6100,7600,8700,9700,10000,12000,13000,16000,41385,410,2100.0,3001.859775198729,15.018099002190866,15813.641750002716,307.94369940799805
1693955423,275,,Aggregated,14.500000,0.400000,2100,4200,5400,6100,7600,8700,9700,10000,12000,13000,16000,41402,410,2100.0,3004.4353261760393,15.018099002190866,15813.641750002716,307.9379015506497
1693955424,275,,Aggregated,13.800000,0.400000,2100,4200,5400,6100,7600,8700,9800,10000,12000,13000,16000,41423,410,2100.0,3008.073256763473,15.018099002190866,15813.641750002716,307.93081138497934
1693955425,275,,Aggregated,14.000000,0.400000,2100,4200,5400,6100,7600,8700,9800,10000,12000,13000,16000,41446,410,2100.0,3012.002666178265,15.018099002190866,15813.641750002716,307.9229599961396
1693955426,275,,Aggregated,13.200000,0.300000,2100,4200,5400,6100,7600,8700,9800,10000,12000,13000,16000,41463,411,2100.0,3014.665069070723,15.018099002190866,15813.641750002716,307.9517159877481
1693955427,275,,Aggregated,14.100000,0.300000,2100,4200,5400,6100,7600,8700,9800,10000,12000,13000,16000,41479,411,2100.0,3017.345855706053,15.018099002190866,15813.641750002716,307.9462378553003
1693955428,275,,Aggregated,14.900000,0.400000,2100,4200,5400,6100,7600,8700,9800,10000,12000,13000,16000,41495,412,2100.0,3020.0733120353148,15.018099002190866,15813.641750002716,307.9752741294132
1693955429,275,,Aggregated,15.200000,0.400000,2100,4200,5400,6100,7700,8800,9800,11000,12000,14000,16000,41514,412,2100.0,3023.489916580103,15.018099002190866,15813.641750002716,307.9688297923592
1693955430,275,,Aggregated,15.600000,0.400000,2100,4200,5400,6100,7700,8800,9800,11000,12000,14000,16000,41527,412,2100.0,3025.709690717229,15.018099002190866,15813.641750002716,307.964384617237
1693955431,275,,Aggregated,16.300000,0.500000,2100,4200,5400,6100,7700,8800,9800,11000,12000,14000,16000,41542,413,2100.0,3028.0032692964314,15.018099002190866,15813.641750002716,307.993669057821
1693955432,275,,Aggregated,16.600000,0.400000,2100,4200,5500,6200,7700,8800,9900,11000,12000,14000,16000,41562,414,2100.0,3031.706874625484,15.018099002190866,15813.641750002716,308.0212213079255
1693955433,275,,Aggregated,16.100000,0.300000,2100,4200,5500,6200,7700,8800,9900,11000,12000,14000,16000,41579,414,2100.0,3034.5126339661215,15.018099002190866,15813.641750002716,308.0154404867842
1693955434,275,,Aggregated,16.300000,0.300000,2100,4200,5500,6200,7700,8800,9900,11000,13000,14000,16000,41599,414,2100.0,3037.9707381416224,15.018099002190866,15813.641750002716,308.0086059761052
1693955436,275,,Aggregated,17.200000,0.400000,2100,4200,5500,6200,7700,8800,9900,11000,13000,14000,16000,41611,414,2100.0,3039.7219264703895,15.018099002190866,15813.641750002716,308.00444593977556
1693955437,275,,Aggregated,17.200000,0.400000,2200,4200,5500,6200,7700,8800,9900,11000,13000,14000,16000,41633,415,2200.0,3043.3689494327673,15.018099002190866,15813.641750002716,308.0312252299858
1693955438,275,,Aggregated,15.800000,0.300000,2200,4200,5500,6200,7700,8800,9900,11000,13000,14000,16000,41643,415,2200.0,3044.8376257775953,15.018099002190866,15813.641750002716,308.0278077948275
1693955439,275,,Aggregated,16.400000,0.400000,2200,4200,5500,6200,7700,8800,9900,11000,13000,14000,16000,41659,415,2200.0,3047.400423019357,15.018099002190866,15813.641750002716,308.0221320723013
1693955440,275,,Aggregated,15.800000,0.400000,2200,4200,5500,6200,7700,8800,9900,11000,13000,14000,16000,41680,417,2200.0,3051.1038686996503,15.018099002190866,15813.641750002716,308.0835412667946
1693955441,275,,Aggregated,15.800000,0.300000,2200,4200,5500,6200,7700,8800,9900,11000,13000,14000,16000,41697,417,2200.0,3053.748739672217,15.018099002190866,15813.641750002716,308.0777274144423
1693955442,275,,Aggregated,15.400000,0.500000,2200,4200,5500,6200,7700,8800,9900,11000,13000,14000,16000,41714,417,2200.0,3056.2600256825867,15.018099002190866,15813.641750002716,308.0718463825095
1693955443,275,,Aggregated,16.700000,0.500000,2200,4200,5500,6200,7700,8800,9900,11000,13000,14000,16000,41729,417,2200.0,3058.5850330841727,15.018099002190866,15813.641750002716,308.06666826427664
1693955444,275,,Aggregated,16.400000,0.400000,2200,4200,5500,6200,7700,8800,9900,11000,13000,14000,16000,41750,418,2200.0,3061.682096991245,15.018099002190866,15813.641750002716,308.0937005988024
1693955445,275,,Aggregated,16.000000,0.300000,2200,4200,5500,6200,7800,8800,9900,11000,13000,14000,16000,41771,422,2200.0,3064.533319203502,15.018099002190866,15813.641750002716,308.2234085849034
1693955446,275,,Aggregated,16.700000,0.400000,2200,4200,5500,6200,7800,8800,10000,11000,13000,14000,16000,41792,424,2200.0,3067.7706697855206,15.018099002190866,15813.641750002716,308.2846477794793
1693955447,280,,Aggregated,16.000000,0.600000,2200,4200,5500,6200,7800,8900,10000,11000,13000,14000,16000,41808,424,2200.0,3070.0994745522503,15.018099002190866,15813.641750002716,308.27908534251816
1693955448,280,,Aggregated,17.300000,0.900000,2200,4300,5500,6200,7800,8900,10000,11000,13000,14000,16000,41823,424,2200.0,3072.606253469419,15.018099002190866,15813.641750002716,308.27386844559214
1693955449,280,,Aggregated,16.700000,0.900000,2200,4300,5500,6200,7800,8900,10000,11000,13000,14000,16000,41839,425,2200.0,3074.819170432599,15.018099002190866,15813.641750002716,308.3024928894094
1693955450,280,,Aggregated,17.400000,0.900000,2200,4300,5500,6200,7800,8900,10000,11000,13000,14000,16000,41859,425,2200.0,3077.3644820355125,15.018099002190866,15813.641750002716,308.2956353472372
1693955451,280,,Aggregated,17.300000,1.000000,2200,4300,5500,6200,7800,8900,10000,11000,13000,14000,16000,41893,429,2200.0,3081.408758462907,15.018099002190866,15813.641750002716,308.4204759745065
1693955452,280,,Aggregated,17.000000,0.800000,2200,4300,5500,6200,7800,8900,10000,11000,13000,14000,16000,41914,431,2200.0,3083.556753878765,15.018099002190866,15813.641750002716,308.4814620413227
1693955453,280,,Aggregated,17.300000,0.900000,2200,4300,5600,6200,7800,8900,10000,11000,13000,14000,16000,41936,432,2200.0,3085.509021366429,15.018099002190866,15813.641750002716,308.5078929797787
1693955454,280,,Aggregated,18.800000,1.200000,2200,4300,5600,6300,7800,8900,10000,11000,13000,14000,16000,41952,432,2200.0,3087.2759524970106,15.018099002190866,15813.641750002716,308.5022644927536
1693955456,280,,Aggregated,19.100000,1.400000,2200,4300,5600,6300,7800,8900,10000,11000,13000,14000,16000,41967,432,2200.0,3088.763034251664,15.018099002190866,15813.641750002716,308.49693807038864
1693955457,280,,Aggregated,19.300000,1.200000,2200,4300,5600,6300,7800,8900,10000,11000,13000,14000,16000,41982,432,2200.0,3090.4648881689195,15.018099002190866,15813.641750002716,308.4916869134391
1693955458,280,,Aggregated,18.400000,0.900000,2200,4300,5600,6300,7800,8900,10000,11000,13000,14000,16000,41995,432,2200.0,3091.9378294173725,15.018099002190866,15813.641750002716,308.48710560781046
1693955459,280,,Aggregated,18.000000,0.800000,2200,4300,5600,6300,7800,8900,10000,11000,13000,14000,16000,42009,433,2200.0,3093.4742868877756,15.018099002190866,15813.641750002716,308.51631793187175
1693955460,280,,Aggregated,17.800000,0.800000,2200,4300,5600,6300,7800,8900,10000,11000,13000,14000,16000,42023,433,2200.0,3095.2035420515094,15.018099002190866,15813.641750002716,308.51143421459676
1693955461,280,,Aggregated,17.600000,0.800000,2200,4300,5600,6300,7800,8900,10000,11000,13000,14000,16000,42039,433,2200.0,3097.229371012097,15.018099002190866,15813.641750002716,308.50581602797405
1693955462,280,,Aggregated,17.800000,0.800000,2200,4300,5600,6300,7800,8900,10000,11000,13000,14000,16000,42050,434,2200.0,3098.6189248302385,15.018099002190866,15813.641750002716,308.5359809750297
1693955463,280,,Aggregated,17.000000,0.700000,2200,4300,5600,6300,7800,8900,10000,11000,13000,14000,16000,42069,434,2200.0,3101.3893322368144,15.018099002190866,15813.641750002716,308.5292733366612
1693955464,280,,Aggregated,15.000000,0.500000,2200,4300,5600,6300,7800,8900,10000,11000,13000,14000,16000,42083,434,2200.0,3103.462539260094,15.018099002190866,15813.641750002716,308.5243685098496
1693955465,280,,Aggregated,14.900000,0.300000,2200,4300,5600,6300,7800,8900,10000,11000,13000,14000,16000,42100,434,2200.0,3106.2364275553095,15.018099002190866,15813.641750002716,308.5184085510689
1693955466,280,,Aggregated,13.500000,0.200000,2200,4300,5600,6300,7800,8900,10000,11000,13000,14000,16000,42118,434,2200.0,3108.952030105692,15.018099002190866,15813.641750002716,308.51208509425896
1693955467,280,,Aggregated,13.800000,0.200000,2200,4300,5600,6300,7800,8900,10000,11000,13000,14000,16000,42136,434,2200.0,3111.9316937240733,15.018099002190866,15813.641750002716,308.50576704006073
1693955468,280,,Aggregated,14.400000,0.200000,2200,4300,5600,6300,7800,8900,10000,11000,13000,14000,16000,42149,434,2200.0,3113.99794130811,15.018099002190866,15813.641750002716,308.50122185579727
1693955469,280,,Aggregated,14.300000,0.200000,2200,4300,5600,6300,7900,8900,10000,11000,13000,14000,16000,42169,434,2200.0,3117.267411378893,15.018099002190866,15813.641750002716,308.4940596172544
1693955470,280,,Aggregated,15.000000,0.200000,2200,4300,5600,6300,7900,8900,10000,11000,13000,14000,16000,42181,435,2200.0,3119.0692194814856,15.018099002190866,15813.641750002716,308.52379033214004
1693955471,280,,Aggregated,15.100000,0.100000,2200,4300,5600,6300,7900,9000,10000,11000,13000,14000,16000,42199,436,2200.0,3122.0598550337804,15.018099002190866,15813.641750002716,308.55143486812483
1693955472,280,,Aggregated,15.000000,0.100000,2300,4300,5600,6300,7900,9000,10000,11000,13000,14000,16000,42216,436,2300.0,3124.8711837608375,15.018099002190866,15813.641750002716,308.5454803865833
1693955473,280,,Aggregated,14.900000,0.200000,2300,4300,5600,6300,7900,9000,10000,11000,13000,14000,16000,42232,436,2300.0,3127.451239831894,15.018099002190866,15813.641750002716,308.5398276188672
1693955474,280,,Aggregated,15.600000,0.200000,2300,4300,5600,6300,7900,9000,10000,11000,13000,14000,16000,42253,436,2300.0,3130.910177490652,15.018099002190866,15813.641750002716,308.5324829006224
1693955475,280,,Aggregated,15.500000,0.200000,2300,4400,5600,6300,7900,9000,10000,11000,13000,14000,16000,42266,438,2300.0,3133.2054001822153,15.018099002190866,15813.641750002716,308.59560876354516
1693955477,280,,Aggregated,15.900000,0.200000,2300,4400,5600,6300,7900,9000,10000,11000,13000,14000,16000,42278,438,2300.0,3135.303454936527,15.018099002190866,15813.641750002716,308.59144235772743
1693955478,280,,Aggregated,15.500000,0.400000,2300,4400,5600,6300,7900,9000,10000,11000,13000,14000,16000,42295,439,2300.0,3138.1448190703277,15.018099002190866,15813.641750002716,308.6192930606455
1693955479,280,,Aggregated,15.500000,0.400000,2300,4400,5600,6300,7900,9000,10000,11000,13000,14000,16000,42309,439,2300.0,3140.623096792798,15.018099002190866,15813.641750002716,308.6144082819258
1693955480,280,,Aggregated,14.900000,0.400000,2300,4400,5600,6400,7900,9000,10000,11000,13000,14000,16000,42325,439,2300.0,3143.3619271326525,15.018099002190866,15813.641750002716,308.6087891317188
1693955481,280,,Aggregated,15.000000,0.500000,2300,4400,5700,6400,7900,9000,10000,11000,13000,14000,16000,42339,440,2300.0,3145.7946690544068,15.018099002190866,15813.641750002716,308.637662675075
1693955482,280,,Aggregated,15.100000,0.500000,2300,4400,5700,6400,7900,9000,10000,11000,13000,14000,18000,42355,440,2300.0,3148.8173657514467,15.018099002190866,18179.829747998156,308.63203872034
1693955483,280,,Aggregated,14.600000,0.500000,2300,4400,5700,6400,7900,9000,10000,11000,13000,15000,18000,42375,441,2300.0,3152.35574087593,15.018099002190866,18179.829747998156,308.6587610619469
1693955484,280,,Aggregated,14.900000,0.400000,2300,4400,5700,6400,7900,9000,10000,11000,13000,15000,18000,42389,441,2300.0,3154.6877664980666,15.018099002190866,18179.829747998156,308.6538488758876
1693955485,280,,Aggregated,14.600000,0.400000,2300,4400,5700,6400,7900,9100,10000,11000,13000,15000,18000,42413,442,2300.0,3158.6120654043702,15.018099002190866,18179.829747998156,308.67913139839203
1693955486,280,,Aggregated,14.900000,0.500000,2300,4400,5700,6400,8000,9100,10000,11000,13000,15000,18000,42424,442,2300.0,3160.6957698308165,15.018099002190866,18179.829747998156,308.67520742975677
1693955487,280,,Aggregated,14.700000,0.500000,2300,4400,5700,6400,8000,9100,10000,11000,13000,15000,18000,42443,442,2300.0,3164.007054071332,15.018099002190866,18179.829747998156,308.66854369389534
1693955488,280,,Aggregated,15.300000,0.400000,2300,4400,5700,6400,8000,9100,10000,11000,13000,15000,18000,42463,442,2300.0,3167.611760715152,15.018099002190866,18179.829747998156,308.66146998563454
1693955489,280,,Aggregated,15.400000,0.400000,2300,4400,5700,6400,8000,9100,10000,11000,13000,15000,18000,42480,442,2300.0,3170.7040120063207,15.018099002190866,18179.829747998156,308.65550847457627
1693955490,280,,Aggregated,15.500000,0.400000,2300,4400,5700,6400,8000,9100,10000,11000,13000,15000,18000,42495,442,2300.0,3173.152407666349,15.018099002190866,18179.829747998156,308.65024120484765
1693955491,280,,Aggregated,16.200000,0.300000,2300,4400,5700,6400,8000,9100,10000,11000,13000,15000,18000,42512,443,2300.0,3175.8308091101217,15.018099002190866,18179.829747998156,308.67787918705307
1693955492,280,,Aggregated,16.600000,0.300000,2300,4400,5700,6400,8000,9100,10000,11000,13000,15000,18000,42528,443,2300.0,3178.199270124401,15.018099002190866,18179.829747998156,308.6722394657637
1693955493,280,,Aggregated,16.600000,0.200000,2300,4400,5700,6400,8000,9100,10000,11000,13000,15000,18000,42547,444,2300.0,3180.8386906013943,15.018099002190866,18179.829747998156,308.6992032340706
1693955494,280,,Aggregated,16.300000,0.300000,2300,4400,5700,6400,8000,9100,10000,11000,13000,15000,18000,42564,444,2300.0,3183.2234908514138,15.018099002190866,18179.829747998156,308.69330889953955
1693955495,280,,Aggregated,16.700000,0.300000,2300,4400,5700,6400,8000,9100,10000,11000,13000,15000,18000,42588,444,2300.0,3186.445035323837,15.018099002190866,18179.829747998156,308.68488776181084
1693955497,280,,Aggregated,16.500000,0.300000,2300,4400,5700,6400,8000,9100,10000,11000,13000,15000,18000,42614,444,2300.0,3189.8259194253437,15.018099002190866,18179.829747998156,308.6758342328812
1693955498,280,,Aggregated,16.900000,0.200000,2300,4400,5700,6400,8000,9100,10000,11000,13000,15000,18000,42626,444,2300.0,3191.450229984155,15.018099002190866,18179.829747998156,308.6716323370713
1693955499,280,,Aggregated,18.200000,0.200000,2300,4400,5700,6400,8000,9100,10000,11000,13000,15000,18000,42649,445,2300.0,3194.205998790818,15.018099002190866,18179.829747998156,308.69717930080424
1693955500,280,,Aggregated,17.500000,0.200000,2300,4400,5700,6400,8000,9100,10000,11000,13000,15000,18000,42665,445,2300.0,3196.317897034656,15.018099002190866,18179.829747998156,308.6914801359428
1693955501,280,,Aggregated,17.800000,0.300000,2300,4500,5700,6400,8000,9100,10000,11000,13000,15000,18000,42676,446,2300.0,3197.556676997319,15.018099002190866,18179.829747998156,308.7211313150248
1693955502,280,,Aggregated,17.300000,0.300000,2300,4500,5700,6400,8000,9100,10000,11000,13000,15000,18000,42692,446,2300.0,3199.572406080522,15.018099002190866,18179.829747998156,308.71554389581183
1693955503,280,,Aggregated,17.400000,0.300000,2300,4500,5700,6400,8000,9100,10000,11000,13000,15000,18000,42703,446,2300.0,3200.7948005760404,15.018099002190866,18179.829747998156,308.7117298550453
1693955504,280,,Aggregated,17.300000,0.300000,2300,4500,5700,6500,8000,9100,10000,11000,13000,15000,18000,42717,447,2300.0,3202.344541404771,15.018099002190866,18179.829747998156,308.7403375705223
1693955505,280,,Aggregated,16.800000,0.300000,2300,4500,5700,6500,8000,9100,10000,11000,13000,15000,18000,42730,447,2300.0,3204.093921233012,15.018099002190866,18179.829747998156,308.73582962789607
1693955506,280,,Aggregated,16.300000,0.300000,2300,4500,5800,6500,8000,9200,10000,11000,13000,15000,18000,42746,447,2300.0,3206.204928697156,15.018099002190866,18179.829747998156,308.7302905535021
1693955507,285,,Aggregated,15.900000,0.300000,2300,4500,5800,6500,8100,9200,10000,11000,13000,15000,18000,42762,448,2300.0,3208.4863440839918,15.018099002190866,18179.829747998156,308.7581497591319
1693955508,285,,Aggregated,15.200000,0.300000,2300,4500,5800,6500,8100,9200,10000,11000,13000,15000,18000,42778,450,2300.0,3210.838749678426,15.018099002190866,18179.829747998156,308.8194398990135
1693955509,285,,Aggregated,13.900000,0.300000,2300,4500,5800,6500,8100,9200,10000,11000,13000,15000,18000,42792,450,2300.0,3212.658456424604,15.018099002190866,18179.829747998156,308.81454477472425
1693955510,285,,Aggregated,14.300000,0.500000,2400,4500,5800,6500,8100,9200,10000,11000,13000,15000,18000,42811,452,2400.0,3215.4818405033666,15.018099002190866,18179.829747998156,308.8746116652262
1693955511,285,,Aggregated,13.500000,0.500000,2400,4500,5800,6500,8100,9200,10000,11000,13000,15000,18000,42827,453,2400.0,3217.965488401934,15.018099002190866,18179.829747998156,308.9023746701847
1693955512,285,,Aggregated,13.800000,0.600000,2400,4500,5800,6500,8100,9200,10000,11000,13000,15000,18000,42840,453,2400.0,3219.95742441897,15.018099002190866,18179.829747998156,308.89778244631185
1693955513,285,,Aggregated,14.300000,0.800000,2400,4500,5800,6500,8100,9200,10000,11000,13000,15000,18000,42881,454,2400.0,3226.1849926763975,15.018099002190866,18179.829747998156,308.9166997038315
1693955514,285,,Aggregated,14.100000,0.700000,2400,4500,5800,6500,8100,9200,10000,11000,13000,15000,18000,42909,454,2400.0,3230.3361076726464,15.018099002190866,18179.829747998156,308.9068027686499
1693955515,285,,Aggregated,14.500000,0.800000,2400,4500,5800,6500,8100,9200,10000,11000,13000,15000,18000,42934,454,2400.0,3233.6981381997607,15.018099002190866,18179.829747998156,308.8979363674477
1693955517,285,,Aggregated,18.800000,0.700000,2400,4500,5800,6500,8100,9200,10000,11000,13000,15000,18000,42962,454,2400.0,3236.500145510301,15.018099002190866,18179.829747998156,308.8880871467809
1693955518,285,,Aggregated,19.400000,0.700000,2400,4500,5800,6500,8100,9200,10000,11000,13000,15000,18000,42983,454,2400.0,3238.454566021928,15.018099002190866,18179.829747998156,308.880603959705
1693955519,285,,Aggregated,20.800000,0.700000,2400,4500,5800,6500,8100,9200,10000,11000,13000,15000,18000,43006,454,2400.0,3240.6748105524002,15.018099002190866,18179.829747998156,308.8724829093615
1693955520,285,,Aggregated,21.300000,0.500000,2400,4500,5800,6500,8100,9200,10000,11000,13000,15000,18000,43015,454,2400.0,3241.5196800722197,15.018099002190866,18179.829747998156,308.8693479018947
1693955521,285,,Aggregated,21.900000,0.400000,2400,4500,5800,6500,8100,9200,10000,11000,13000,15000,18000,43030,454,2400.0,3243.0697464897407,15.018099002190866,18179.829747998156,308.86409481756914
1693955522,285,,Aggregated,21.500000,0.300000,2400,4500,5800,6500,8100,9200,10000,11000,13000,15000,18000,43043,455,2400.0,3244.244371349617,15.018099002190866,18179.829747998156,308.8928048695491
1693955523,285,,Aggregated,20.900000,0.100000,2400,4500,5800,6500,8100,9200,10000,11000,13000,15000,18000,43051,455,2400.0,3245.148395283654,15.018099002190866,18179.829747998156,308.88992125618455
1693955524,285,,Aggregated,21.000000,0.200000,2400,4500,5800,6500,8100,9200,10000,11000,13000,15000,18000,43065,455,2400.0,3246.6673633528058,15.018099002190866,18179.829747998156,308.8850110298386
1693955525,285,,Aggregated,20.300000,0.100000,2400,4500,5800,6500,8100,9200,10000,11000,13000,15000,18000,43078,455,2400.0,3248.1567088145816,15.018099002190866,18179.829747998156,308.88040298992524
1693955526,285,,Aggregated,17.800000,0.100000,2400,4500,5800,6500,8100,9200,10000,11000,13000,15000,18000,43093,455,2400.0,3250.0175024327277,15.018099002190866,18179.829747998156,308.87522335414104
1693955527,285,,Aggregated,15.900000,0.100000,2400,4500,5800,6600,8100,9200,10000,11000,13000,15000,18000,43108,455,2400.0,3251.9496431954976,15.018099002190866,18179.829747998156,308.86997773035165
1693955528,285,,Aggregated,15.400000,0.100000,2400,4500,5800,6600,8100,9200,10000,11000,13000,15000,18000,43121,455,2400.0,3253.5922924440874,15.018099002190866,18179.829747998156,308.8653556271886
1693955529,285,,Aggregated,14.000000,0.100000,2400,4600,5800,6600,8100,9200,10000,11000,13000,15000,18000,43141,455,2400.0,3256.525550635926,15.018099002190866,18179.829747998156,308.85839456665354
1693955530,285,,Aggregated,13.500000,0.100000,2400,4600,5900,6600,8100,9200,10000,11000,13000,15000,18000,43151,455,2400.0,3258.0622770858486,15.018099002190866,18179.829747998156,308.8548121712127
1693955531,285,,Aggregated,12.400000,0.100000,2400,4600,5900,6600,8200,9200,10000,11000,13000,15000,18000,43165,455,2400.0,3260.348156054939,15.018099002190866,18179.829747998156,308.8499247075177
1693955532,285,,Aggregated,12.900000,0.100000,2400,4600,5900,6600,8200,9300,10000,11000,13000,15000,18000,43180,455,2400.0,3262.649501739101,15.018099002190866,18179.829747998156,308.844696618805
1693955533,285,,Aggregated,12.800000,0.100000,2400,4600,5900,6600,8200,9300,10000,11000,13000,15000,18000,43194,457,2400.0,3264.958959834708,15.018099002190866,18179.829747998156,308.9060286150854
1693955534,285,,Aggregated,13.300000,0.000000,2400,4600,5900,6600,8200,9300,10000,11000,13000,15000,18000,43213,458,2400.0,3268.06246617357,15.018099002190866,18179.829747998156,308.93240460046746
1693955535,285,,Aggregated,13.500000,0.000000,2400,4600,5900,6600,8200,9300,10000,11000,13000,15000,18000,43230,459,2400.0,3270.920131308362,15.018099002190866,18179.829747998156,308.95961138098545
1693955537,285,,Aggregated,14.400000,0.300000,2400,4600,5900,6600,8200,9300,10000,11000,13000,15000,18000,43242,460,2400.0,3273.178644958015,15.018099002190866,18179.829747998156,308.98850654456317
1693955538,285,,Aggregated,14.400000,0.300000,2400,4600,5900,6600,8200,9300,10000,11000,13000,15000,18000,43254,461,2400.0,3275.3350027195293,15.018099002190866,18179.829747998156,309.0173856753133
1693955539,285,,Aggregated,13.900000,0.400000,2400,4600,5900,6600,8200,9300,10000,11000,13000,15000,18000,43280,464,2400.0,3280.0514710336283,15.018099002190866,18179.829747998156,309.1073012939002
1693955540,285,,Aggregated,14.000000,0.600000,2400,4600,5900,6600,8200,9300,10000,11000,13000,15000,18000,43297,464,2400.0,3283.5797981942274,15.018099002190866,18179.829747998156,309.10127722475
1693955541,285,,Aggregated,14.700000,0.900000,2400,4600,5900,6600,8200,9300,10000,11000,13000,15000,18000,43313,464,2400.0,3286.420785004813,15.018099002190866,18179.829747998156,309.0956063999261
1693955542,285,,Aggregated,15.300000,0.900000,2400,4600,5900,6600,8200,9300,11000,11000,13000,15000,18000,43333,464,2400.0,3290.3895834711752,15.018099002190866,18179.829747998156,309.08852375787507
1693955543,285,,Aggregated,15.400000,0.900000,2400,4600,5900,6600,8200,9400,11000,11000,14000,15000,18000,43355,465,2400.0,3294.860616282445,15.018099002190866,18179.829747998156,309.1137585053627
1693955544,285,,Aggregated,15.400000,0.900000,2400,4600,5900,6600,8200,9400,11000,11000,14000,15000,18000,43376,465,2400.0,3298.4858121138977,15.018099002190866,18179.829747998156,309.1063491331612
1693955545,285,,Aggregated,16.300000,1.000000,2400,4600,5900,6600,8200,9400,11000,11000,14000,15000,18000,43391,467,2400.0,3301.1433649022483,15.018099002190866,18179.829747998156,309.1669701090088
1693955546,285,,Aggregated,17.300000,0.800000,2500,4600,5900,6600,8200,9400,11000,11000,14000,15000,18000,43412,469,2500.0,3304.6057552330117,15.018099002190866,18179.829747998156,309.22535243711417
1693955547,285,,Aggregated,17.100000,0.700000,2500,4600,5900,6600,8300,9400,11000,11000,14000,15000,18000,43423,470,2500.0,3306.1802303787053,15.018099002190866,18179.829747998156,309.25435828938583
1693955548,285,,Aggregated,17.200000,0.900000,2500,4600,5900,6600,8300,9400,11000,11000,14000,15000,18000,43436,471,2500.0,3308.1009727953647,15.018099002190866,18179.829747998156,309.2826227092734
1693955549,285,,Aggregated,17.800000,1.100000,2500,4600,5900,6600,8300,9400,11000,11000,14000,15000,18000,43451,471,2500.0,3310.491294013911,15.018099002190866,18179.829747998156,309.2773238820741
1693955550,285,,Aggregated,17.400000,1.000000,2500,4600,5900,6600,8300,9400,11000,11000,14000,15000,18000,43465,471,2500.0,3312.5162876343825,15.018099002190866,18179.829747998156,309.272357068906
1693955551,285,,Aggregated,16.800000,0.700000,2500,4600,5900,6700,8300,9400,11000,11000,14000,15000,18000,43482,473,2500.0,3314.913020754666,15.018099002190866,18179.829747998156,309.33209144013614
1693955552,285,,Aggregated,16.000000,0.700000,2500,4600,5900,6700,8300,9400,11000,11000,14000,16000,18000,43497,473,2500.0,3317.2836327368173,15.018099002190866,18179.829747998156,309.3267121870474
1693955553,285,,Aggregated,16.200000,0.700000,2500,4600,5900,6700,8300,9400,11000,11000,14000,16000,18000,43511,474,2500.0,3319.425257810127,15.018099002190866,18179.829747998156,309.3545540208223
1693955554,285,,Aggregated,15.800000,0.900000,2500,4600,6000,6700,8300,9400,11000,11000,14000,16000,18000,43531,474,2500.0,3322.529672507831,15.018099002190866,18179.829747998156,309.3473616503182
1693955555,285,,Aggregated,15.600000,0.800000,2500,4600,6000,6700,8300,9400,11000,11000,14000,16000,18000,43546,474,2500.0,3324.8408236109954,15.018099002190866,18179.829747998156,309.3420061544114
1693955557,285,,Aggregated,14.700000,0.900000,2500,4600,6000,6700,8300,9400,11000,11000,14000,16000,18000,43562,474,2500.0,3327.2545862884035,15.018099002190866,18179.829747998156,309.3363022818052
1693955558,285,,Aggregated,14.400000,0.600000,2500,4700,6000,6700,8300,9400,11000,11000,14000,16000,18000,43584,474,2500.0,3330.701103127074,15.018099002190866,18179.829747998156,309.3284921071953
1693955559,285,,Aggregated,14.400000,0.600000,2500,4700,6000,6700,8300,9400,11000,11000,14000,16000,18000,43598,474,2500.0,3332.9614791433864,15.018099002190866,18179.829747998156,309.3234552043672
1693955560,285,,Aggregated,14.400000,0.400000,2500,4700,6000,6700,8300,9400,11000,11000,14000,16000,18000,43613,474,2500.0,3335.406034561904,15.018099002190866,18179.829747998156,309.31804737119666
1693955561,285,,Aggregated,15.700000,0.300000,2500,4700,6000,6700,8300,9400,11000,11000,14000,16000,18000,43630,474,2500.0,3337.8972961334025,15.018099002190866,18179.829747998156,309.3120330048132
1693955562,285,,Aggregated,15.800000,0.300000,2500,4700,6000,6700,8300,9500,11000,11000,14000,16000,18000,43645,475,2500.0,3340.124501334411,15.018099002190866,18179.829747998156,309.33942032306106
1693955563,285,,Aggregated,15.800000,0.300000,2500,4700,6000,6700,8300,9500,11000,12000,14000,16000,18000,43665,476,2500.0,3343.339974443498,15.018099002190866,18179.829747998156,309.3651208061376
1693955564,285,,Aggregated,15.900000,0.200000,2500,4700,6000,6700,8300,9500,11000,12000,14000,16000,18000,43684,476,2500.0,3346.776177119112,15.018099002190866,18179.829747998156,309.35836919696
1693955565,285,,Aggregated,15.500000,0.300000,2500,4700,6000,6700,8300,9500,11000,12000,14000,16000,18000,43706,476,2500.0,3350.6058717894834,15.018099002190866,18179.829747998156,309.3504781952135
1693955566,285,,Aggregated,16.100000,0.200000,2500,4700,6000,6700,8400,9500,11000,12000,14000,16000,18000,43727,478,2500.0,3353.8699857841175,15.018099002190866,18179.829747998156,309.40844329590414
1693955567,290,,Aggregated,16.300000,0.200000,2500,4700,6000,6700,8400,9500,11000,12000,14000,16000,18000,43737,479,2500.0,3355.3763499812317,15.018099002190866,18179.829747998156,309.4375242929328
1693955568,290,,Aggregated,17.500000,0.400000,2500,4700,6000,6700,8400,9500,11000,12000,14000,16000,18000,43757,479,2500.0,3358.3272792617445,15.018099002190866,18179.829747998156,309.4303540005028
1693955569,290,,Aggregated,16.900000,0.400000,2500,4700,6000,6700,8400,9500,11000,12000,14000,16000,18000,43772,480,2500.0,3360.3241430653416,15.018099002190866,18179.829747998156,309.4577126930458
1693955570,290,,Aggregated,16.500000,0.500000,2500,4700,6000,6700,8400,9500,11000,12000,14000,16000,18000,43791,481,2500.0,3363.077576857165,15.018099002190866,18179.829747998156,309.48354684752576
1693955571,290,,Aggregated,16.400000,0.500000,2500,4700,6000,6700,8400,9500,11000,12000,14000,16000,18000,43811,483,2500.0,3365.9228282377508,15.018099002190866,18179.829747998156,309.54164479240376
1693955572,290,,Aggregated,16.700000,0.600000,2500,4700,6000,6700,8400,9500,11000,12000,14000,16000,18000,43823,483,2500.0,3367.7263609269366,15.018099002190866,18179.829747998156,309.5372977660133
1693955573,290,,Aggregated,17.400000,0.700000,2500,4700,6000,6700,8400,9500,11000,12000,14000,16000,18000,43839,483,2500.0,3369.8180259343994,15.018099002190866,18179.829747998156,309.5315358470768
1693955574,290,,Aggregated,17.400000,0.800000,2500,4700,6000,6700,8400,9500,11000,12000,14000,16000,18000,43853,485,2500.0,3371.745988189958,15.018099002190866,18179.829747998156,309.5917725127129
1693955575,290,,Aggregated,17.000000,0.700000,2500,4700,6000,6800,8400,9500,11000,12000,14000,16000,18000,43870,485,2500.0,3373.7519848237357,15.018099002190866,18179.829747998156,309.58566218372465
1693955577,290,,Aggregated,16.700000,0.800000,2500,4700,6000,6800,8400,9500,11000,12000,14000,16000,18000,43905,486,2500.0,3378.1981138461047,15.018099002190866,18179.829747998156,309.60567133583874
1693955578,290,,Aggregated,14.900000,0.700000,2500,4700,6000,6800,8400,9500,11000,12000,14000,16000,18000,43930,486,2500.0,3381.167182595885,15.018099002190866,18179.829747998156,309.59674482130663
1693955579,290,,Aggregated,17.400000,0.800000,2500,4700,6000,6800,8400,9500,11000,12000,14000,16000,18000,43958,487,2500.0,3384.0507126525827,15.018099002190866,18179.829747998156,309.61920469539103
1693955580,290,,Aggregated,18.200000,0.700000,2600,4800,6000,6800,8400,9500,11000,12000,14000,16000,18000,43972,489,2600.0,3385.412812773656,15.018099002190866,18179.829747998156,309.6791822068589
1693955581,290,,Aggregated,19.100000,0.800000,2600,4800,6100,6800,8400,9500,11000,12000,14000,16000,18000,43986,489,2600.0,3386.8331031919756,15.018099002190866,18179.829747998156,309.6741463192834
1693955582,290,,Aggregated,19.000000,0.900000,2600,4800,6100,6800,8400,9500,11000,12000,14000,16000,18000,44003,489,2600.0,3388.6790831876965,15.018099002190866,18179.829747998156,309.6680453605436
1693955583,290,,Aggregated,18.300000,0.800000,2600,4800,6100,6800,8400,9500,11000,12000,14000,16000,18000,44018,489,2600.0,3390.315312502504,15.018099002190866,18179.829747998156,309.6626834476805
1693955584,290,,Aggregated,18.300000,0.600000,2600,4800,6100,6800,8400,9500,11000,12000,14000,16000,18000,44028,489,2600.0,3391.4495239944413,15.018099002190866,18179.829747998156,309.6591032979013
1693955585,290,,Aggregated,18.500000,0.600000,2600,4800,6100,6800,8400,9500,11000,12000,14000,16000,18000,44045,489,2600.0,3393.590839546856,15.018099002190866,18179.829747998156,309.65290044272905
1693955586,290,,Aggregated,18.100000,0.500000,2600,4800,6100,6800,8400,9500,11000,12000,14000,16000,18000,44058,490,2600.0,3395.133657481439,15.018099002190866,18179.829747998156,309.6807390258296
1693955587,290,,Aggregated,18.100000,0.400000,2600,4800,6100,6800,8400,9500,11000,12000,14000,16000,18000,44068,490,2600.0,3396.5437796416954,15.018099002190866,18179.829747998156,309.6770899518925
1693955588,290,,Aggregated,18.100000,0.500000,2600,4800,6100,6800,8400,9500,11000,12000,14000,16000,18000,44089,490,2600.0,3399.43116293863,15.018099002190866,18179.829747998156,309.6695547642269
1693955589,290,,Aggregated,15.700000,0.400000,2600,4800,6100,6800,8400,9500,11000,12000,14000,16000,18000,44104,491,2600.0,3401.5129812099626,15.018099002190866,18179.829747998156,309.69653546163613
1693955590,290,,Aggregated,14.600000,0.400000,2600,4800,6100,6800,8400,9500,11000,12000,14000,16000,18000,44124,491,2600.0,3404.448728366109,15.018099002190866,18179.829747998156,309.68930740640013
1693955591,290,,Aggregated,14.100000,0.400000,2600,4800,6100,6800,8500,9500,11000,12000,14000,16000,18000,44136,492,2600.0,3406.028235881869,15.018099002190866,18179.829747998156,309.7174188870763
1693955592,290,,Aggregated,13.800000,0.200000,2600,4800,6100,6800,8500,9600,11000,12000,14000,16000,18000,44155,492,2600.0,3408.9806969752285,15.018099002190866,18179.829747998156,309.7106329973955
1693955593,290,,Aggregated,14.300000,0.200000,2600,4800,6100,6800,8500,9600,11000,12000,14000,16000,18000,44172,492,2600.0,3411.774159356022,15.018099002190866,18179.829747998156,309.70440550575023
1693955594,290,,Aggregated,14.300000,0.300000,2600,4800,6100,6800,8500,9600,11000,12000,14000,16000,18000,44190,493,2600.0,3414.4513210221576,15.018099002190866,18179.829747998156,309.73027834351666
1693955595,290,,Aggregated,14.800000,0.300000,2600,4800,6100,6800,8500,9600,11000,12000,14000,16000,18000,44202,493,2600.0,3416.555564633729,15.018099002190866,18179.829747998156,309.7259173793041
1693955597,290,,Aggregated,15.100000,0.300000,2600,4800,6100,6800,8500,9600,11000,12000,14000,16000,18000,44221,493,2600.0,3419.5653302408823,15.018099002190866,18179.829747998156,309.7190701250537
1693955598,290,,Aggregated,15.100000,0.300000,2600,4800,6100,6800,8500,9600,11000,12000,14000,16000,18000,44236,493,2600.0,3421.832567585385,15.018099002190866,18179.829747998156,309.71367212225334
1693955599,290,,Aggregated,15.900000,0.300000,2600,4800,6100,6800,8500,9600,11000,12000,14000,16000,18000,44257,496,2600.0,3425.0429555792766,15.018099002190866,18179.829747998156,309.80308199832797
1693955600,290,,Aggregated,15.900000,0.300000,2600,4800,6100,6800,8500,9600,11000,12000,14000,16000,18000,44274,496,2600.0,3427.611601804377,15.018099002190866,18179.829747998156,309.7969237023987
1693955601,290,,Aggregated,16.200000,0.500000,2600,4800,6100,6800,8500,9600,11000,12000,14000,16000,18000,44292,496,2600.0,3430.6281637437905,15.018099002190866,18179.829747998156,309.7904136187122
1693955602,290,,Aggregated,16.200000,0.500000,2600,4800,6100,6800,8500,9600,11000,12000,14000,16000,18000,44308,496,2600.0,3433.0269444083915,15.018099002190866,18179.829747998156,309.78468899521533
1693955603,290,,Aggregated,15.900000,0.500000,2600,4800,6100,6900,8500,9600,11000,12000,14000,16000,18000,44332,496,2600.0,3436.7611397586384,15.018099002190866,18179.829747998156,309.7759631868628
1693955604,290,,Aggregated,16.100000,0.400000,2600,4800,6100,6900,8500,9600,11000,12000,14000,16000,18000,44344,496,2600.0,3438.3959444606467,15.018099002190866,18179.829747998156,309.77155872271334
1693955605,290,,Aggregated,16.600000,0.400000,2600,4800,6100,6900,8500,9600,11000,12000,14000,16000,18000,44361,499,2600.0,3440.499901420683,15.018099002190866,18179.829747998156,309.86215369355966
1693955606,290,,Aggregated,16.500000,0.400000,2600,4800,6100,6900,8500,9600,11000,12000,14000,16000,18000,44381,499,2600.0,3443.2935629794933,15.018099002190866,18179.829747998156,309.854892859557
1693955607,290,,Aggregated,16.700000,0.500000,2600,4800,6100,6900,8500,9600,11000,12000,14000,16000,18000,44395,501,2600.0,3445.117426272821,15.018099002190866,18179.829747998156,309.9142921500169
1693955608,290,,Aggregated,17.200000,0.600000,2600,4800,6200,6900,8500,9700,11000,12000,14000,16000,18000,44413,501,2600.0,3447.6737952068966,15.018099002190866,18179.829747998156,309.907684686916
1693955609,290,,Aggregated,16.900000,0.600000,2600,4800,6200,6900,8500,9700,11000,12000,14000,16000,18000,44431,501,2600.0,3450.157838720688,15.018099002190866,18179.829747998156,309.9011275910963
1693955610,290,,Aggregated,16.500000,0.800000,2600,4900,6200,6900,8500,9700,11000,12000,14000,16000,18000,44449,501,2600.0,3452.3948435250263,15.018099002190866,18179.829747998156,309.8945533082859
1693955611,290,,Aggregated,15.800000,0.500000,2600,4900,6200,6900,8500,9700,11000,12000,14000,16000,18000,44465,501,2600.0,3454.6362602930153,15.018099002190866,18179.829747998156,309.88876644551897
1693955612,290,,Aggregated,16.900000,0.500000,2600,4900,6200,6900,8500,9700,11000,12000,14000,16000,18000,44476,502,2600.0,3456.009368258812,15.018099002190866,18179.829747998156,309.9169664538178
1693955613,290,,Aggregated,16.600000,0.500000,2600,4900,6200,6900,8600,9700,11000,12000,14000,16000,18000,44487,503,2600.0,3457.4655144493654,15.018099002190866,18179.829747998156,309.9451525164655
1693955614,290,,Aggregated,16.500000,0.600000,2600,4900,6200,6900,8600,9700,11000,12000,14000,16000,18000,44498,503,2600.0,3458.9944053287995,15.018099002190866,18179.829747998156,309.9411883680165
1693955616,290,,Aggregated,15.300000,0.600000,2600,4900,6200,6900,8600,9700,11000,12000,14000,16000,18000,44519,504,2600.0,3462.0777795228305,15.018099002190866,18179.829747998156,309.96563265122757
1693955617,290,,Aggregated,14.800000,0.700000,2600,4900,6200,6900,8600,9700,11000,12000,14000,16000,18000,44531,504,2600.0,3464.0321633925328,15.018099002190866,18179.829747998156,309.9612629404235
1693955618,290,,Aggregated,14.500000,0.500000,2600,4900,6200,6900,8600,9700,11000,12000,14000,16000,18000,44548,505,2600.0,3466.7961647636,15.018099002190866,18179.829747998156,309.9871823650893
1693955619,290,,Aggregated,14.100000,0.500000,2600,4900,6200,6900,8600,9700,11000,12000,14000,16000,18000,44572,505,2600.0,3470.7757402255643,15.018099002190866,18179.829747998156,309.97850668581174
1693955620,290,,Aggregated,14.700000,0.300000,2600,4900,6200,6900,8600,9700,11000,12000,14000,16000,18000,44592,506,2600.0,3473.811322456694,15.018099002190866,18179.829747998156,310.0033189809831
1693955621,290,,Aggregated,15.500000,0.400000,2600,4900,6200,6900,8600,9700,11000,12000,14000,16000,18000,44611,507,2600.0,3476.344233657862,15.018099002190866,18179.829747998156,310.02849073098565
1693955622,290,,Aggregated,14.700000,0.500000,2700,4900,6200,6900,8600,9700,11000,12000,14000,16000,18000,44634,508,2700.0,3479.4977044729785,15.018099002190866,18179.829747998156,310.05202312138726
1693955623,290,,Aggregated,15.500000,0.600000,2700,4900,6200,6900,8600,9700,11000,12000,14000,16000,18000,44651,509,2700.0,3481.983304801123,15.018099002190866,18179.829747998156,310.07782580457325
1693955624,290,,Aggregated,15.800000,0.600000,2700,4900,6200,6900,8600,9800,11000,12000,14000,16000,18000,44665,509,2700.0,3484.091446576154,15.018099002190866,18179.829747998156,310.07274152020597
1693955625,290,,Aggregated,16.700000,0.700000,2700,4900,6200,6900,8600,9800,11000,12000,14000,16000,18000,44684,509,2700.0,3486.9379568763966,15.018099002190866,18179.829747998156,310.0659072598693
1693955626,290,,Aggregated,17.400000,0.600000,2700,4900,6200,7000,8600,9800,11000,12000,14000,16000,18000,44704,509,2700.0,3489.9765946872294,15.018099002190866,18179.829747998156,310.0586524695777
1693955627,295,,Aggregated,17.700000,0.600000,2700,4900,6200,7000,8600,9800,11000,12000,14000,16000,18000,44714,510,2700.0,3491.482853905128,15.018099002190866,18179.829747998156,310.0870197253657
1693955628,295,,Aggregated,17.500000,0.500000,2700,4900,6200,7000,8600,9800,11000,12000,14000,16000,18000,44730,510,2700.0,3494.059497691816,15.018099002190866,18179.829747998156,310.0811983009166
1693955629,295,,Aggregated,17.600000,0.500000,2700,4900,6200,7000,8600,9800,11000,12000,14000,16000,18000,44736,510,2700.0,3494.8477035615374,15.018099002190866,18179.829747998156,310.0790414878398
1693955630,295,,Aggregated,17.400000,0.600000,2700,4900,6200,7000,8600,9800,11000,12000,14000,16000,18000,44750,511,2700.0,3497.1268293831727,15.018099002190866,18179.829747998156,310.1058324022346
1693955631,295,,Aggregated,16.500000,0.500000,2700,4900,6200,7000,8600,9800,11000,12000,14000,16000,18000,44765,512,2700.0,3499.431565409538,15.018099002190866,18179.829747998156,310.13233552999
1693955632,295,,Aggregated,15.400000,0.400000,2700,4900,6200,7000,8600,9800,11000,12000,14000,16000,18000,44777,513,2700.0,3501.161235881725,15.018099002190866,18179.829747998156,310.15994818768564
1693955633,295,,Aggregated,14.400000,0.400000,2700,4900,6200,7000,8700,9800,11000,12000,14000,16000,18000,44791,514,2700.0,3503.4624532195307,15.018099002190866,18179.829747998156,310.18677859391397
1693955634,295,,Aggregated,14.100000,0.400000,2700,4900,6200,7000,8700,9800,11000,12000,14000,16000,18000,44808,514,2700.0,3506.388671360293,15.018099002190866,18179.829747998156,310.1805704338511
1693955636,295,,Aggregated,13.300000,0.400000,2700,4900,6300,7000,8700,9800,11000,12000,14000,16000,18000,44822,515,2700.0,3508.741747621301,15.018099002190866,18179.829747998156,310.2073535317478
1693955637,295,,Aggregated,13.300000,0.500000,2700,4900,6300,7000,8700,9800,11000,12000,14000,16000,18000,44839,517,2700.0,3511.7357284033083,15.018099002190866,18179.829747998156,310.2649702268115
1693955638,295,,Aggregated,12.800000,0.600000,2700,4900,6300,7000,8700,9800,11000,12000,14000,16000,18000,44854,517,2700.0,3514.3731629448193,15.018099002190866,18179.829747998156,310.259374860659
1693955639,295,,Aggregated,13.100000,0.800000,2700,5000,6300,7000,8700,9800,11000,12000,14000,16000,18000,44876,518,2700.0,3518.080085128084,15.018099002190866,18179.829747998156,310.2832026027275
1693955640,295,,Aggregated,13.200000,0.700000,2700,5000,6300,7000,8700,9900,11000,12000,14000,16000,18000,44917,520,2700.0,3525.0437261001593,15.018099002190866,18179.829747998156,310.3319010619587
1693955641,295,,Aggregated,13.800000,0.800000,2700,5000,6300,7000,8700,9900,11000,12000,14000,17000,18000,44939,520,2700.0,3528.7438725527445,15.018099002190866,18179.829747998156,310.3238389817308
1693955642,295,,Aggregated,16.700000,0.900000,2700,5000,6300,7000,8700,9900,11000,12000,14000,17000,18000,44964,520,2700.0,3532.517618445508,15.018099002190866,18179.829747998156,310.3145182812917
1693955643,295,,Aggregated,18.400000,0.900000,2700,5000,6300,7000,8700,9900,11000,12000,14000,17000,18000,44988,521,2700.0,3536.0623242015185,15.018099002190866,18179.829747998156,310.3374010847337
1693955644,295,,Aggregated,19.000000,0.800000,2700,5000,6300,7000,8700,9900,11000,12000,14000,17000,18000,45004,521,2700.0,3538.229562263219,15.018099002190866,18179.829747998156,310.33148164607593
1693955645,295,,Aggregated,20.000000,0.800000,2700,5000,6300,7000,8700,9900,11000,12000,14000,17000,18000,45025,522,2700.0,3540.835258348205,15.018099002190866,18179.829747998156,310.3555580233204
1693955646,295,,Aggregated,20.400000,0.700000,2700,5000,6300,7000,8700,9900,11000,12000,14000,17000,18000,45040,523,2700.0,3542.3162756721777,15.018099002190866,18179.829747998156,310.38177175843697
1693955647,295,,Aggregated,20.700000,0.800000,2700,5000,6300,7000,8700,9900,11000,12000,14000,17000,18000,45050,523,2700.0,3543.6372547683654,15.018099002190866,18179.829747998156,310.3780688124306
1693955648,295,,Aggregated,21.100000,0.800000,2700,5000,6300,7000,8700,9900,11000,12000,14000,17000,18000,45068,523,2700.0,3545.6733320520516,15.018099002190866,18179.829747998156,310.3713943374456
1693955649,295,,Aggregated,20.700000,0.600000,2700,5000,6300,7000,8700,9900,11000,12000,14000,17000,18000,45079,523,2700.0,3546.8069286556015,15.018099002190866,18179.829747998156,310.3673550877349
1693955650,295,,Aggregated,20.700000,0.600000,2700,5000,6300,7100,8700,9900,11000,12000,14000,17000,18000,45093,523,2700.0,3548.3100616090924,15.018099002190866,18179.829747998156,310.3622291708247
1693955651,295,,Aggregated,19.900000,0.500000,2700,5000,6300,7100,8700,9900,11000,12000,14000,17000,18000,45106,523,2700.0,3550.048169798737,15.018099002190866,18179.829747998156,310.35744690285105
1693955652,295,,Aggregated,18.000000,0.400000,2700,5000,6300,7100,8800,9900,11000,12000,14000,17000,18000,45121,523,2700.0,3551.8425901158835,15.018099002190866,18179.829747998156,310.3519203918353
1693955653,295,,Aggregated,15.900000,0.300000,2700,5000,6300,7100,8800,9900,11000,12000,14000,17000,18000,45137,523,2700.0,3553.697452071399,15.018099002190866,18179.829747998156,310.3460354033276
1693955654,295,,Aggregated,14.800000,0.300000,2700,5000,6300,7100,8800,9900,11000,12000,14000,17000,18000,45145,524,2700.0,3554.603673113473,15.018099002190866,18179.829747998156,310.37472588326506
1693955656,295,,Aggregated,13.900000,0.200000,2700,5000,6300,7100,8800,9900,11000,12000,14000,17000,18000,45165,524,2700.0,3557.0859372099353,15.018099002190866,18179.829747998156,310.3674083914536
1693955657,295,,Aggregated,13.000000,0.200000,2700,5000,6300,7100,8800,9900,11000,12000,14000,17000,18000,45181,524,2700.0,3559.5453930675235,15.018099002190866,18179.829747998156,310.36147938292646
1693955658,295,,Aggregated,12.800000,0.100000,2700,5000,6300,7100,8800,9900,11000,12000,14000,17000,18000,45195,525,2700.0,3561.462954731161,15.018099002190866,18179.829747998156,310.38800752295606
1693955659,295,,Aggregated,12.900000,0.100000,2800,5000,6400,7100,8800,9900,11000,12000,14000,17000,18000,45220,526,2800.0,3565.3077995723957,15.018099002190866,18179.829747998156,310.41045997346305
1693955660,295,,Aggregated,13.500000,0.200000,2800,5000,6400,7100,8800,9900,11000,12000,14000,17000,18000,45239,526,2800.0,3568.326850718158,15.018099002190866,18179.829747998156,310.40347929883507
1693955661,295,,Aggregated,14.400000,0.300000,2800,5000,6400,7100,8800,9900,11000,12000,14000,17000,18000,45255,526,2800.0,3570.865875262793,15.018099002190866,18179.829747998156,310.3975030383383
1693955662,295,,Aggregated,14.800000,0.300000,2800,5000,6400,7100,8800,10000,11000,12000,14000,17000,18000,45270,526,2800.0,3573.385484882785,15.018099002190866,18179.829747998156,310.39200353434944
1693955663,295,,Aggregated,15.700000,0.300000,2800,5000,6400,7100,8800,10000,11000,12000,14000,17000,18000,45291,527,2800.0,3576.5951810013617,15.018099002190866,18179.829747998156,310.4158883663421
1693955664,295,,Aggregated,15.800000,0.300000,2800,5000,6400,7100,8800,10000,11000,12000,14000,17000,18000,45308,527,2800.0,3579.1734123967435,15.018099002190866,18179.829747998156,310.4096627527148
1693955665,295,,Aggregated,16.400000,0.400000,2800,5100,6400,7100,8800,10000,11000,12000,14000,17000,18000,45331,527,2800.0,3582.859922104337,15.018099002190866,18179.829747998156,310.40120447375966
1693955666,295,,Aggregated,15.900000,0.400000,2800,5100,6400,7100,8800,10000,11000,12000,14000,17000,18000,45347,527,2800.0,3585.195842247575,15.018099002190866,18179.829747998156,310.3953293492403
1693955667,295,,Aggregated,17.500000,0.300000,2800,5100,6400,7100,8800,10000,11000,12000,14000,17000,18000,45368,527,2800.0,3588.31147873234,15.018099002190866,18179.829747998156,310.38760800564273
1693955668,295,,Aggregated,17.600000,0.300000,2800,5100,6400,7100,8800,10000,11000,12000,14000,17000,18000,45386,527,2800.0,3590.9581672328873,15.018099002190866,18179.829747998156,310.38088837967655
1693955669,295,,Aggregated,17.600000,0.300000,2800,5100,6400,7100,8800,10000,11000,12000,14000,17000,18000,45409,528,2800.0,3593.9772403233897,15.018099002190866,18179.829747998156,310.4039948027924
1693955670,295,,Aggregated,18.000000,0.200000,2800,5100,6400,7200,8800,10000,11000,12000,14000,17000,18000,45425,530,2800.0,3596.0545696698036,15.018099002190866,18179.829747998156,310.4610456796918
1693955671,295,,Aggregated,18.100000,0.100000,2800,5100,6400,7200,8800,10000,11000,12000,14000,17000,18000,45440,530,2800.0,3598.3318031366384,15.018099002190866,18179.829747998156,310.45556778169015
1693955672,295,,Aggregated,17.900000,0.200000,2800,5100,6400,7200,8800,10000,11000,12000,14000,17000,18000,45454,530,2800.0,3600.4962676453315,15.018099002190866,18179.829747998156,310.4504554054649
1693955674,295,,Aggregated,17.900000,0.400000,2800,5100,6400,7200,8800,10000,11000,12000,14000,17000,18000,45468,531,2800.0,3602.4717092059664,15.018099002190866,18179.829747998156,310.4767748746371
1693955675,295,,Aggregated,17.800000,0.400000,2800,5100,6400,7200,8800,10000,11000,12000,14000,17000,18000,45484,532,2800.0,3604.2962836586694,15.018099002190866,18179.829747998156,310.50235247559584
1693955676,295,,Aggregated,17.200000,0.400000,2800,5100,6400,7200,8900,10000,11000,12000,14000,17000,18000,45503,532,2800.0,3606.632099333054,15.018099002190866,18179.829747998156,310.49535195481616
1693955677,295,,Aggregated,16.400000,0.500000,2800,5100,6400,7200,8900,10000,11000,12000,14000,17000,18000,45514,533,2800.0,3607.9852339715903,15.018099002190866,18179.829747998156,310.5227182844839
1693955678,295,,Aggregated,16.400000,0.500000,2800,5100,6400,7200,8900,10000,11000,12000,14000,17000,18000,45535,533,2800.0,3610.9883611386613,15.018099002190866,18179.829747998156,310.5149884704074
1693955679,295,,Aggregated,16.300000,0.600000,2800,5100,6400,7200,8900,10000,11000,12000,14000,17000,18000,45555,535,2800.0,3613.5891308486875,15.018099002190866,18179.829747998156,310.5704972011854
1693955680,295,,Aggregated,15.700000,0.600000,2800,5100,6400,7200,8900,10000,11000,12000,14000,17000,18000,45574,535,2800.0,3615.953312208519,15.018099002190866,18179.829747998156,310.5635230613947
1693955681,295,,Aggregated,15.300000,0.800000,2800,5100,6400,7200,8900,10000,11000,12000,14000,17000,18000,45593,535,2800.0,3618.3504826024177,15.018099002190866,18179.829747998156,310.5565766674709
1693955682,295,,Aggregated,15.400000,0.700000,2800,5100,6400,7200,8900,10000,11000,12000,14000,17000,18000,45611,535,2800.0,3620.7194092859845,15.018099002190866,18179.829747998156,310.54995505470174
1693955683,295,,Aggregated,15.700000,0.500000,2800,5100,6400,7200,8900,10000,11000,12000,14000,17000,18000,45623,535,2800.0,3622.1103004762085,15.018099002190866,18179.829747998156,310.5455800802227
1693955684,295,,Aggregated,16.200000,0.500000,2800,5100,6500,7200,8900,10000,11000,12000,14000,17000,18000,45644,536,2800.0,3624.496632563163,15.018099002190866,18179.829747998156,310.56920953465954
1693955685,295,,Aggregated,16.500000,0.500000,2800,5100,6500,7200,8900,10000,11000,12000,14000,17000,18000,45661,536,2800.0,3626.8950321887833,15.018099002190866,18179.829747998156,310.56293116664114
1693955686,295,,Aggregated,16.500000,0.400000,2800,5100,6500,7200,8900,10000,11000,12000,14000,17000,18000,45674,536,2800.0,3628.6967126943355,15.018099002190866,18179.829747998156,310.5581512457853
1693955687,300,,Aggregated,16.900000,0.400000,2800,5100,6500,7200,8900,10000,11000,12000,14000,17000,18000,45682,536,2800.0,3629.940259409376,15.018099002190866,18179.829747998156,310.5552077404667
1693955688,300,,Aggregated,16.600000,0.400000,2800,5100,6500,7200,8900,10000,11000,12000,14000,17000,18000,45689,536,2800.0,3630.953485869096,15.018099002190866,18179.829747998156,310.5526494342183
1693955689,300,,Aggregated,16.400000,0.300000,2800,5100,6500,7200,8900,10000,11000,12000,14000,17000,18000,45703,538,2800.0,3633.295714654512,15.018099002190866,18179.829747998156,310.61011312167693
1693955690,300,,Aggregated,15.200000,0.300000,2800,5100,6500,7200,8900,10000,11000,12000,14000,17000,18000,45719,538,2800.0,3635.9944438329853,15.018099002190866,18179.829747998156,310.6042345633107
1693955691,300,,Aggregated,14.400000,0.200000,2800,5100,6500,7200,8900,10000,11000,12000,14000,17000,19000,45736,538,2800.0,3639.0952649594465,15.018099002190866,18639.38618800239,310.598040930558
1693955692,300,,Aggregated,13.900000,0.300000,2800,5100,6500,7200,8900,10000,11000,12000,14000,17000,19000,45743,538,2800.0,3640.2183818865233,15.018099002190866,18639.38618800239,310.59547908969677
1693955694,300,,Aggregated,13.600000,0.300000,2800,5100,6500,7200,8900,10000,11000,12000,14000,17000,19000,45756,539,2800.0,3642.4100655221673,15.018099002190866,18639.38618800239,310.62192936445496
1693955695,300,,Aggregated,13.300000,0.300000,2800,5200,6500,7200,8900,10000,11000,12000,14000,17000,19000,45776,539,2800.0,3646.07662489541,15.018099002190866,18639.38618800239,310.61457969241525
1693955696,300,,Aggregated,12.400000,0.300000,2800,5200,6500,7200,8900,10000,11000,12000,14000,17000,19000,45786,540,2800.0,3647.8777340040256,15.018099002190866,18639.38618800239,310.6421613593675
1693955697,300,,Aggregated,12.300000,0.300000,2800,5200,6500,7200,8900,10000,11000,12000,14000,17000,19000,45803,541,2800.0,3650.8232174284726,15.018099002190866,18639.38618800239,310.6671833722682
1693955698,300,,Aggregated,11.900000,0.400000,2900,5200,6500,7300,8900,10000,11000,12000,14000,17000,19000,45825,541,2900.0,3654.818818284414,15.018099002190866,18639.38618800239,310.65905073649753
1693955699,300,,Aggregated,12.200000,0.500000,2900,5200,6500,7300,9000,10000,11000,12000,15000,17000,19000,45844,541,2900.0,3658.5456511749485,15.018099002190866,18639.38618800239,310.6520591571416
1693955700,300,,Aggregated,13.700000,0.500000,2900,5200,6500,7300,9000,10000,11000,12000,15000,17000,19000,45865,543,2900.0,3662.317769768568,15.018099002190866,18639.38618800239,310.7067480649733
1693955701,300,,Aggregated,14.600000,0.400000,2900,5200,6500,7300,9000,10000,11000,12000,15000,17000,19000,45881,543,2900.0,3665.477168406733,15.018099002190866,18639.38618800239,310.7009001547481
1693955702,300,,Aggregated,15.000000,0.500000,2900,5200,6500,7300,9000,10000,11000,12000,15000,17000,19000,45908,543,2900.0,3670.3042068162267,15.018099002190866,18639.38618800239,310.69096889431034
1693955703,300,,Aggregated,15.400000,0.500000,2900,5200,6500,7300,9000,10000,11000,12000,15000,17000,19000,45949,545,2900.0,3677.049554562303,15.018099002190866,18639.38618800239,310.7381662277743
1693955704,300,,Aggregated,15.600000,0.500000,2900,5200,6500,7300,9000,10000,11000,12000,15000,17000,19000,45973,545,2900.0,3680.829164849243,15.018099002190866,18639.38618800239,310.729341135014
1693955705,300,,Aggregated,19.200000,0.700000,2900,5200,6500,7300,9000,10000,12000,12000,15000,17000,19000,45995,546,2900.0,3683.6543120507736,15.018099002190866,18639.38618800239,310.75238612892707
1693955706,300,,Aggregated,20.600000,0.600000,2900,5200,6500,7300,9000,10000,12000,12000,15000,17000,19000,46011,546,2900.0,3685.824954443727,15.018099002190866,18639.38618800239,310.7465171372063
1693955707,300,,Aggregated,20.000000,0.600000,2900,5200,6600,7300,9000,10000,12000,12000,15000,17000,19000,46026,546,2900.0,3687.7237596312148,15.018099002190866,18639.38618800239,310.74101594750795
1693955708,300,,Aggregated,21.400000,0.600000,2900,5200,6600,7300,9000,10000,12000,12000,15000,17000,19000,46043,546,2900.0,3689.3404476067003,15.018099002190866,18639.38618800239,310.73470451534433
1693955709,300,,Aggregated,21.500000,0.500000,2900,5200,6600,7300,9000,10000,12000,12000,15000,17000,19000,46050,546,2900.0,3690.037124664979,15.018099002190866,18639.38618800239,310.73213897937023
1693955710,300,,Aggregated,21.100000,0.500000,2900,5200,6600,7300,9000,10000,12000,12000,15000,17000,19000,46066,547,2900.0,3692.1785906449063,15.018099002190866,18639.38618800239,310.75734815265054
1693955711,300,,Aggregated,20.400000,0.500000,2900,5200,6600,7300,9000,10000,12000,12000,15000,17000,19000,46081,548,2900.0,3694.0034631427766,15.018099002190866,18639.38618800239,310.78286061500404
1693955713,300,,Aggregated,19.700000,0.300000,2900,5200,6600,7300,9000,10000,12000,12000,15000,17000,19000,46092,551,2900.0,3695.26690268648,15.018099002190866,18639.38618800239,310.8718866614597
1693955714,300,,Aggregated,19.100000,0.400000,2900,5200,6600,7300,9000,10000,12000,12000,15000,17000,19000,46104,551,2900.0,3696.8206772634317,15.018099002190866,18639.38618800239,310.86743015790387
1693955715,300,,Aggregated,15.700000,0.600000,2900,5200,6600,7300,9000,10000,12000,12000,15000,17000,19000,46119,551,2900.0,3698.872758277007,15.018099002190866,18639.38618800239,310.861900735055
1693955716,300,,Aggregated,14.200000,0.600000,2900,5200,6600,7300,9000,10000,12000,12000,15000,17000,19000,46133,551,2900.0,3700.897545422177,15.018099002190866,18639.38618800239,310.8567186179091
1693955717,300,,Aggregated,14.000000,0.600000,2900,5200,6600,7300,9000,10000,12000,12000,15000,17000,19000,46144,551,2900.0,3702.4624936237265,15.018099002190866,18639.38618800239,310.85267857142856
1693955718,300,,Aggregated,13.100000,0.500000,2900,5200,6600,7300,9000,10000,12000,12000,15000,17000,19000,46160,551,2900.0,3704.7148175209973,15.018099002190866,18639.38618800239,310.8467720970537
1693955719,300,,Aggregated,12.600000,0.500000,2900,5200,6600,7300,9000,10000,12000,12000,15000,17000,19000,46175,551,2900.0,3707.149285711863,15.018099002190866,18639.38618800239,310.8412560909583
1693955720,300,,Aggregated,12.500000,0.500000,2900,5200,6600,7300,9000,10000,12000,12000,15000,17000,19000,46195,551,2900.0,3710.283208820094,15.018099002190866,18639.38618800239,310.8337698885161
1693955721,300,,Aggregated,12.700000,0.500000,2900,5200,6600,7300,9100,10000,12000,12000,15000,17000,19000,46217,555,2900.0,3713.5173829452647,15.018099002190866,18639.38618800239,310.94939091676224
1693955722,300,,Aggregated,13.500000,0.500000,2900,5200,6600,7400,9100,10000,12000,12000,15000,17000,19000,46239,555,2900.0,3716.942001218567,15.018099002190866,18639.38618800239,310.9412400787214
1693955723,300,,Aggregated,14.300000,0.600000,2900,5200,6600,7400,9100,10000,12000,12000,15000,17000,19000,46260,557,2900.0,3720.630212054028,15.018099002190866,18639.38618800239,310.9952226545612
1693955724,300,,Aggregated,14.500000,0.700000,2900,5200,6600,7400,9100,10000,12000,12000,15000,17000,19000,46278,558,2900.0,3723.804967705094,15.018099002190866,18639.38618800239,311.01940446864603
1693955725,300,,Aggregated,15.800000,0.500000,2900,5200,6600,7400,9100,10000,12000,12000,15000,17000,19000,46289,558,2900.0,3725.71034697162,15.018099002190866,18639.38618800239,311.01536002073925
1693955726,300,,Aggregated,16.200000,0.700000,2900,5300,6600,7400,9100,10000,12000,12000,15000,17000,19000,46308,560,2900.0,3728.8071402846012,15.018099002190866,18639.38618800239,311.0701174743025
1693955727,300,,Aggregated,16.600000,0.700000,2900,5300,6600,7400,9100,10000,12000,12000,15000,17000,19000,46326,560,2900.0,3731.786867474039,15.018099002190866,18639.38618800239,311.06342010965767
1693955728,300,,Aggregated,16.300000,0.700000,2900,5300,6600,7400,9100,10000,12000,12000,15000,17000,19000,46342,562,2900.0,3734.3534056140293,15.018099002190866,18639.38618800239,311.1191791463467
1693955729,300,,Aggregated,17.500000,0.900000,2900,5300,6600,7400,9100,10000,12000,13000,15000,17000,19000,46356,562,2900.0,3736.9907636519624,15.018099002190866,18639.38618800239,311.11394425748557
1693955730,300,,Aggregated,17.200000,0.900000,2900,5300,6600,7400,9100,10000,12000,13000,15000,17000,19000,46371,562,2900.0,3739.477858765185,15.018099002190866,18639.38618800239,311.10836514200685
1693955731,300,,Aggregated,17.500000,1.100000,2900,5300,6600,7400,9100,10000,12000,13000,15000,17000,19000,46383,562,2900.0,3741.1980833340094,15.018099002190866,18639.38618800239,311.10387426427786
1693955733,300,,Aggregated,16.100000,0.900000,2900,5300,6600,7400,9100,10000,12000,13000,15000,17000,19000,46404,563,2900.0,3744.476507472208,15.018099002190866,18639.38618800239,311.1268856133092
1693955734,300,,Aggregated,16.100000,0.900000,2900,5300,6600,7400,9100,10000,12000,13000,15000,17000,19000,46420,564,2900.0,3747.1705833997926,15.018099002190866,18639.38618800239,311.1516587677725
1693955735,300,,Aggregated,15.300000,0.700000,2900,5300,6700,7400,9100,10000,12000,13000,15000,17000,19000,46440,565,2900.0,3750.6441559923633,15.018099002190866,18639.38618800239,311.1749138673557
1693955736,300,,Aggregated,15.400000,0.600000,3000,5300,6700,7400,9100,10000,12000,13000,15000,17000,19000,46456,566,3000.0,3753.2740257512987,15.018099002190866,18639.38618800239,311.19971586016874
1693955737,300,,Aggregated,14.800000,0.700000,3000,5300,6700,7400,9100,10000,12000,13000,15000,17000,19000,46474,566,3000.0,3756.015000417015,15.018099002190866,18639.38618800239,311.19298962860955
1693955738,300,,Aggregated,15.600000,0.700000,3000,5300,6700,7400,9100,10000,12000,13000,15000,17000,19000,46490,566,3000.0,3758.747432026013,15.018099002190866,18639.38618800239,311.187029468703
1693955739,300,,Aggregated,15.500000,0.600000,3000,5300,6700,7400,9200,10000,12000,13000,15000,17000,19000,46509,566,3000.0,3761.9857572145033,15.018099002190866,18639.38618800239,311.1798791631727
1693955740,300,,Aggregated,15.300000,0.600000,3000,5300,6700,7400,9200,10000,12000,13000,15000,17000,19000,46519,566,3000.0,3763.48814035698,15.018099002190866,18639.38618800239,311.1761430813216
1693955741,300,,Aggregated,15.300000,0.400000,3000,5300,6700,7400,9200,10000,12000,13000,15000,17000,19000,46535,568,3000.0,3765.8746231959904,15.018099002190866,18639.38618800239,311.2315676372623
1693955742,300,,Aggregated,15.300000,0.400000,3000,5300,6700,7400,9200,10000,12000,13000,15000,17000,19000,46553,569,3000.0,3768.6430795278375,15.018099002190866,18639.38618800239,311.2554937383198
1693955743,300,,Aggregated,15.500000,0.600000,3000,5300,6700,7400,9200,10000,12000,13000,15000,17000,19000,46566,569,3000.0,3770.6761201630475,15.018099002190866,18639.38618800239,311.2505905596358
1693955744,300,,Aggregated,16.100000,0.700000,3000,5300,6700,7500,9200,10000,12000,13000,15000,17000,19000,46594,570,3000.0,3774.8679305739897,15.018099002190866,18639.38618800239,311.2707644761128
1693955745,300,,Aggregated,15.500000,0.600000,3000,5300,6700,7500,9200,10000,12000,13000,15000,17000,19000,46619,570,3000.0,3779.090807687904,15.018099002190866,18639.38618800239,311.2614599197752
1693955746,300,,Aggregated,16.000000,0.600000,3000,5300,6700,7500,9200,10000,12000,13000,15000,17000,19000,46634,571,3000.0,3781.330618949488,15.018099002190866,18639.38618800239,311.28646481108206
1693955747,305,,Aggregated,17.300000,0.500000,3000,5300,6700,7500,9200,10000,12000,13000,15000,17000,19000,46651,572,3000.0,3783.999882256189,15.018099002190866,18639.38618800239,311.31064714582755
1693955748,305,,Aggregated,17.200000,0.500000,3000,5300,6700,7500,9200,10000,12000,13000,15000,17000,19000,46669,572,3000.0,3786.776641146166,15.018099002190866,18639.38618800239,311.3038633782597
1693955749,305,,Aggregated,16.800000,0.500000,3000,5300,6700,7500,9200,10000,12000,13000,15000,17000,19000,46685,572,3000.0,3788.944970678944,15.018099002190866,18639.38618800239,311.2978686944415
1693955751,305,,Aggregated,17.300000,0.600000,3000,5300,6700,7500,9200,10000,12000,13000,15000,17000,19000,46698,573,3000.0,3790.6895690466936,15.018099002190866,18639.38618800239,311.3235684611761
1693955752,305,,Aggregated,17.200000,0.600000,3000,5300,6700,7500,9200,10000,12000,13000,15000,17000,19000,46711,573,3000.0,3792.5423500612173,15.018099002190866,18639.38618800239,311.31870437370213
1693955753,305,,Aggregated,17.100000,0.500000,3000,5300,6700,7500,9200,10000,12000,13000,15000,17000,19000,46734,574,3000.0,3795.8827305132354,15.018099002190866,18639.38618800239,311.34058715282237
1693955754,305,,Aggregated,16.600000,0.400000,3000,5300,6700,7500,9200,10000,12000,13000,15000,17000,19000,46750,574,3000.0,3798.3122213817865,15.018099002190866,18639.38618800239,311.3345026737968
1693955755,305,,Aggregated,17.300000,0.500000,3000,5300,6700,7500,9200,10000,12000,13000,15000,17000,19000,46766,577,3000.0,3800.4606191548673,15.018099002190866,18639.38618800239,311.4202625839285
1693955756,305,,Aggregated,16.600000,0.400000,3000,5300,6700,7500,9200,10000,12000,13000,15000,17000,19000,46775,577,3000.0,3801.7596770869804,15.018099002190866,18639.38618800239,311.416846606093
1693955757,305,,Aggregated,15.900000,0.600000,3000,5400,6700,7500,9200,10000,12000,13000,15000,17000,19000,46789,578,3000.0,3803.9198101712477,15.018099002190866,18639.38618800239,311.44215520742057
1693955758,305,,Aggregated,15.100000,0.700000,3000,5400,6700,7500,9300,10000,12000,13000,15000,17000,19000,46803,578,3000.0,3806.0844976837916,15.018099002190866,18639.38618800239,311.43687370467705
1693955759,305,,Aggregated,14.700000,0.700000,3000,5400,6700,7500,9300,10000,12000,13000,15000,17000,19000,46819,580,3000.0,3808.4556432259656,15.018099002190866,18639.38618800239,311.4919583929601
1693955760,305,,Aggregated,14.200000,0.600000,3000,5400,6700,7500,9300,10000,12000,13000,15000,17000,19000,46837,580,3000.0,3811.8938364789487,15.018099002190866,18639.38618800239,311.48510792749323
1693955761,305,,Aggregated,14.100000,0.600000,3000,5400,6700,7500,9300,11000,12000,13000,15000,17000,19000,46856,581,3000.0,3815.3308711224936,15.018099002190866,18639.38618800239,311.50847276762846
1693955762,305,,Aggregated,14.100000,0.800000,3000,5400,6800,7500,9300,11000,12000,13000,15000,17000,19000,46870,582,3000.0,3817.7518451753917,15.018099002190866,18639.38618800239,311.53366759120973
1693955763,305,,Aggregated,14.700000,0.700000,3000,5400,6800,7500,9300,11000,12000,13000,15000,17000,19000,46884,582,3000.0,3820.4028316762565,15.018099002190866,18639.38618800239,311.52834655746096
1693955764,305,,Aggregated,15.300000,0.800000,3000,5400,6800,7500,9300,11000,12000,13000,15000,17000,19000,46902,583,3000.0,3823.40052653528,15.018099002190866,18639.38618800239,311.55202336787346
1693955765,305,,Aggregated,14.600000,0.800000,3000,5400,6800,7500,9300,11000,12000,13000,15000,17000,19000,46927,583,3000.0,3827.352883399061,15.018099002190866,18639.38618800239,311.5425448036312
1693955766,305,,Aggregated,14.300000,0.800000,3000,5400,6800,7500,9300,11000,12000,13000,15000,17000,19000,46964,583,3000.0,3832.9688962856385,15.018099002190866,18639.38618800239,311.5284899071629
1693955767,305,,Aggregated,14.200000,0.700000,3000,5400,6800,7600,9300,11000,12000,13000,15000,17000,19000,46983,585,3000.0,3835.6827999936304,15.018099002190866,18639.38618800239,311.5822318711023
1693955768,305,,Aggregated,16.800000,0.600000,3000,5400,6800,7600,9300,11000,12000,13000,15000,17000,19000,47009,585,3000.0,3839.643209793375,15.018099002190866,18639.38618800239,311.5723159395009
1693955769,305,,Aggregated,18.200000,0.500000,3000,5400,6800,7600,9300,11000,12000,13000,15000,17000,19000,47028,585,3000.0,3842.139527142059,15.018099002190866,18639.38618800239,311.5650888832185
1693955771,305,,Aggregated,20.100000,0.700000,3100,5400,6800,7600,9300,11000,12000,13000,15000,17000,19000,47043,586,3100.0,3844.1123018844623,15.018099002190866,18639.38618800239,311.5898220776736
1693955772,305,,Aggregated,20.100000,0.700000,3100,5400,6800,7600,9300,11000,12000,13000,15000,17000,19000,47065,586,3100.0,3846.5522480088125,15.018099002190866,18639.38618800239,311.5814299373207
1693955773,305,,Aggregated,19.700000,0.600000,3100,5400,6800,7600,9300,11000,12000,13000,15000,17000,19000,47081,586,3100.0,3848.3347331098894,15.018099002190866,18639.38618800239,311.57541258681846
1693955774,305,,Aggregated,19.700000,0.600000,3100,5400,6800,7600,9300,11000,12000,13000,15000,17000,19000,47088,586,3100.0,3849.143749876756,15.018099002190866,18639.38618800239,311.57275739041796
1693955775,305,,Aggregated,20.100000,0.400000,3100,5400,6800,7600,9300,11000,12000,13000,15000,17000,19000,47095,586,3100.0,3850.0474107899286,15.018099002190866,18639.38618800239,311.57010298333154
1693955776,305,,Aggregated,19.900000,0.400000,3100,5400,6800,7600,9300,11000,12000,13000,15000,17000,19000,47107,587,3100.0,3851.333404595043,15.018099002190866,18639.38618800239,311.5959199269748
1693955777,305,,Aggregated,18.900000,0.300000,3100,5400,6800,7600,9300,11000,12000,13000,15000,17000,19000,47119,587,3100.0,3852.7318207539365,15.018099002190866,18639.38618800239,311.5914386977652
1693955778,305,,Aggregated,16.200000,0.400000,3100,5400,6800,7600,9300,11000,12000,13000,15000,17000,19000,47135,589,3100.0,3854.6969304764348,15.018099002190866,18639.38618800239,311.64605919168343
1693955779,305,,Aggregated,14.800000,0.400000,3100,5400,6800,7600,9400,11000,12000,13000,15000,17000,19000,47149,589,3100.0,3856.7159000549696,15.018099002190866,18639.38618800239,311.64073469214617
1693955780,305,,Aggregated,14.300000,0.400000,3100,5400,6800,7600,9400,11000,12000,13000,15000,17000,19000,47168,590,3100.0,3859.429988041294,15.018099002190866,18639.38618800239,311.6637550881954
1693955781,305,,Aggregated,13.200000,0.400000,3100,5400,6800,7600,9400,11000,12000,13000,15000,17000,19000,47181,590,3100.0,3861.370032274576,15.018099002190866,18639.38618800239,311.65882452682223
1693955782,305,,Aggregated,13.300000,0.500000,3100,5400,6800,7600,9400,11000,12000,13000,15000,17000,19000,47189,590,3100.0,3862.528432430477,15.018099002190866,18639.38618800239,311.6557884252686
1693955783,305,,Aggregated,12.800000,0.400000,3100,5400,6800,7600,9400,11000,12000,13000,15000,17000,19000,47206,591,3100.0,3865.1799411724965,15.018099002190866,18639.38618800239,311.6796169978393
1693955784,305,,Aggregated,11.700000,0.400000,3100,5400,6800,7600,9400,11000,12000,13000,15000,17000,19000,47220,592,3100.0,3867.4809904195426,15.018099002190866,18639.38618800239,311.7046378653113
1693955785,305,,Aggregated,11.700000,0.400000,3100,5400,6800,7600,9400,11000,12000,13000,15000,17000,19000,47233,592,3100.0,3869.5691784862447,15.018099002190866,18639.38618800239,311.6996379649821
1693955786,305,,Aggregated,12.200000,0.600000,3100,5500,6800,7600,9400,11000,12000,13000,15000,17000,19000,47251,592,3100.0,3872.561857012991,15.018099002190866,18639.38618800239,311.6927895705911
1693955787,305,,Aggregated,12.800000,0.600000,3100,5500,6800,7600,9400,11000,12000,13000,15000,17000,19000,47273,593,3100.0,3876.4798894881815,15.018099002190866,18639.38618800239,311.71472087661033
1693955788,305,,Aggregated,13.100000,0.500000,3100,5500,6800,7600,9400,11000,12000,13000,15000,17000,19000,47296,596,3100.0,3880.4137648895844,15.018099002190866,18639.38618800239,311.79674813937754
1693955790,305,,Aggregated,13.800000,0.500000,3100,5500,6900,7600,9400,11000,12000,13000,15000,17000,19000,47317,598,3100.0,3883.967813423734,15.018099002190866,18639.38618800239,311.8492507978105
1693955791,305,,Aggregated,15.300000,0.700000,3100,5500,6900,7600,9400,11000,12000,13000,15000,17000,19000,47338,598,3100.0,3887.4753930638135,15.018099002190866,18639.38618800239,311.8412480459673
1693955792,305,,Aggregated,15.600000,0.800000,3100,5500,6900,7600,9400,11000,12000,13000,15000,17000,19000,47349,600,3100.0,3889.2142103574474,15.018099002190866,18639.38618800239,311.89748463536716
1693955793,305,,Aggregated,16.700000,0.800000,3100,5500,6900,7600,9400,11000,12000,13000,15000,17000,19000,47370,601,3100.0,3892.5528879056105,15.018099002190866,18639.38618800239,311.91965378931815
1693955794,305,,Aggregated,16.300000,0.900000,3100,5500,6900,7700,9400,11000,12000,13000,15000,17000,19000,47386,601,3100.0,3895.144132241249,15.018099002190866,18639.38618800239,311.91349765753597
1693955795,305,,Aggregated,17.100000,1.000000,3100,5500,6900,7700,9400,11000,12000,13000,15000,17000,19000,47398,602,3100.0,3897.145622460015,15.018099002190866,18639.38618800239,311.93904806109964
1693955796,305,,Aggregated,17.100000,0.900000,3100,5500,6900,7700,9400,11000,12000,13000,15000,17000,19000,47417,602,3100.0,3900.432358551949,15.018099002190866,18639.38618800239,311.93177552354643
1693955797,305,,Aggregated,17.100000,0.900000,3100,5500,6900,7700,9400,11000,12000,13000,15000,17000,19000,47439,603,3100.0,3903.926646919829,15.018099002190866,18639.38618800239,311.95349817660576
1693955798,305,,Aggregated,17.800000,1.000000,3100,5500,6900,7700,9400,11000,12000,13000,15000,17000,19000,47456,603,3100.0,3906.74394956829,15.018099002190866,18639.38618800239,311.9469824679703
1693955799,305,,Aggregated,17.600000,1.100000,3100,5500,6900,7700,9400,11000,12000,13000,15000,17000,19000,47470,604,3100.0,3908.763280187314,15.018099002190866,18639.38618800239,311.9717295133769
1693955800,305,,Aggregated,17.800000,1.000000,3100,5500,6900,7700,9400,11000,12000,13000,15000,17000,19000,47485,605,3100.0,3910.7116204031126,15.018099002190866,18639.38618800239,311.99604085500687
1693955801,305,,Aggregated,16.800000,0.700000,3100,5500,6900,7700,9500,11000,12000,13000,15000,17000,19000,47499,606,3100.0,3912.7533769365423,15.018099002190866,18639.38618800239,312.02077938482915
1693955802,305,,Aggregated,15.800000,0.600000,3100,5500,6900,7700,9500,11000,12000,13000,15000,17000,19000,47517,606,3100.0,3915.6670498491458,15.018099002190866,18639.38618800239,312.01388976576806
1693955803,305,,Aggregated,15.600000,0.800000,3100,5500,6900,7700,9500,11000,12000,13000,15000,17000,19000,47537,606,3100.0,3918.865795219217,15.018099002190866,18639.38618800239,312.006205692408
1693955804,305,,Aggregated,16.100000,0.700000,3100,5500,6900,7700,9500,11000,12000,13000,15000,17000,19000,47549,606,3100.0,3920.864966239435,15.018099002190866,18639.38618800239,312.0016193821111
1693955805,305,,Aggregated,15.500000,0.600000,3100,5500,6900,7700,9500,11000,12000,13000,15000,17000,19000,47568,606,3100.0,3923.567585874851,15.018099002190866,18639.38618800239,311.994302892701
1693955806,305,,Aggregated,15.800000,0.500000,3100,5500,6900,7700,9500,11000,12000,13000,15000,17000,19000,47583,606,3100.0,3925.9905449079265,15.018099002190866,18639.38618800239,311.98844125002626
1693955807,310,,Aggregated,16.300000,0.500000,3100,5500,6900,7700,9500,11000,12000,13000,15000,17000,19000,47595,606,3100.0,3928.0409111243384,15.018099002190866,18639.38618800239,311.98388486185524
1693955809,310,,Aggregated,15.900000,0.400000,3100,5500,6900,7700,9500,11000,12000,13000,15000,17000,19000,47613,607,3100.0,3930.886032286264,15.018099002190866,18639.38618800239,312.0070148908911
1693955810,310,,Aggregated,14.400000,0.300000,3100,5500,6900,7700,9500,11000,12000,13000,15000,17000,19000,47621,607,3100.0,3932.0186937710437,15.018099002190866,18639.38618800239,312.0039898364167
1693955811,310,,Aggregated,14.900000,0.400000,3100,5500,6900,7700,9500,11000,12000,13000,15000,17000,19000,47637,609,3100.0,3934.3292199843368,15.018099002190866,18639.38618800239,312.05789617314275
1693955812,310,,Aggregated,14.500000,0.300000,3100,5500,6900,7700,9500,11000,12000,13000,15000,17000,19000,47654,611,3100.0,3936.93779646512,15.018099002190866,18639.38618800239,312.1114072270953
1693955813,310,,Aggregated,14.300000,0.300000,3100,5600,6900,7700,9500,11000,12000,13000,15000,17000,19000,47669,612,3100.0,3939.35570268243,15.018099002190866,18639.38618800239,312.1356646877426
1693955814,310,,Aggregated,14.500000,0.500000,3100,5600,6900,7700,9500,11000,12000,13000,15000,17000,19000,47685,612,3100.0,3942.2807568974667,15.018099002190866,18639.38618800239,312.1294956485268
1693955815,310,,Aggregated,14.500000,0.500000,3100,5600,6900,7700,9500,11000,12000,13000,15000,17000,19000,47709,612,3100.0,3946.304292210437,15.018099002190866,18639.38618800239,312.12029176884863
1693955816,310,,Aggregated,14.100000,0.600000,3200,5600,7000,7700,9500,11000,12000,13000,16000,17000,19000,47727,613,3200.0,3949.0692193805753,15.018099002190866,18639.38618800239,312.14323129465504
1693955817,310,,Aggregated,14.800000,0.600000,3200,5600,7000,7800,9500,11000,12000,13000,16000,17000,19000,47745,613,3200.0,3952.1522190993546,15.018099002190866,18639.38618800239,312.13626557754736
1693955818,310,,Aggregated,14.600000,0.700000,3200,5600,7000,7800,9500,11000,12000,13000,16000,17000,19000,47753,613,3200.0,3953.519353708744,15.018099002190866,18639.38618800239,312.13320629070427
1693955819,310,,Aggregated,15.400000,0.700000,3200,5600,7000,7800,9500,11000,12000,13000,16000,17000,19000,47773,613,3200.0,3956.9724465243903,15.018099002190866,18639.38618800239,312.12544742846376
1693955820,310,,Aggregated,15.400000,0.700000,3200,5600,7000,7800,9500,11000,12000,13000,16000,17000,19000,47794,613,3200.0,3960.762941444462,15.018099002190866,18639.38618800239,312.1173787504708
1693955821,310,,Aggregated,15.300000,0.600000,3200,5600,7000,7800,9500,11000,12000,13000,16000,18000,19000,47811,614,3200.0,3963.4610146800237,15.018099002190866,18639.38618800239,312.1408044173935
1693955822,310,,Aggregated,16.300000,0.600000,3200,5600,7000,7800,9600,11000,12000,13000,16000,18000,19000,47833,615,3200.0,3966.7085140405925,15.018099002190866,18639.38618800239,312.162189283549
1693955823,310,,Aggregated,16.600000,0.400000,3200,5600,7000,7800,9600,11000,12000,13000,16000,18000,19000,47851,615,3200.0,3969.746021917633,15.018099002190866,18639.38618800239,312.15529456019726
1693955824,310,,Aggregated,16.700000,0.300000,3200,5600,7000,7800,9600,11000,12000,13000,16000,18000,19000,47863,615,3200.0,3971.69743980458,15.018099002190866,18639.38618800239,312.1505964941604
1693955825,310,,Aggregated,17.200000,0.400000,3200,5600,7000,7800,9600,11000,12000,13000,16000,18000,19000,47883,616,3200.0,3974.7337605412913,15.018099002190866,18639.38618800239,312.1728170749535
1693955826,310,,Aggregated,17.200000,0.300000,3200,5600,7000,7800,9600,11000,12000,13000,16000,18000,19000,47896,617,3200.0,3976.518106667897,15.018099002190866,18639.38618800239,312.1976783029898
1693955828,310,,Aggregated,16.300000,0.300000,3200,5600,7000,7800,9600,11000,12000,13000,16000,18000,19000,47907,617,3200.0,3978.354863963608,15.018099002190866,18639.38618800239,312.19345815851545
1693955829,310,,Aggregated,15.900000,0.400000,3200,5600,7000,7800,9600,11000,12000,13000,16000,18000,19000,47941,618,3200.0,3983.179278192935,15.018099002190866,18639.38618800239,312.2102793016416
1693955830,310,,Aggregated,15.800000,0.400000,3200,5600,7000,7800,9600,11000,12000,13000,16000,18000,19000,47967,620,3200.0,3986.7043673462913,15.018099002190866,18639.38618800239,312.259949548648
1693955831,310,,Aggregated,17.300000,0.500000,3200,5600,7000,7800,9600,11000,12000,13000,16000,18000,19000,47987,620,3200.0,3989.23631602235,15.018099002190866,18639.38618800239,312.2522974972388
1693955832,310,,Aggregated,18.200000,0.600000,3200,5600,7000,7800,9600,11000,12000,13000,16000,18000,19000,48011,621,3200.0,3991.7864229437937,15.018099002190866,18639.38618800239,312.27283330903333
1693955833,310,,Aggregated,17.900000,0.700000,3200,5600,7000,7800,9600,11000,12000,13000,16000,18000,19000,48027,623,3200.0,3993.495249825545,15.018099002190866,18639.38618800239,312.3262331605139
1693955834,310,,Aggregated,18.600000,0.600000,3200,5600,7000,7800,9600,11000,12000,13000,16000,18000,19000,48044,624,3200.0,3995.205476558622,15.018099002190866,18639.38618800239,312.3494296894513
1693955835,310,,Aggregated,18.400000,0.700000,3200,5600,7000,7800,9600,11000,12000,13000,16000,18000,19000,48063,625,3200.0,3997.0869794295504,15.018099002190866,18639.38618800239,312.37186609242036
1693955836,310,,Aggregated,18.500000,0.900000,3200,5600,7000,7800,9600,11000,12000,13000,16000,18000,19000,48078,625,3200.0,3998.961841380663,15.018099002190866,18639.38618800239,312.3660717999917
1693955837,310,,Aggregated,18.400000,0.900000,3200,5600,7000,7800,9600,11000,12000,13000,16000,18000,19000,48093,626,3200.0,4000.7665820983616,15.018099002190866,18639.38618800239,312.39001517892416
1693955838,310,,Aggregated,18.500000,0.900000,3200,5600,7000,7800,9600,11000,12000,13000,16000,18000,19000,48103,626,3200.0,4002.077361807507,15.018099002190866,18639.38618800239,312.3861713406648
1693955839,310,,Aggregated,18.500000,0.800000,3200,5600,7000,7800,9600,11000,12000,13000,16000,18000,19000,48116,627,3200.0,4004.01470256371,15.018099002190866,18639.38618800239,312.4108404688669
1693955840,310,,Aggregated,19.300000,0.900000,3200,5700,7000,7800,9600,11000,12000,13000,16000,18000,19000,48129,627,3200.0,4005.8402546655343,15.018099002190866,18639.38618800239,312.4057636767853
1693955841,310,,Aggregated,16.800000,0.800000,3200,5700,7000,7900,9600,11000,12000,13000,16000,18000,19000,48140,627,3200.0,4007.4264743930103,15.018099002190866,18639.38618800239,312.4015579559618
1693955842,310,,Aggregated,15.400000,0.800000,3200,5700,7000,7900,9600,11000,12000,13000,16000,18000,19000,48155,627,3200.0,4009.7424153954635,15.018099002190866,18639.38618800239,312.3957844460596
1693955843,310,,Aggregated,15.200000,0.700000,3200,5700,7100,7900,9600,11000,12000,13000,16000,18000,19000,48169,627,3200.0,4011.908925753214,15.018099002190866,18639.38618800239,312.39031327202144
1693955844,310,,Aggregated,13.900000,0.700000,3200,5700,7100,7900,9700,11000,12000,13000,16000,18000,19000,48188,627,3200.0,4014.8202199581738,15.018099002190866,18639.38618800239,312.3829584128829
1693955846,310,,Aggregated,13.400000,0.300000,3200,5700,7100,7900,9700,11000,12000,13000,16000,18000,19000,48204,627,3200.0,4017.1570949588113,15.018099002190866,18639.38618800239,312.3767322213924
1693955847,310,,Aggregated,13.800000,0.300000,3200,5700,7100,7900,9700,11000,12000,13000,16000,18000,19000,48214,627,3200.0,4018.8715945334034,15.018099002190866,18639.38618800239,312.37289998755546
1693955848,310,,Aggregated,13.400000,0.200000,3200,5700,7100,7900,9700,11000,12000,13000,16000,18000,19000,48230,627,3200.0,4021.5233409957596,15.018099002190866,18639.38618800239,312.366742691271
1693955849,310,,Aggregated,13.200000,0.200000,3200,5700,7100,7900,9700,11000,12000,13000,16000,18000,19000,48251,628,3200.0,4025.173899088528,15.018099002190866,18639.38618800239,312.38826138318376
1693955850,310,,Aggregated,12.800000,0.100000,3200,5700,7100,7900,9700,11000,12000,13000,16000,18000,19000,48274,628,3200.0,4029.325469269102,15.018099002190866,18639.38618800239,312.3793346314786
1693955851,310,,Aggregated,14.200000,0.200000,3200,5700,7100,7900,9700,11000,12000,13000,16000,18000,19000,48292,628,3200.0,4032.3287347365745,15.018099002190866,18639.38618800239,312.37240122587593
1693955852,310,,Aggregated,15.300000,0.100000,3200,5700,7100,7900,9700,11000,12000,13000,16000,18000,19000,48306,629,3200.0,4034.743479346492,15.018099002190866,18639.38618800239,312.3966380987869
1693955853,310,,Aggregated,15.400000,0.100000,3200,5700,7100,7900,9700,11000,12000,13000,16000,18000,19000,48322,630,3200.0,4037.4838542790785,15.018099002190866,18639.38618800239,312.42011920036424
1693955854,310,,Aggregated,15.900000,0.200000,3200,5700,7100,7900,9700,11000,12000,13000,16000,18000,19000,48341,631,3200.0,4041.012255105037,15.018099002190866,18639.38618800239,312.44239879191576
1693955855,310,,Aggregated,15.900000,0.200000,3200,5700,7100,7900,9700,11000,12000,13000,16000,18000,19000,48359,631,3200.0,4043.9403698525944,15.018099002190866,18639.38618800239,312.43543084017455
1693955856,310,,Aggregated,15.700000,0.300000,3300,5700,7100,7900,9700,11000,12000,13000,16000,18000,19000,48375,632,3300.0,4046.553956621677,15.018099002190866,18639.38618800239,312.45879069767443
1693955857,310,,Aggregated,16.300000,0.400000,3300,5700,7100,7900,9700,11000,12000,13000,16000,18000,19000,48389,632,3300.0,4048.711381100883,15.018099002190866,18639.38618800239,312.45345016429354
1693955858,310,,Aggregated,16.000000,0.400000,3300,5700,7100,7900,9800,11000,12000,13000,16000,18000,19000,48411,634,3300.0,4052.287884328801,15.018099002190866,18639.38618800239,312.50391439961993
1693955859,310,,Aggregated,16.800000,0.500000,3300,5700,7100,7900,9800,11000,12000,13000,16000,18000,19000,48426,636,3300.0,4055.0390426868953,15.018099002190866,18639.38618800239,312.5572213273861
1693955860,310,,Aggregated,16.800000,0.500000,3300,5700,7100,7900,9800,11000,13000,13000,16000,18000,19000,48442,636,3300.0,4058.0284404858926,15.018099002190866,18639.38618800239,312.55105074109247
1693955861,310,,Aggregated,16.700000,0.800000,3300,5700,7100,7900,9800,11000,13000,13000,16000,18000,19000,48455,636,3300.0,4060.038491924727,15.018099002190866,18639.38618800239,312.546032401197
1693955862,310,,Aggregated,15.700000,0.800000,3300,5700,7100,7900,9800,11000,13000,13000,16000,18000,19000,48474,636,3300.0,4063.3604766423578,15.018099002190866,18639.38618800239,312.53865990015265
1693955863,310,,Aggregated,15.700000,0.800000,3300,5700,7100,7900,9800,11000,13000,13000,16000,18000,19000,48485,636,3300.0,4065.124165573139,15.018099002190866,18639.38618800239,312.53439208002476
1693955865,310,,Aggregated,15.600000,0.700000,3300,5700,7100,8000,9800,11000,13000,13000,16000,18000,19000,48503,636,3300.0,4068.535681827778,15.018099002190866,18639.38618800239,312.52745191019113
1693955866,310,,Aggregated,15.800000,0.600000,3300,5700,7100,8000,9800,11000,13000,13000,16000,18000,19000,48514,638,3300.0,4070.2746517515084,15.018099002190866,18639.38618800239,312.5821412375809
1693955867,310,,Aggregated,15.200000,0.500000,3300,5700,7200,8000,9800,11000,13000,13000,16000,18000,19000,48530,638,3300.0,4073.378745662717,15.018099002190866,18639.38618800239,312.5759530187513
1693955868,315,,Aggregated,15.000000,0.700000,3300,5700,7200,8000,9800,11000,13000,13000,16000,18000,19000,48544,638,3300.0,4075.635706484934,15.018099002190866,18639.38618800239,312.57051334871454
1693955869,315,,Aggregated,14.700000,0.600000,3300,5700,7200,8000,9800,11000,13000,13000,16000,18000,19000,48562,639,3300.0,4078.7175779853314,15.018099002190866,18639.38618800239,312.59301511469874
1693955870,315,,Aggregated,14.500000,0.600000,3300,5700,7200,8000,9800,11000,13000,14000,16000,18000,19000,48576,639,3300.0,4081.2730544995616,15.018099002190866,18639.38618800239,312.58757411067194
1693955871,315,,Aggregated,14.000000,0.300000,3300,5800,7200,8000,9800,11000,13000,14000,16000,18000,19000,48590,640,3300.0,4083.8687233127316,15.018099002190866,18639.38618800239,312.6115044247788
1693955872,315,,Aggregated,14.300000,0.300000,3300,5800,7200,8000,9800,11000,13000,14000,16000,18000,19000,48606,641,3300.0,4086.6226293608324,15.018099002190866,18639.38618800239,312.6346541579229
1693955873,315,,Aggregated,13.800000,0.400000,3300,5800,7200,8000,9800,11000,13000,14000,16000,18000,19000,48619,641,3300.0,4089.0358889868485,15.018099002190866,18639.38618800239,312.6296098233201
1693955874,315,,Aggregated,14.000000,0.400000,3300,5800,7200,8000,9800,11000,13000,14000,16000,18000,19000,48632,641,3300.0,4091.5066288143516,15.018099002190866,18639.38618800239,312.6245887481494
1693955875,315,,Aggregated,14.200000,0.500000,3300,5800,7200,8000,9900,11000,13000,14000,16000,18000,19000,48647,642,3300.0,4094.4577667044537,15.018099002190866,18639.38618800239,312.6481386313647
1693955876,315,,Aggregated,13.800000,0.500000,3300,5800,7200,8000,9900,11000,13000,14000,16000,18000,19000,48664,642,3300.0,4097.255418684543,15.018099002190866,18639.38618800239,312.6416241985862
1693955877,315,,Aggregated,13.300000,0.500000,3300,5800,7200,8000,9900,11000,13000,14000,16000,18000,19000,48681,642,3300.0,4100.645550379853,15.018099002190866,18639.38618800239,312.635032148066
1693955878,315,,Aggregated,14.400000,0.400000,3300,5800,7200,8000,9900,11000,13000,14000,16000,18000,19000,48694,642,3300.0,4103.007037046857,15.018099002190866,18639.38618800239,312.62999548198957
1693955879,315,,Aggregated,14.100000,0.400000,3300,5800,7200,8000,9900,11000,13000,14000,16000,18000,19000,48716,644,3300.0,4106.953119821078,15.018099002190866,18639.38618800239,312.6801872074883
1693955880,315,,Aggregated,14.400000,0.400000,3300,5800,7200,8000,9900,11000,13000,14000,16000,18000,19000,48742,644,3300.0,4111.6162333200855,15.018099002190866,18639.38618800239,312.6700586762956
1693955881,315,,Aggregated,14.500000,0.300000,3300,5800,7200,8000,9900,11000,13000,14000,16000,18000,19000,48761,645,3300.0,4114.72766614031,15.018099002190866,18639.38618800239,312.692069481758
1693955882,315,,Aggregated,15.100000,0.500000,3300,5800,7200,8000,9900,11000,13000,14000,16000,18000,19000,48780,645,3300.0,4117.996393582691,15.018099002190866,18639.38618800239,312.6847683476835
1693955884,315,,Aggregated,16.300000,0.400000,3300,5800,7200,8000,9900,11000,13000,14000,16000,18000,19000,48799,645,3300.0,4121.266736636624,15.018099002190866,18639.38618800239,312.6774114223652
1693955885,315,,Aggregated,16.400000,0.400000,3300,5800,7200,8000,9900,11000,13000,14000,16000,18000,19000,48814,645,3300.0,4123.717596184099,15.018099002190866,18639.38618800239,312.6716106035154
1693955886,315,,Aggregated,17.500000,0.400000,3300,5800,7200,8000,9900,11000,13000,14000,16000,18000,19000,48830,646,3300.0,4126.456853595569,15.018099002190866,18639.38618800239,312.69471636289165
1693955887,315,,Aggregated,17.700000,0.400000,3300,5800,7200,8000,9900,11000,13000,14000,16000,18000,19000,48848,648,3300.0,4129.674154918373,15.018099002190866,18639.38618800239,312.7463355715689
1693955888,315,,Aggregated,16.800000,0.400000,3300,5800,7200,8000,9900,11000,13000,14000,16000,18000,19000,48863,649,3300.0,4132.349003583194,15.018099002190866,18953.923627999757,312.76976444344393
1693955889,315,,Aggregated,17.500000,0.600000,3300,5800,7200,8000,9900,11000,13000,14000,16000,18000,19000,48877,651,3300.0,4134.5091692772585,15.018099002190866,18953.923627999757,312.8228205495427
1693955890,315,,Aggregated,17.400000,0.700000,3300,5800,7200,8100,9900,11000,13000,14000,16000,18000,19000,48896,651,3300.0,4137.530586757783,15.018099002190866,18953.923627999757,312.81542457460733
1693955891,315,,Aggregated,17.100000,0.800000,3300,5800,7200,8100,9900,11000,13000,14000,16000,18000,19000,48912,651,3300.0,4140.3096916113755,15.018099002190866,18953.923627999757,312.8091879293425
1693955892,315,,Aggregated,16.900000,0.700000,3300,5800,7200,8100,10000,11000,13000,14000,16000,18000,19000,48944,653,3300.0,4144.615693223452,15.018099002190866,18953.923627999757,312.8552222948676
1693955893,315,,Aggregated,16.200000,0.700000,3300,5800,7300,8100,10000,11000,13000,14000,16000,18000,19000,48958,653,3300.0,4146.400949000136,15.018099002190866,18953.923627999757,312.8497691899179
1693955894,315,,Aggregated,17.400000,0.800000,3300,5800,7300,8100,10000,11000,13000,14000,16000,18000,19000,48986,655,3300.0,4149.7793392103,15.018099002190866,18953.923627999757,312.89727677295554
1693955895,315,,Aggregated,17.000000,0.800000,3300,5800,7300,8100,10000,11000,13000,14000,16000,18000,19000,48996,655,3300.0,4151.044053627638,15.018099002190866,18953.923627999757,312.89337905135113
1693955896,315,,Aggregated,17.100000,0.800000,3300,5800,7300,8100,10000,11000,13000,14000,16000,18000,19000,49018,657,3300.0,4153.834398123683,15.018099002190866,18953.923627999757,312.94320453710884
1693955897,315,,Aggregated,17.700000,1.000000,3300,5800,7300,8100,10000,11000,13000,14000,16000,18000,19000,49034,659,3300.0,4155.8249974071805,15.018099002190866,18953.923627999757,312.9952889831545
1693955898,315,,Aggregated,18.200000,0.900000,3300,5900,7300,8100,10000,11000,13000,14000,16000,18000,19000,49058,659,3300.0,4158.866683541617,15.018099002190866,18953.923627999757,312.9859146316605
1693955899,315,,Aggregated,18.200000,1.100000,3300,5900,7300,8100,10000,11000,13000,14000,16000,18000,19000,49070,659,3300.0,4160.50136903529,15.018099002190866,18953.923627999757,312.9812308946403
1693955900,315,,Aggregated,18.200000,1.000000,3300,5900,7300,8100,10000,11000,13000,14000,16000,18000,19000,49082,659,3300.0,4162.146212052517,15.018099002190866,18953.923627999757,312.9765290737949
1693955901,315,,Aggregated,18.800000,0.900000,3300,5900,7300,8100,10000,11000,13000,14000,16000,18000,19000,49094,659,3300.0,4163.735746106624,15.018099002190866,18953.923627999757,312.9718091823848
1693955903,315,,Aggregated,18.000000,0.800000,3300,5900,7300,8100,10000,11000,13000,14000,16000,18000,19000,49107,659,3300.0,4165.405432096596,15.018099002190866,18953.923627999757,312.9666849939927
1693955904,315,,Aggregated,15.800000,0.600000,3300,5900,7300,8100,10000,11000,13000,14000,16000,18000,19000,49118,659,3300.0,4166.915502410797,15.018099002190866,18953.923627999757,312.962376318254
1693955905,315,,Aggregated,15.700000,0.600000,3400,5900,7300,8100,10000,11000,13000,14000,16000,18000,19000,49136,660,3400.0,4169.451425024189,15.018099002190866,18953.923627999757,312.98439026375775
1693955906,315,,Aggregated,14.700000,0.600000,3400,5900,7300,8100,10000,11000,13000,14000,16000,18000,19000,49152,661,3400.0,4171.820511161572,15.018099002190866,18953.923627999757,313.0072835286458
1693955907,315,,Aggregated,14.500000,0.500000,3400,5900,7300,8100,10000,11000,13000,14000,16000,18000,19000,49172,662,3400.0,4174.7625600793235,15.018099002190866,18953.923627999757,313.0284918246156
1693955908,315,,Aggregated,14.200000,0.600000,3400,5900,7300,8100,10000,11000,13000,14000,16000,18000,19000,49191,664,3400.0,4177.738943832216,15.018099002190866,18953.923627999757,313.0792218088675
1693955909,315,,Aggregated,14.300000,0.300000,3400,5900,7300,8100,10000,11000,13000,14000,16000,18000,19000,49209,664,3400.0,4180.787357849775,15.018099002190866,18953.923627999757,313.0722022394277
1693955910,315,,Aggregated,14.400000,0.500000,3400,5900,7300,8100,10000,11000,13000,14000,16000,18000,19000,49229,666,3400.0,4183.805074006776,15.018099002190866,18953.923627999757,313.12252940340045
1693955911,315,,Aggregated,14.600000,0.500000,3400,5900,7300,8200,10000,11000,13000,14000,16000,18000,19000,49244,666,3400.0,4186.156890951945,15.018099002190866,18953.923627999757,313.11660303793354
1693955912,315,,Aggregated,15.100000,0.700000,3400,5900,7300,8200,10000,11000,13000,14000,16000,18000,19000,49259,666,3400.0,4188.564021709466,15.018099002190866,18953.923627999757,313.1106599809172
1693955913,315,,Aggregated,15.100000,0.700000,3400,5900,7300,8200,10000,11000,13000,14000,16000,18000,19000,49278,668,3400.0,4191.783407366261,15.018099002190866,18953.923627999757,313.1612890133528
1693955914,315,,Aggregated,15.600000,0.700000,3400,5900,7300,8200,10000,11000,13000,14000,16000,18000,19000,49304,668,3400.0,4196.47950083382,15.018099002190866,18953.923627999757,313.15104251176376
1693955915,315,,Aggregated,16.000000,0.700000,3400,5900,7300,8200,10000,11000,13000,14000,16000,18000,19000,49321,668,3400.0,4199.133150034867,15.018099002190866,18953.923627999757,313.1444009651061
1693955916,315,,Aggregated,16.800000,0.900000,3400,5900,7300,8200,10000,11000,13000,14000,16000,18000,19000,49333,668,3400.0,4200.884087279157,15.018099002190866,18953.923627999757,313.13970364664624
1693955917,315,,Aggregated,17.300000,0.800000,3400,5900,7300,8200,10000,11000,13000,14000,16000,18000,19000,49351,670,3400.0,4203.2297982894315,15.018099002190866,18953.923627999757,313.1905736459241
1693955918,315,,Aggregated,17.600000,0.700000,3400,5900,7300,8200,10000,11000,13000,14000,17000,18000,19000,49363,670,3400.0,4205.143243174599,15.018099002190866,18953.923627999757,313.1858476996941
1693955919,315,,Aggregated,16.700000,0.600000,3400,5900,7400,8200,10000,11000,13000,14000,17000,18000,19000,49386,671,3400.0,4208.668114720745,15.018099002190866,18953.923627999757,313.2058478111206
1693955921,315,,Aggregated,16.600000,0.600000,3400,5900,7400,8200,10000,11000,13000,14000,17000,18000,19000,49403,671,3400.0,4211.261718325846,15.018099002190866,18953.923627999757,313.199137704188
1693955922,315,,Aggregated,16.300000,0.500000,3400,5900,7400,8200,10000,11000,13000,14000,17000,18000,19000,49422,671,3400.0,4214.226858818154,15.018099002190866,18953.923627999757,313.1916555380195
1693955923,315,,Aggregated,16.800000,0.500000,3400,5900,7400,8200,10000,11000,13000,14000,17000,18000,19000,49438,671,3400.0,4216.931963687402,15.018099002190866,18953.923627999757,313.1853230308669
1693955924,315,,Aggregated,17.100000,0.500000,3400,5900,7400,8200,10000,11000,13000,14000,17000,18000,19000,49453,671,3400.0,4219.114859665072,15.018099002190866,18953.923627999757,313.17946332881723
1693955925,315,,Aggregated,16.900000,0.500000,3400,5900,7400,8200,10000,11000,13000,14000,17000,18000,19000,49463,671,3400.0,4220.652980713702,15.018099002190866,18953.923627999757,313.17556557426764
1693955926,315,,Aggregated,16.600000,0.300000,3400,6000,7400,8200,10000,12000,13000,14000,17000,18000,19000,49478,671,3400.0,4222.67537740252,15.018099002190866,18953.923627999757,313.16967136909335
1693955927,315,,Aggregated,15.300000,0.300000,3400,6000,7400,8200,10000,12000,13000,14000,17000,18000,19000,49494,671,3400.0,4225.012845487914,15.018099002190866,18953.923627999757,313.1633733381824
1693955928,320,,Aggregated,14.600000,0.300000,3400,6000,7400,8200,10000,12000,13000,14000,17000,18000,19000,49508,671,3400.0,4227.185787965113,15.018099002190866,18953.923627999757,313.15787347499395
1693955929,320,,Aggregated,15.600000,0.300000,3400,6000,7400,8200,10000,12000,13000,14000,17000,18000,19000,49520,671,3400.0,4229.142547526088,15.018099002190866,18953.923627999757,313.1531704361874
1693955930,320,,Aggregated,15.300000,0.100000,3400,6000,7400,8200,10000,12000,13000,14000,17000,18000,19000,49537,671,3400.0,4231.761339156326,15.018099002190866,18953.923627999757,313.1464763711973
1693955931,320,,Aggregated,15.100000,0.000000,3400,6000,7400,8200,10000,12000,13000,14000,17000,18000,19000,49550,671,3400.0,4233.836522817556,15.018099002190866,18953.923627999757,313.1413521695257
1693955932,320,,Aggregated,14.400000,0.000000,3400,6000,7400,8200,10000,12000,13000,14000,17000,18000,19000,49571,673,3400.0,4237.299203520624,15.018099002190866,18953.923627999757,313.1908575578463
1693955933,320,,Aggregated,13.900000,0.000000,3400,6000,7400,8300,10000,12000,13000,14000,17000,18000,19000,49590,674,3400.0,4240.368981273097,15.018099002190866,18953.923627999757,313.2122403710425
1693955934,320,,Aggregated,13.800000,0.200000,3400,6000,7400,8300,10000,12000,13000,14000,17000,18000,19000,49606,675,3400.0,4242.921894050212,15.018099002190866,18953.923627999757,313.23483046405676
1693955935,320,,Aggregated,14.000000,0.200000,3400,6000,7400,8300,10000,12000,13000,14000,17000,18000,19000,49622,675,3400.0,4245.413400448547,15.018099002190866,18953.923627999757,313.22860827858614
1693955936,320,,Aggregated,14.400000,0.400000,3400,6000,7400,8300,10000,12000,13000,14000,17000,18000,19000,49633,676,3400.0,4247.442838901996,15.018099002190866,18953.923627999757,313.2531380331634
1693955937,320,,Aggregated,14.900000,0.400000,3400,6000,7400,8300,10000,12000,13000,14000,17000,18000,19000,49655,678,3400.0,4251.471355347734,15.018099002190866,18953.923627999757,313.3021246601551
1693955938,320,,Aggregated,15.400000,0.400000,3400,6000,7400,8300,10000,12000,13000,14000,17000,18000,19000,49670,678,3400.0,4254.241626689646,15.018099002190866,18953.923627999757,313.29623515200325
1693955939,320,,Aggregated,14.500000,0.500000,3400,6000,7400,8300,10000,12000,13000,14000,17000,18000,19000,49692,679,3400.0,4258.053841098803,15.018099002190866,18953.923627999757,313.316429203896
1693955941,320,,Aggregated,15.500000,0.700000,3400,6000,7400,8300,10000,12000,13000,14000,17000,18000,19000,49706,679,3400.0,4260.547129160639,15.018099002190866,18953.923627999757,313.31090813986236
1693955942,320,,Aggregated,16.200000,0.800000,3400,6000,7400,8300,10000,12000,13000,14000,17000,18000,19000,49727,680,3400.0,4263.820157914305,15.018099002190866,18953.923627999757,313.3314094958473
1693955943,320,,Aggregated,16.200000,0.800000,3400,6000,7400,8300,10000,12000,13000,14000,17000,18000,19000,49744,681,3400.0,4266.907704157058,15.018099002190866,18953.923627999757,313.3534496622708
1693955944,320,,Aggregated,16.500000,0.700000,3400,6000,7400,8300,10000,12000,13000,14000,17000,19000,19000,49765,683,3400.0,4270.351922868676,15.018099002190866,19328.95307799845,313.402652466593
1693955945,320,,Aggregated,16.800000,0.800000,3400,6000,7500,8300,10000,12000,13000,14000,17000,19000,19000,49784,683,3400.0,4273.562404867762,15.018099002190866,19328.95307799845,313.3951068616423
1693955946,320,,Aggregated,16.800000,0.800000,3400,6000,7500,8300,10000,12000,13000,14000,17000,19000,19000,49801,684,3400.0,4276.343916737408,15.018099002190866,19328.95307799845,313.4171201381498
1693955947,320,,Aggregated,17.200000,0.800000,3400,6000,7500,8300,10000,12000,13000,14000,17000,19000,19000,49819,684,3400.0,4279.324169206419,15.018099002190866,19328.95307799845,313.4099841425962
1693955948,320,,Aggregated,16.700000,0.900000,3400,6000,7500,8300,10000,12000,13000,14000,17000,19000,19000,49838,684,3400.0,4282.240991698534,15.018099002190866,19328.95307799845,313.4025442433485
1693955949,320,,Aggregated,17.700000,0.800000,3500,6000,7500,8300,10000,12000,13000,14000,17000,19000,19000,49854,684,3500.0,4285.002984675865,15.018099002190866,19328.95307799845,313.3962570706463
1693955950,320,,Aggregated,17.300000,0.600000,3500,6000,7500,8300,10000,12000,13000,14000,17000,19000,19000,49872,685,3500.0,4287.696096222982,15.018099002190866,19328.95307799845,313.41790984921397
1693955951,320,,Aggregated,17.300000,0.600000,3500,6000,7500,8300,10000,12000,13000,14000,17000,19000,19000,49889,687,3500.0,4289.976995754808,15.018099002190866,19328.95307799845,313.4686203371485
1693955952,320,,Aggregated,16.900000,0.500000,3500,6000,7500,8300,10000,12000,13000,14000,17000,19000,19000,49907,689,3500.0,4292.623567307203,15.018099002190866,19328.95307799845,313.5188049772577
1693955953,320,,Aggregated,17.700000,0.800000,3500,6000,7500,8300,10000,12000,13000,14000,17000,19000,19000,49918,690,3500.0,4294.300163432061,15.018099002190866,19328.95307799845,313.5430706358428
1693955954,320,,Aggregated,17.500000,0.800000,3500,6000,7500,8300,10000,12000,13000,14000,17000,19000,19000,49951,693,3500.0,4298.477619796171,15.018099002190866,19328.95307799845,313.6158835658946
1693955955,320,,Aggregated,16.800000,0.900000,3500,6000,7500,8400,10000,12000,13000,14000,17000,19000,19000,49980,695,3500.0,4301.6421797343255,15.018099002190866,19328.95307799845,313.66154461784714
1693955956,320,,Aggregated,16.100000,0.700000,3500,6100,7500,8400,10000,12000,13000,14000,17000,19000,19000,49998,695,3500.0,4303.618581226062,15.018099002190866,19328.95307799845,313.6544461778471
1693955957,320,,Aggregated,18.000000,1.000000,3500,6100,7500,8400,10000,12000,13000,14000,17000,18000,19000,50022,698,3500.0,4306.249185339825,15.018099002190866,19328.95307799845,313.73069849266324
1693955959,320,,Aggregated,19.300000,1.100000,3500,6100,7500,8400,10000,12000,13000,14000,17000,18000,19000,50039,699,3500.0,4307.95412649351,15.018099002190866,19328.95307799845,313.75251303982895
1693955960,320,,Aggregated,19.300000,1.400000,3500,6100,7500,8400,10000,12000,13000,14000,17000,18000,19000,50061,699,3500.0,4310.3747997743085,15.018099002190866,19328.95307799845,313.7437126705419
1693955961,320,,Aggregated,19.500000,1.500000,3500,6100,7500,8400,10000,12000,13000,14000,17000,18000,19000,50078,699,3500.0,4312.022347393838,15.018099002190866,19328.95307799845,313.736870482048
1693955962,320,,Aggregated,19.900000,1.500000,3500,6100,7500,8400,10000,12000,13000,14000,17000,18000,19000,50094,699,3500.0,4313.62837224605,15.018099002190866,19328.95307799845,313.730446760091
1693955963,320,,Aggregated,19.200000,1.200000,3500,6100,7500,8400,10000,12000,13000,14000,17000,18000,19000,50110,699,3500.0,4315.42514200193,15.018099002190866,19328.95307799845,313.72410696467773
1693955964,320,,Aggregated,19.200000,1.100000,3500,6100,7500,8400,10000,12000,13000,14000,17000,18000,19000,50119,699,3500.0,4316.4705860831755,15.018099002190866,19328.95307799845,313.72052515014263
1693955965,320,,Aggregated,19.400000,0.900000,3500,6100,7500,8400,10000,12000,13000,14000,17000,18000,19000,50130,700,3500.0,4317.5326773377155,15.018099002190866,19328.95307799845,313.74468382206265
1693955966,320,,Aggregated,19.000000,0.900000,3500,6100,7500,8400,10000,12000,13000,14000,17000,18000,19000,50145,702,3500.0,4319.3243973438975,15.018099002190866,19328.95307799845,313.7957323761093
1693955967,320,,Aggregated,16.500000,0.700000,3500,6100,7500,8400,10000,12000,13000,14000,17000,18000,19000,50162,704,3500.0,4321.421707668449,15.018099002190866,19328.95307799845,313.8458793509031
1693955968,320,,Aggregated,15.400000,0.600000,3500,6100,7500,8400,10000,12000,13000,14000,17000,18000,19000,50174,704,3500.0,4323.174778612743,15.018099002190866,19328.95307799845,313.84113285765534
1693955969,320,,Aggregated,15.500000,0.800000,3500,6100,7500,8400,10000,12000,13000,14000,17000,18000,19000,50188,704,3500.0,4325.174193413441,15.018099002190866,19328.95307799845,313.83551845062567
1693955970,320,,Aggregated,14.700000,0.600000,3500,6100,7500,8400,10000,12000,13000,14000,17000,18000,19000,50208,706,3500.0,4328.173791809468,15.018099002190866,19328.95307799845,313.88458014659017
1693955971,320,,Aggregated,14.000000,0.500000,3500,6100,7600,8400,10000,12000,13000,14000,17000,18000,19000,50220,706,3500.0,4330.105018884483,15.018099002190866,19328.95307799845,313.8798088410992
1693955972,320,,Aggregated,13.500000,0.500000,3500,6100,7600,8400,10000,12000,13000,14000,17000,18000,19000,50233,706,3500.0,4331.953358470443,15.018099002190866,19328.95307799845,313.8746242509904
1693955973,320,,Aggregated,13.900000,0.700000,3500,6100,7600,8400,10000,12000,13000,14000,17000,18000,19000,50253,706,3500.0,4335.000582451013,15.018099002190866,19328.95307799845,313.86661492846196
1693955974,320,,Aggregated,13.200000,0.700000,3500,6100,7600,8400,10000,12000,13000,14000,17000,18000,19000,50270,707,3500.0,4337.857913073735,15.018099002190866,19328.95307799845,313.88830316292024
1693955975,320,,Aggregated,13.100000,0.700000,3500,6100,7600,8400,10000,12000,13000,14000,17000,18000,19000,50291,707,3500.0,4341.159783992996,15.018099002190866,19328.95307799845,313.879918872164
1693955976,320,,Aggregated,14.200000,0.700000,3500,6100,7600,8400,10000,12000,13000,14000,17000,18000,19000,50308,707,3500.0,4343.719014855626,15.018099002190866,19328.95307799845,313.8730818160134
1693955978,320,,Aggregated,14.600000,0.700000,3500,6100,7600,8400,10000,12000,13000,14000,17000,18000,19000,50321,707,3500.0,4345.896095699208,15.018099002190866,19328.95307799845,313.8678881580255
1693955979,320,,Aggregated,15.400000,0.400000,3500,6100,7600,8400,10000,12000,13000,14000,17000,18000,19000,50340,707,3500.0,4348.955397067416,15.018099002190866,19328.95307799845,313.8602900278109
1693955980,320,,Aggregated,15.200000,0.300000,3500,6100,7600,8400,10000,12000,13000,14000,17000,18000,19000,50362,708,3500.0,4352.540983801948,15.018099002190866,19328.95307799845,313.879790318097
1693955981,320,,Aggregated,15.900000,0.300000,3500,6100,7600,8400,10000,12000,13000,14000,17000,18000,19000,50381,708,3500.0,4355.8820232989965,15.018099002190866,19328.95307799845,313.8722335801195
1693955982,320,,Aggregated,16.600000,0.400000,3500,6100,7600,8400,10000,12000,13000,14000,17000,18000,19000,50397,708,3500.0,4358.32942423239,15.018099002190866,19328.95307799845,313.86588487409966
1693955983,320,,Aggregated,16.600000,0.200000,3500,6100,7600,8500,10000,12000,13000,14000,17000,18000,19000,50414,708,3500.0,4361.293277108694,15.018099002190866,19328.95307799845,313.8590867616138
1693955984,320,,Aggregated,17.100000,0.200000,3500,6100,7600,8500,10000,12000,13000,14000,17000,18000,19000,50428,708,3500.0,4363.702784074775,15.018099002190866,19328.95307799845,313.8534544300785
1693955985,320,,Aggregated,17.200000,0.200000,3500,6100,7600,8500,10000,12000,13000,14000,17000,18000,19000,50444,708,3500.0,4366.514069779573,15.018099002190866,19328.95307799845,313.84711759574975
1693955986,320,,Aggregated,16.700000,0.200000,3500,6100,7600,8500,10000,12000,13000,14000,17000,18000,19000,50457,708,3500.0,4368.804596451351,15.018099002190866,19328.95307799845,313.841964444973
1693955987,325,,Aggregated,16.500000,0.100000,3500,6100,7600,8500,10000,12000,13000,14000,17000,18000,19000,50470,708,3500.0,4370.88571980065,15.018099002190866,19328.95307799845,313.83677432137904
1693955988,325,,Aggregated,15.800000,0.100000,3500,6200,7600,8500,10000,12000,13000,14000,17000,18000,19000,50486,708,3500.0,4373.484814571482,15.018099002190866,19328.95307799845,313.8304480450026
1693955989,325,,Aggregated,15.500000,0.100000,3500,6200,7600,8500,10000,12000,13000,14000,17000,19000,19000,50502,709,3500.0,4376.13679997772,15.018099002190866,19328.95307799845,313.85244148746585
1693955990,325,,Aggregated,15.400000,0.100000,3500,6200,7600,8500,10000,12000,13000,14000,17000,19000,19000,50513,709,3500.0,4378.086652125667,15.018099002190866,19328.95307799845,313.84807871241065
1693955991,325,,Aggregated,15.500000,0.100000,3500,6200,7600,8500,10000,12000,13000,14000,17000,19000,19000,50527,710,3500.0,4380.518604209982,15.018099002190866,19328.95307799845,313.8708215409583
1693955992,325,,Aggregated,14.300000,0.100000,3500,6200,7600,8500,10000,12000,13000,14000,17000,19000,19000,50544,710,3500.0,4383.234944123037,15.018099002190866,19328.95307799845,313.8640986071542
1693955993,325,,Aggregated,14.000000,0.100000,3500,6200,7600,8500,10000,12000,13000,14000,17000,19000,19000,50560,711,3500.0,4386.028359433084,15.018099002190866,19328.95307799845,313.8860561708861
1693955994,325,,Aggregated,13.600000,0.200000,3500,6200,7600,8500,10000,12000,13000,14000,17000,19000,19000,50580,713,3500.0,4389.043538118581,15.018099002190866,19328.95307799845,313.9345986555951
1693955995,325,,Aggregated,13.700000,0.200000,3600,6200,7600,8500,10000,12000,13000,14000,17000,19000,19000,50605,713,3600.0,4393.304299253647,15.018099002190866,19328.95307799845,313.92455290979154
1693955997,325,,Aggregated,14.000000,0.300000,3600,6200,7600,8500,10000,12000,13000,14000,17000,19000,19000,50621,715,3600.0,4396.251941504984,15.018099002190866,19328.95307799845,313.9747535607752
1693955998,325,,Aggregated,15.400000,0.500000,3600,6200,7700,8500,10000,12000,13000,14000,17000,19000,19000,50636,716,3600.0,4398.879223162172,15.018099002190866,19328.95307799845,313.9969981831108
1693955999,325,,Aggregated,15.800000,0.700000,3600,6200,7700,8500,10000,12000,13000,14000,17000,19000,19000,50654,716,3600.0,4402.132377189516,15.018099002190866,19328.95307799845,313.98979350100683
1693956000,325,,Aggregated,15.700000,0.800000,3600,6200,7700,8500,10000,12000,13000,14000,17000,19000,19000,50662,716,3600.0,4403.399677362396,15.018099002190866,19328.95307799845,313.9865974497651
1693956001,325,,Aggregated,15.900000,0.800000,3600,6200,7700,8500,10000,12000,13000,14000,17000,19000,19000,50678,718,3600.0,4406.34784626877,15.018099002190866,19328.95307799845,314.0366825841588
1693956002,325,,Aggregated,15.700000,0.700000,3600,6200,7700,8500,10000,12000,13000,14000,17000,19000,19000,50695,719,3600.0,4409.451571285486,15.018099002190866,19328.95307799845,314.0581319656771
1693956003,325,,Aggregated,15.600000,0.800000,3600,6200,7700,8500,10000,12000,13000,14000,17000,19000,20000,50711,721,3600.0,4412.154292046592,15.018099002190866,20412.04681399904,314.10818165683975
1693956004,325,,Aggregated,15.800000,0.900000,3600,6200,7700,8500,10000,12000,13000,14000,17000,19000,20000,50729,722,3600.0,4415.542456384074,15.018099002190866,20412.04681399904,314.1291174673264
1693956005,325,,Aggregated,16.000000,1.000000,3600,6200,7700,8500,11000,12000,13000,14000,17000,19000,20000,50747,723,3600.0,4418.599720176871,15.018099002190866,20412.04681399904,314.1499990147201
1693956006,325,,Aggregated,16.100000,1.100000,3600,6200,7700,8500,11000,12000,13000,14000,17000,19000,20000,50760,724,3600.0,4420.8047363001115,15.018099002190866,20412.04681399904,314.172951142632
1693956007,325,,Aggregated,15.800000,1.000000,3600,6200,7700,8500,11000,12000,14000,14000,17000,19000,20000,50781,725,3600.0,4424.407876680483,15.018099002190866,20412.04681399904,314.19267048699317
1693956008,325,,Aggregated,15.000000,1.000000,3600,6200,7700,8600,11000,12000,14000,14000,17000,19000,20000,50804,727,3600.0,4428.258016666654,15.018099002190866,20412.04681399904,314.2396858515078
1693956009,325,,Aggregated,15.100000,1.000000,3600,6200,7700,8600,11000,12000,14000,14000,17000,19000,20000,50820,728,3600.0,4430.926711531222,15.018099002190866,20412.04681399904,314.26141282959463
1693956010,325,,Aggregated,15.500000,0.900000,3600,6200,7700,8600,11000,12000,14000,14000,17000,19000,20000,50841,729,3600.0,4434.487539129654,15.018099002190866,20412.04681399904,314.28111170118603
1693956011,325,,Aggregated,15.500000,1.100000,3600,6200,7700,8600,11000,12000,14000,14000,17000,19000,20000,50862,730,3600.0,4437.722908135656,15.018099002190866,20412.04681399904,314.3008139672054
1693956012,325,,Aggregated,16.700000,1.200000,3600,6200,7700,8600,11000,12000,14000,14000,17000,19000,20000,50877,730,3600.0,4440.320175300249,15.018099002190866,20412.04681399904,314.2948090492757
1693956013,325,,Aggregated,17.100000,1.200000,3600,6200,7700,8600,11000,12000,14000,14000,17000,19000,20000,50895,732,3600.0,4443.149366839508,15.018099002190866,20412.04681399904,314.34378622654486
1693956014,325,,Aggregated,17.600000,1.100000,3600,6200,7700,8600,11000,12000,14000,15000,17000,19000,20000,50915,734,3600.0,4446.619903930899,15.018099002190866,20412.04681399904,314.3918295197879
1693956016,325,,Aggregated,17.300000,1.100000,3600,6200,7700,8600,11000,12000,14000,15000,17000,19000,20000,50931,734,3600.0,4449.402525390505,15.018099002190866,20412.04681399904,314.3854234159942
1693956017,325,,Aggregated,17.700000,1.100000,3600,6200,7700,8600,11000,12000,14000,15000,17000,19000,20000,50941,734,3600.0,4450.898387453442,15.018099002190866,20412.04681399904,314.38136275298876
1693956018,325,,Aggregated,17.600000,1.100000,3600,6300,7700,8600,11000,12000,14000,15000,17000,19000,20000,50985,736,3600.0,4456.804271158258,15.018099002190866,20412.04681399904,314.41979013435326
1693956019,325,,Aggregated,16.800000,0.900000,3600,6300,7700,8600,11000,12000,14000,15000,17000,19000,20000,51001,737,3600.0,4458.610623614356,15.018099002190866,20412.04681399904,314.4413442873669
1693956020,325,,Aggregated,19.200000,1.000000,3600,6300,7800,8600,11000,12000,14000,15000,17000,19000,20000,51023,737,3600.0,4461.478027184146,15.018099002190866,20412.04681399904,314.43243243243245
1693956021,325,,Aggregated,19.100000,0.900000,3600,6300,7800,8600,11000,12000,14000,15000,17000,19000,20000,51045,739,3600.0,4463.761556534465,15.018099002190866,20412.04681399904,314.4795376628465
1693956022,325,,Aggregated,18.700000,0.900000,3600,6300,7800,8600,11000,12000,14000,15000,17000,19000,20000,51060,739,3600.0,4465.412654755361,15.018099002190866,20412.04681399904,314.4734625930278
1693956023,325,,Aggregated,19.600000,1.000000,3600,6300,7800,8600,11000,12000,14000,15000,17000,19000,20000,51080,739,3600.0,4467.573407693886,15.018099002190866,20412.04681399904,314.46542678151917
1693956024,325,,Aggregated,19.300000,0.900000,3600,6300,7800,8600,11000,12000,14000,15000,17000,19000,20000,51093,739,3600.0,4468.82270217904,15.018099002190866,20412.04681399904,314.4601804552483
1693956025,325,,Aggregated,19.300000,0.800000,3600,6300,7800,8600,11000,12000,14000,15000,17000,19000,20000,51112,739,3600.0,4470.742209099656,15.018099002190866,20412.04681399904,314.4525551729535
1693956026,325,,Aggregated,18.800000,0.700000,3600,6300,7800,8600,11000,12000,14000,15000,17000,19000,20000,51130,739,3600.0,4472.5814169659425,15.018099002190866,20412.04681399904,314.44529630354
1693956027,325,,Aggregated,18.600000,0.500000,3600,6300,7800,8600,11000,12000,14000,15000,17000,19000,20000,51137,739,3600.0,4473.4766936951255,15.018099002190866,20412.04681399904,314.44247804916205
1693956028,325,,Aggregated,18.600000,0.500000,3600,6300,7800,8600,11000,12000,14000,15000,17000,19000,20000,51153,739,3600.0,4475.512332556694,15.018099002190866,20412.04681399904,314.435966609974
1693956029,325,,Aggregated,19.400000,0.500000,3600,6300,7800,8600,11000,12000,14000,15000,17000,19000,20000,51168,740,3600.0,4477.345031672912,15.018099002190866,20412.04681399904,314.4579033771107
1693956030,325,,Aggregated,16.400000,0.400000,3600,6300,7800,8600,11000,12000,14000,15000,17000,19000,20000,51185,740,3600.0,4479.579372666556,15.018099002190866,20412.04681399904,314.4510501123376
1693956031,325,,Aggregated,16.000000,0.300000,3600,6300,7800,8600,11000,12000,14000,15000,17000,19000,20000,51202,742,3600.0,4481.635392325312,15.018099002190866,20412.04681399904,314.50009765243544
1693956032,325,,Aggregated,16.200000,0.300000,3600,6300,7800,8700,11000,12000,14000,15000,17000,19000,20000,51215,743,3600.0,4483.426078495882,15.018099002190866,20412.04681399904,314.52281558137264
1693956034,325,,Aggregated,14.700000,0.400000,3600,6300,7800,8700,11000,12000,14000,15000,17000,19000,20000,51241,744,3600.0,4486.983212832684,15.018099002190866,20412.04681399904,314.5402119396577
1693956035,325,,Aggregated,14.700000,0.400000,3600,6300,7800,8700,11000,12000,14000,15000,17000,19000,20000,51250,744,3600.0,4488.33962662885,15.018099002190866,20412.04681399904,314.5365853658537
1693956036,325,,Aggregated,15.700000,0.500000,3600,6300,7800,8700,11000,12000,14000,15000,17000,19000,20000,51270,745,3600.0,4490.9608184435065,15.018099002190866,20412.04681399904,314.5564072557051
1693956037,325,,Aggregated,14.900000,0.500000,3700,6300,7800,8700,11000,12000,14000,15000,17000,19000,20000,51293,745,3700.0,4494.342774038358,15.018099002190866,20412.04681399904,314.5471116916538
1693956038,325,,Aggregated,15.100000,0.600000,3700,6300,7800,8700,11000,12000,14000,15000,17000,19000,20000,51308,745,3700.0,4496.765319295773,15.018099002190866,20412.04681399904,314.5410657207453
1693956039,325,,Aggregated,15.600000,0.600000,3700,6300,7800,8700,11000,12000,14000,15000,17000,19000,20000,51330,746,3700.0,4499.88048306767,15.018099002190866,20412.04681399904,314.5600623417105
1693956040,325,,Aggregated,16.000000,0.600000,3700,6300,7800,8700,11000,12000,14000,15000,17000,19000,20000,51348,746,3700.0,4502.398661200446,15.018099002190866,20412.04681399904,314.5527576536574
1693956041,325,,Aggregated,17.000000,0.700000,3700,6300,7800,8700,11000,12000,14000,15000,17000,19000,20000,51359,746,3700.0,4503.929134534016,15.018099002190866,20412.04681399904,314.5482972799315
1693956042,325,,Aggregated,16.400000,0.600000,3700,6300,7800,8700,11000,12000,14000,15000,17000,19000,20000,51384,747,3700.0,4507.180837618686,15.018099002190866,20412.04681399904,314.56605168924176
1693956043,325,,Aggregated,17.200000,0.600000,3700,6400,7800,8700,11000,12000,14000,15000,17000,19000,20000,51408,748,3700.0,4510.156909053876,15.018099002190866,20412.04681399904,314.5842281356987
1693956044,325,,Aggregated,16.700000,0.300000,3700,6400,7800,8700,11000,12000,14000,15000,17000,19000,20000,51429,748,3700.0,4513.260185983815,15.018099002190866,20412.04681399904,314.5757452021233
1693956045,325,,Aggregated,18.200000,0.400000,3700,6400,7900,8700,11000,12000,14000,15000,17000,19000,20000,51451,752,3700.0,4515.944591637492,15.018099002190866,20412.04681399904,314.67810149462593
1693956046,325,,Aggregated,17.900000,0.400000,3700,6400,7900,8700,11000,12000,14000,15000,17000,19000,20000,51468,752,3700.0,4518.269482375741,15.018099002190866,20412.04681399904,314.67121318100567
1693956047,330,,Aggregated,19.000000,0.700000,3700,6400,7900,8700,11000,12000,14000,15000,17000,19000,20000,51481,752,3700.0,4519.967566860291,15.018099002190866,20412.04681399904,314.6659350051475
1693956048,330,,Aggregated,18.700000,0.700000,3700,6400,7900,8700,11000,12000,14000,15000,17000,19000,20000,51489,752,3700.0,4521.08784759146,15.018099002190866,20412.04681399904,314.66268523373924
1693956049,330,,Aggregated,18.000000,0.700000,3700,6400,7900,8700,11000,12000,14000,15000,17000,19000,20000,51503,752,3700.0,4523.204846496993,15.018099002190866,20412.04681399904,314.6570491039357
1693956050,330,,Aggregated,17.800000,0.700000,3700,6400,7900,8700,11000,12000,14000,15000,17000,19000,20000,51517,752,3700.0,4524.865751214931,15.018099002190866,20412.04681399904,314.65139662635636
1693956051,330,,Aggregated,16.400000,0.600000,3700,6400,7900,8700,11000,12000,14000,15000,17000,19000,20000,51533,753,3700.0,4526.877747247155,15.018099002190866,20412.04681399904,314.6726369510799
1693956053,330,,Aggregated,16.300000,0.600000,3700,6400,7900,8700,11000,12000,14000,15000,17000,19000,20000,51542,753,3700.0,4528.179119892041,15.018099002190866,20412.04681399904,314.66902720111756
1693956054,330,,Aggregated,16.200000,0.700000,3700,6400,7900,8700,11000,12000,14000,15000,17000,19000,20000,51558,753,3700.0,4530.3989260293,15.018099002190866,20412.04681399904,314.6625741882928
1693956055,330,,Aggregated,14.500000,0.600000,3700,6400,7900,8800,11000,12000,14000,15000,17000,19000,20000,51572,753,3700.0,4532.493445684144,15.018099002190866,20412.04681399904,314.6569068486776
1693956056,330,,Aggregated,14.500000,0.600000,3700,6400,7900,8800,11000,12000,14000,15000,17000,19000,20000,51582,754,3700.0,4533.724534270573,15.018099002190866,20412.04681399904,314.68060563762555
1693956057,330,,Aggregated,13.000000,0.200000,3700,6400,7900,8800,11000,12000,14000,15000,17000,19000,20000,51599,756,3700.0,4536.341353089899,15.018099002190866,20412.04681399904,314.7291614178569
1693956058,330,,Aggregated,12.700000,0.200000,3700,6400,7900,8800,11000,12000,14000,15000,17000,19000,20000,51618,758,3700.0,4538.932218884996,15.018099002190866,20412.04681399904,314.7768995311713
1693956059,330,,Aggregated,12.400000,0.200000,3700,6400,7900,8800,11000,12000,14000,15000,17000,19000,20000,51635,758,3700.0,4541.82499022891,15.018099002190866,20412.04681399904,314.7700203350441
1693956060,330,,Aggregated,13.400000,0.500000,3700,6400,7900,8800,11000,12000,14000,15000,17000,19000,20000,51657,758,3700.0,4545.358477976552,15.018099002190866,20412.04681399904,314.7610585206264
1693956061,330,,Aggregated,13.900000,0.600000,3700,6400,7900,8800,11000,12000,14000,15000,17000,19000,20000,51673,758,3700.0,4548.073551318246,15.018099002190866,20412.04681399904,314.75457202020397
1693956062,330,,Aggregated,14.300000,0.600000,3700,6400,7900,8800,11000,12000,14000,15000,17000,19000,20000,51693,759,3700.0,4551.663860635284,15.018099002190866,20412.04681399904,314.7740699901341
1693956063,330,,Aggregated,14.600000,0.600000,3700,6400,7900,8800,11000,12000,14000,15000,17000,19000,20000,51719,759,3700.0,4556.236051337413,15.018099002190866,20412.04681399904,314.76349117345654
1693956064,330,,Aggregated,15.600000,0.600000,3700,6400,7900,8800,11000,12000,14000,15000,17000,19000,20000,51739,760,3700.0,4559.363981092593,15.018099002190866,20412.04681399904,314.7830263437639
1693956065,330,,Aggregated,15.700000,0.600000,3700,6400,7900,8800,11000,12000,14000,15000,17000,19000,20000,51757,760,3700.0,4562.3610096290095,15.018099002190866,20412.04681399904,314.7757404795487
1693956066,330,,Aggregated,17.000000,0.600000,3700,6400,7900,8800,11000,12000,14000,15000,17000,19000,20000,51772,760,3700.0,4564.6260924529215,15.018099002190866,20412.04681399904,314.7696245074558
1693956067,330,,Aggregated,17.300000,0.700000,3700,6400,7900,8800,11000,12000,14000,15000,17000,19000,20000,51787,761,3700.0,4567.1451490302325,15.018099002190866,20412.04681399904,314.79114449572285
1693956068,330,,Aggregated,18.000000,0.600000,3700,6400,7900,8800,11000,12000,14000,15000,17000,19000,20000,51814,763,3700.0,4571.919881997176,15.018099002190866,20412.04681399904,314.8354498784112
1693956069,330,,Aggregated,17.900000,0.600000,3700,6400,7900,8800,11000,12000,14000,15000,17000,19000,20000,51826,764,3700.0,4573.823697832954,15.018099002190866,20412.04681399904,314.8581599969127
1693956070,330,,Aggregated,17.700000,0.400000,3700,6400,7900,8800,11000,12000,14000,15000,17000,19000,20000,51837,764,3700.0,4575.895727493001,15.018099002190866,20412.04681399904,314.85371452823273
1693956072,330,,Aggregated,18.400000,0.500000,3700,6400,8000,8800,11000,12000,14000,15000,17000,19000,20000,51852,765,3700.0,4578.410440334407,15.018099002190866,20412.04681399904,314.875260356399
1693956073,330,,Aggregated,17.900000,0.600000,3700,6400,8000,8800,11000,12000,14000,15000,17000,19000,20000,51863,765,3700.0,4580.345782953353,15.018099002190866,20412.04681399904,314.8707170815417
1693956074,330,,Aggregated,16.300000,0.600000,3700,6400,8000,8800,11000,12000,14000,15000,17000,19000,20000,51877,765,3700.0,4582.729227876742,15.018099002190866,20412.04681399904,314.8650461668948
1693956075,330,,Aggregated,16.400000,0.600000,3700,6400,8000,8800,11000,12000,14000,15000,17000,19000,20000,51890,765,3700.0,4584.908468078931,15.018099002190866,20412.04681399904,314.8597417614184
1693956076,330,,Aggregated,15.000000,0.600000,3700,6500,8000,8800,11000,12000,14000,15000,17000,19000,20000,51900,766,3700.0,4586.505589868144,15.018099002190866,20412.04681399904,314.88323699421966
1693956077,330,,Aggregated,14.400000,0.500000,3700,6500,8000,8800,11000,12000,14000,15000,17000,19000,20000,51913,766,3700.0,4588.479765737169,15.018099002190866,20412.04681399904,314.8779689095217
1693956078,330,,Aggregated,13.600000,0.600000,3700,6500,8000,8800,11000,12000,14000,15000,17000,19000,20000,51927,768,3700.0,4590.926338853326,15.018099002190866,20412.04681399904,314.92737882026694
1693956079,330,,Aggregated,13.600000,0.600000,3700,6500,8000,8800,11000,12000,14000,15000,17000,19000,20000,51952,770,3700.0,4594.799902104263,15.018099002190866,20412.04681399904,314.9722243609486
1693956080,330,,Aggregated,13.000000,0.700000,3800,6500,8000,8800,11000,12000,14000,15000,17000,19000,20000,51972,773,3800.0,4597.951130983642,15.018099002190866,20412.04681399904,315.04662125760024
1693956081,330,,Aggregated,12.400000,0.500000,3800,6500,8000,8900,11000,12000,14000,15000,17000,19000,20000,52001,773,3800.0,4602.555388066418,15.018099002190866,20412.04681399904,315.03471087094476
1693956082,330,,Aggregated,13.100000,0.800000,3800,6500,8000,8900,11000,12000,14000,15000,17000,19000,20000,52024,774,3800.0,4606.206774702268,15.018099002190866,20412.04681399904,315.0527833307704
1693956083,330,,Aggregated,15.200000,0.900000,3800,6500,8000,8900,11000,12000,14000,15000,17000,19000,20000,52046,774,3800.0,4609.5595671645815,15.018099002190866,20412.04681399904,315.0437881873727
1693956084,330,,Aggregated,15.600000,0.800000,3800,6500,8000,8900,11000,12000,14000,15000,17000,19000,20000,52061,776,3800.0,4611.698468206676,15.018099002190866,20412.04681399904,315.0926413246
1693956085,330,,Aggregated,16.900000,0.900000,3800,6500,8000,8900,11000,12000,14000,15000,17000,19000,20000,52075,777,3800.0,4613.568760309395,15.018099002190866,20412.04681399904,315.1143158905425
1693956086,330,,Aggregated,17.500000,1.000000,3800,6500,8000,8900,11000,12000,14000,15000,17000,19000,20000,52096,778,3800.0,4616.518185247596,15.018099002190866,20412.04681399904,315.13310042997546
1693956087,330,,Aggregated,17.600000,1.100000,3800,6500,8000,8900,11000,12000,14000,15000,17000,19000,20000,52119,780,3800.0,4619.79699169859,15.018099002190866,20412.04681399904,315.1785337400948
1693956088,330,,Aggregated,17.900000,1.200000,3800,6500,8000,8900,11000,12000,14000,15000,17000,19000,20000,52140,780,3800.0,4622.924444736629,15.018099002190866,20412.04681399904,315.169888761028
1693956090,330,,Aggregated,19.800000,1.200000,3800,6500,8000,8900,11000,12000,14000,15000,17000,19000,20000,52158,780,3800.0,4625.3668316285875,15.018099002190866,20412.04681399904,315.16256374861
1693956091,330,,Aggregated,20.100000,1.200000,3800,6500,8000,8900,11000,12000,14000,15000,17000,19000,20000,52172,781,3800.0,4627.252279870943,15.018099002190866,20412.04681399904,315.1842942574561
1693956092,330,,Aggregated,19.900000,0.800000,3800,6500,8000,8900,11000,12000,14000,15000,17000,19000,20000,52184,781,3800.0,4629.034147857234,15.018099002190866,20412.04681399904,315.17930783381877
1693956093,330,,Aggregated,18.100000,0.800000,3800,6500,8000,8900,11000,12000,14000,15000,17000,19000,20000,52197,781,3800.0,4630.843644520143,15.018099002190866,20412.04681399904,315.17395635764507
1693956094,330,,Aggregated,17.500000,0.800000,3800,6500,8000,8900,11000,12000,14000,15000,17000,19000,20000,52212,782,3800.0,4632.985843355721,15.018099002190866,20412.04681399904,315.1951658622539
1693956095,330,,Aggregated,16.300000,0.700000,3800,6500,8000,8900,11000,12000,14000,15000,17000,19000,20000,52219,782,3800.0,4634.066513647751,15.018099002190866,20412.04681399904,315.1922671824432
1693956096,330,,Aggregated,15.500000,0.700000,3800,6500,8000,8900,11000,12000,14000,15000,17000,19000,20000,52235,782,3800.0,4636.283722230036,15.018099002190866,20412.04681399904,315.185718388054
1693956097,330,,Aggregated,15.300000,0.600000,3800,6500,8000,8900,11000,12000,14000,15000,17000,19000,20000,52247,783,3800.0,4637.890363146207,15.018099002190866,20412.04681399904,315.2081842019638
1693956098,330,,Aggregated,15.400000,0.400000,3800,6500,8000,8900,11000,12000,14000,15000,17000,19000,20000,52257,783,3800.0,4639.513707472183,15.018099002190866,20412.04681399904,315.2040874906711
1693956099,330,,Aggregated,14.800000,0.500000,3800,6500,8100,8900,11000,12000,14000,15000,17000,19000,20000,52288,783,3800.0,4644.068918853924,15.018099002190866,20412.04681399904,315.19142059363526
1693956100,330,,Aggregated,13.400000,0.300000,3800,6500,8100,8900,11000,12000,14000,15000,17000,19000,20000,52304,783,3800.0,4646.613576937231,15.018099002190866,20412.04681399904,315.18484245946775
1693956101,330,,Aggregated,13.100000,0.300000,3800,6500,8100,8900,11000,12000,14000,15000,17000,19000,20000,52320,783,3800.0,4649.345185540958,15.018099002190866,20412.04681399904,315.178249235474
1693956102,330,,Aggregated,14.000000,0.300000,3800,6600,8100,8900,11000,12000,14000,15000,17000,19000,20000,52339,783,3800.0,4652.296698330708,15.018099002190866,20412.04681399904,315.1705038307954
1693956103,330,,Aggregated,14.100000,0.200000,3800,6600,8100,8900,11000,12000,14000,15000,17000,19000,20000,52361,784,3800.0,4655.651137085195,15.018099002190866,20412.04681399904,315.1887855464945
1693956104,330,,Aggregated,14.500000,0.200000,3800,6600,8100,9000,11000,12000,14000,15000,17000,19000,20000,52380,786,3800.0,4658.580984094326,15.018099002190866,20412.04681399904,315.2356624665903
1693956105,330,,Aggregated,15.100000,0.200000,3800,6600,8100,9000,11000,12000,14000,15000,17000,19000,20000,52398,787,3800.0,4661.448580430661,15.018099002190866,20412.04681399904,315.2555822741326
1693956106,330,,Aggregated,15.900000,0.200000,3800,6600,8100,9000,11000,12000,14000,15000,17000,19000,20000,52413,787,3800.0,4663.8257303124565,15.018099002190866,20412.04681399904,315.24942285310897
1693956107,335,,Aggregated,16.900000,0.400000,3800,6600,8100,9000,11000,12000,14000,15000,17000,19000,20000,52431,787,3800.0,4666.767236299342,15.018099002190866,20412.04681399904,315.24208960347886
1693956109,335,,Aggregated,16.900000,0.500000,3800,6600,8100,9000,11000,12000,14000,15000,17000,19000,20000,52448,788,3800.0,4669.472540194018,15.018099002190866,20412.04681399904,315.26235509456984
1693956110,335,,Aggregated,17.700000,0.400000,3800,6600,8100,9000,11000,12000,14000,15000,17000,19000,20000,52460,789,3800.0,4671.323189063798,15.018099002190866,20412.04681399904,315.28473122378955
1693956111,335,,Aggregated,17.700000,0.500000,3800,6600,8100,9000,11000,12000,14000,15000,17000,19000,20000,52488,789,3800.0,4675.76367544126,15.018099002190866,20412.04681399904,315.2731672001219
1693956112,335,,Aggregated,16.200000,0.600000,3800,6600,8100,9000,11000,13000,14000,15000,17000,19000,20000,52504,789,3800.0,4678.319290186687,15.018099002190866,20412.04681399904,315.26662730458634
1693956113,335,,Aggregated,17.100000,0.600000,3800,6600,8100,9000,11000,13000,14000,15000,17000,19000,20000,52516,790,3800.0,4680.283873749806,15.018099002190866,20412.04681399904,315.28899763881486
1693956114,335,,Aggregated,17.300000,0.600000,3800,6600,8100,9000,11000,13000,14000,15000,17000,19000,20000,52531,791,3800.0,4682.388283204847,15.018099002190866,20412.04681399904,315.31006453332316
1693956115,335,,Aggregated,16.900000,0.700000,3800,6600,8100,9000,11000,13000,14000,15000,17000,19000,20000,52550,791,3800.0,4685.118619646732,15.018099002190866,20412.04681399904,315.30232159847765
1693956116,335,,Aggregated,16.200000,0.700000,3800,6600,8100,9000,11000,13000,14000,15000,17000,19000,20000,52565,792,3800.0,4687.29223736756,15.018099002190866,20412.04681399904,315.32337106439644
1693956117,335,,Aggregated,15.800000,0.500000,3800,6600,8100,9000,11000,13000,14000,15000,17000,19000,20000,52579,793,3800.0,4688.928632139976,15.018099002190866,20412.04681399904,315.34485250765516
1693956118,335,,Aggregated,15.700000,0.500000,3800,6600,8100,9000,11000,13000,14000,15000,17000,19000,20000,52596,793,3800.0,4691.574346106393,15.018099002190866,20412.04681399904,315.3378393794205
1693956119,335,,Aggregated,16.000000,0.500000,3800,6600,8100,9000,11000,13000,14000,15000,17000,19000,20000,52606,794,3800.0,4692.971847673094,15.018099002190866,20412.04681399904,315.36092841120785
1693956120,335,,Aggregated,15.600000,0.600000,3800,6600,8100,9000,11000,13000,14000,15000,17000,19000,20000,52623,794,3800.0,4695.741129040512,15.018099002190866,20412.04681399904,315.3538946848336
1693956121,335,,Aggregated,15.300000,0.600000,3900,6600,8100,9000,11000,13000,14000,15000,17000,19000,20000,52641,794,3900.0,4698.5446548949085,15.018099002190866,20412.04681399904,315.34651697346175
1693956122,335,,Aggregated,15.400000,0.500000,3900,6600,8200,9000,11000,13000,14000,15000,17000,19000,20000,52655,794,3900.0,4700.5969335621285,15.018099002190866,20412.04681399904,315.3408413256101
1693956123,335,,Aggregated,14.500000,0.500000,3900,6600,8200,9000,11000,13000,14000,15000,17000,19000,20000,52673,794,3900.0,4703.006842190609,15.018099002190866,20412.04681399904,315.33347255709754
1693956124,335,,Aggregated,14.400000,0.500000,3900,6600,8200,9000,11000,13000,14000,15000,17000,19000,20000,52691,794,3900.0,4705.630588760376,15.018099002190866,20412.04681399904,315.3261278017119
1693956125,335,,Aggregated,14.500000,0.400000,3900,6600,8200,9000,11000,13000,14000,15000,17000,19000,20000,52712,794,3900.0,4709.061421571141,15.018099002190866,20412.04681399904,315.31749886173924
1693956127,335,,Aggregated,15.000000,0.300000,3900,6600,8200,9000,11000,13000,14000,15000,17000,19000,20000,52725,794,3900.0,4711.078527118863,15.018099002190866,20412.04681399904,315.3122238027501
1693956128,335,,Aggregated,15.500000,0.200000,3900,6600,8200,9000,11000,13000,14000,15000,17000,19000,20000,52741,796,3900.0,4713.631716346866,15.018099002190866,20412.04681399904,315.35994766879656
1693956129,335,,Aggregated,15.200000,0.200000,3900,6600,8200,9100,11000,13000,14000,15000,17000,19000,20000,52755,797,3900.0,4715.729227745485,15.018099002190866,20412.04681399904,315.38132878400154
1693956130,335,,Aggregated,15.300000,0.300000,3900,6600,8200,9100,11000,13000,14000,15000,17000,19000,20000,52777,797,3900.0,4719.302771885974,15.018099002190866,20412.04681399904,315.3723402239612
1693956131,335,,Aggregated,15.200000,0.300000,3900,6700,8200,9100,11000,13000,14000,15000,17000,19000,20000,52800,798,3900.0,4722.750353264944,15.018099002190866,20412.04681399904,315.3898863636364
1693956132,335,,Aggregated,15.900000,0.300000,3900,6700,8200,9100,11000,13000,14000,15000,18000,19000,20000,52815,798,3900.0,4725.4230726125725,15.018099002190866,20412.04681399904,315.38375461516614
1693956133,335,,Aggregated,16.600000,0.400000,3900,6700,8200,9100,11000,13000,14000,15000,18000,19000,20000,52831,799,3900.0,4727.940316319094,15.018099002190866,20412.04681399904,315.40432700497814
1693956134,335,,Aggregated,16.800000,0.400000,3900,6700,8200,9100,11000,13000,14000,15000,18000,19000,20000,52854,801,3900.0,4731.447556281228,15.018099002190866,20412.04681399904,315.449067241836
1693956135,335,,Aggregated,16.600000,0.500000,3900,6700,8200,9100,11000,13000,14000,15000,18000,19000,20000,52873,804,3900.0,4734.193052392412,15.018099002190866,20412.04681399904,315.52244056512774
1693956136,335,,Aggregated,16.600000,0.600000,3900,6700,8200,9100,11000,13000,14000,15000,18000,19000,21000,52889,804,3900.0,4736.617361182817,15.018099002190866,20558.812497998588,315.5158350507667
1693956137,335,,Aggregated,17.300000,1.000000,3900,6700,8200,9100,11000,13000,14000,15000,18000,19000,21000,52906,805,3900.0,4739.157075664576,15.018099002190866,20558.812497998588,315.53587494802105
1693956138,335,,Aggregated,16.900000,1.000000,3900,6700,8200,9100,11000,13000,14000,15000,18000,19000,21000,52921,807,3900.0,4741.416461755902,15.018099002190866,20558.812497998588,315.5836813363315
1693956139,335,,Aggregated,17.300000,1.100000,3900,6700,8200,9100,11000,13000,14000,15000,18000,19000,21000,52940,807,3900.0,4744.39904981281,15.018099002190866,20558.812497998588,315.5758216849263
1693956140,335,,Aggregated,17.500000,0.900000,3900,6700,8200,9100,11000,13000,14000,15000,18000,19000,21000,52957,809,3900.0,4746.96676228682,15.018099002190866,20558.812497998588,315.6228827161659
1693956141,335,,Aggregated,17.800000,1.000000,3900,6700,8200,9100,11000,13000,14000,15000,18000,19000,21000,52975,810,3900.0,4749.695260770705,15.018099002190866,20558.812497998588,315.6424728645587
1693956142,335,,Aggregated,17.500000,1.100000,3900,6700,8200,9100,11000,13000,14000,15000,18000,19000,21000,52987,810,3900.0,4751.121023264539,15.018099002190866,20558.812497998588,315.63755260724326
1693956143,335,,Aggregated,16.700000,1.100000,3900,6700,8200,9100,11000,13000,14000,15000,18000,19000,21000,53012,810,3900.0,4754.642346159832,15.018099002190866,20558.812497998588,315.62731079755525
1693956144,335,,Aggregated,16.300000,1.200000,3900,6700,8300,9100,11000,13000,14000,15000,18000,19000,21000,53030,812,3900.0,4757.134345300962,15.018099002190866,20558.812497998588,315.67384499339994
1693956146,335,,Aggregated,16.900000,1.000000,3900,6700,8300,9100,11000,13000,14000,15000,18000,19000,21000,53044,812,3900.0,4759.2636286143015,15.018099002190866,20558.812497998588,315.66810572355024
1693956147,335,,Aggregated,16.100000,0.800000,3900,6700,8300,9100,11000,13000,14000,15000,18000,19000,21000,53059,813,3900.0,4761.242661937203,15.018099002190866,20558.812497998588,315.6888746489757
1693956148,335,,Aggregated,16.100000,0.800000,3900,6700,8300,9100,11000,13000,14000,15000,18000,19000,21000,53069,813,3900.0,4762.851200796718,15.018099002190866,20558.812497998588,315.68473119900506
1693956149,335,,Aggregated,16.000000,0.700000,3900,6700,8300,9100,11000,13000,14000,15000,18000,19000,21000,53083,813,3900.0,4764.815526413786,15.018099002190866,20558.812497998588,315.67895559783733
1693956150,335,,Aggregated,15.300000,0.800000,3900,6700,8300,9100,11000,13000,14000,15000,18000,19000,21000,53100,813,3900.0,4767.096757646968,15.018099002190866,20558.812497998588,315.67197740112994
1693956151,335,,Aggregated,14.800000,0.600000,3900,6700,8300,9200,11000,13000,14000,15000,18000,19000,21000,53119,813,3900.0,4770.005883825844,15.018099002190866,20558.812497998588,315.6640938270675
1693956152,335,,Aggregated,14.700000,0.500000,3900,6700,8300,9200,11000,13000,14000,15000,18000,19000,21000,53136,814,3900.0,4772.498556634559,15.018099002190866,20558.812497998588,315.6839995483288
1693956153,335,,Aggregated,15.200000,0.400000,3900,6700,8300,9200,11000,13000,14000,15000,18000,19000,21000,53149,814,3900.0,4774.483708156201,15.018099002190866,20558.812497998588,315.6785640369527
1693956154,335,,Aggregated,15.200000,0.400000,3900,6700,8300,9200,11000,13000,14000,15000,18000,19000,21000,53171,815,3900.0,4778.018122778975,15.018099002190866,20558.812497998588,315.69635703673055
1693956155,335,,Aggregated,15.500000,0.400000,3900,6700,8300,9200,11000,13000,14000,15000,18000,19000,21000,53194,815,3900.0,4781.908397840206,15.018099002190866,20558.812497998588,315.68690077828325
1693956156,335,,Aggregated,14.900000,0.400000,3900,6700,8300,9200,11000,13000,14000,15000,18000,19000,21000,53207,816,3900.0,4783.84154245443,15.018099002190866,20558.812497998588,315.7084594132351
1693956157,335,,Aggregated,15.100000,0.300000,3900,6700,8300,9200,11000,13000,14000,15000,18000,19000,21000,53221,816,3900.0,4786.331859572083,15.018099002190866,20558.812497998588,315.7026549670243
1693956158,335,,Aggregated,15.600000,0.300000,3900,6700,8300,9200,11000,13000,14000,15000,18000,19000,21000,53231,816,3900.0,4788.040475811573,15.018099002190866,20558.812497998588,315.6985403242472
1693956159,335,,Aggregated,15.400000,0.400000,3900,6700,8300,9200,11000,13000,14000,15000,18000,19000,21000,53249,816,3900.0,4790.694026200396,15.018099002190866,20558.812497998588,315.69111157017034
1693956160,335,,Aggregated,15.600000,0.300000,3900,6700,8300,9200,11000,13000,14000,15000,18000,19000,21000,53263,817,3900.0,4792.851252756208,15.018099002190866,20558.812497998588,315.712201716013
1693956161,335,,Aggregated,15.800000,0.300000,3900,6700,8300,9200,11000,13000,14000,15000,18000,19000,21000,53283,817,3900.0,4796.338987101138,15.018099002190866,20558.812497998588,315.7039393427547
1693956162,335,,Aggregated,15.700000,0.300000,4000,6800,8300,9200,11000,13000,14000,15000,18000,19000,21000,53301,818,4000.0,4798.986747398922,15.018099002190866,20558.812497998588,315.7233447777715
1693956164,335,,Aggregated,15.500000,0.400000,4000,6800,8300,9200,11000,13000,14000,15000,18000,20000,21000,53321,818,4000.0,4802.41661307751,15.018099002190866,20558.812497998588,315.71517788488586
1693956165,335,,Aggregated,15.500000,0.300000,4000,6800,8300,9200,11000,13000,14000,15000,18000,20000,21000,53336,819,4000.0,4805.15890438068,15.018099002190866,20577.13130400225,315.735806959652
1693956166,335,,Aggregated,15.900000,0.400000,4000,6800,8300,9200,11000,13000,14000,15000,18000,20000,21000,53346,819,4000.0,4806.84858284968,15.018099002190866,20577.13130400225,315.7316762268961
1693956167,335,,Aggregated,15.500000,0.400000,4000,6800,8300,9200,11000,13000,14000,15000,18000,20000,21000,53365,819,4000.0,4810.020651553059,15.018099002190866,20577.13130400225,315.72390143352385
1693956168,340,,Aggregated,14.800000,0.400000,4000,6800,8300,9200,11000,13000,14000,15000,18000,20000,21000,53376,819,4000.0,4811.885120445781,15.018099002190866,20863.868055999774,315.7194057254197
1693956169,340,,Aggregated,15.000000,0.300000,4000,6800,8300,9200,11000,13000,14000,15000,18000,20000,21000,53397,819,4000.0,4815.581147410134,15.018099002190866,20863.868055999774,315.7107702679926
1693956170,340,,Aggregated,15.100000,0.300000,4000,6800,8300,9200,11000,13000,14000,15000,18000,20000,21000,53408,819,4000.0,4817.434261159338,15.018099002190866,20863.868055999774,315.7062425104853
1693956171,340,,Aggregated,15.800000,0.300000,4000,6800,8300,9200,11000,13000,14000,15000,18000,20000,21000,53420,819,4000.0,4819.405136472012,15.018099002190866,20863.868055999774,315.70129165106704
1693956172,340,,Aggregated,15.300000,0.300000,4000,6800,8300,9200,11000,13000,14000,15000,18000,20000,21000,53431,820,4000.0,4821.335997951075,15.018099002190866,20863.868055999774,315.72358743051785
1693956173,340,,Aggregated,14.900000,0.200000,4000,6800,8300,9200,11000,13000,14000,15000,18000,20000,21000,53442,820,4000.0,4823.385895615469,15.018099002190866,20863.868055999774,315.7190786272969
1693956174,340,,Aggregated,14.600000,0.200000,4000,6800,8400,9200,11000,13000,14000,15000,18000,20000,21000,53456,821,4000.0,4825.813573957159,15.018099002190866,20863.868055999774,315.74012271774916
1693956175,340,,Aggregated,13.700000,0.200000,4000,6800,8400,9300,11000,13000,14000,15000,18000,20000,21000,53472,821,4000.0,4828.793146237897,15.018099002190866,21135.964439999952,315.7335240873728
1693956176,340,,Aggregated,12.500000,0.200000,4000,6800,8400,9300,11000,13000,14000,15000,18000,20000,21000,53490,821,4000.0,4832.177044988892,15.018099002190866,21135.964439999952,315.7261170312208
1693956177,340,,Aggregated,12.900000,0.200000,4000,6800,8400,9300,11000,13000,14000,15000,18000,20000,21000,53514,821,4000.0,4836.658519256919,15.018099002190866,21135.964439999952,315.7162611653025
1693956178,340,,Aggregated,13.100000,0.200000,4000,6800,8400,9300,11000,13000,14000,15000,18000,20000,21000,53532,824,4000.0,4839.722158694608,15.018099002190866,21135.964439999952,315.7890794291265
1693956179,340,,Aggregated,13.200000,0.200000,4000,6800,8400,9300,11000,13000,14000,15000,18000,20000,21000,53552,825,4000.0,4843.258551524384,15.018099002190866,21135.964439999952,315.80755153869137
1693956180,340,,Aggregated,14.500000,0.400000,4000,6800,8400,9300,11000,13000,14000,15000,18000,20000,21000,53566,825,4000.0,4845.902261463387,15.018099002190866,21135.964439999952,315.8017959153194
1693956181,340,,Aggregated,13.900000,0.600000,4000,6800,8400,9300,11000,13000,14000,15000,18000,20000,21000,53579,825,4000.0,4848.277180066907,15.018099002190866,21135.964439999952,315.79646876574776
1693956183,340,,Aggregated,15.100000,0.600000,4000,6800,8400,9300,11000,13000,14000,15000,18000,20000,22000,53593,826,4000.0,4850.938468806911,15.018099002190866,21730.3770489998,315.81738286716546
1693956184,340,,Aggregated,15.100000,0.600000,4000,6800,8400,9300,11000,13000,14000,15000,18000,20000,22000,53616,826,4000.0,4855.345458626805,15.018099002190866,21730.3770489998,315.8079304685169
1693956185,340,,Aggregated,15.000000,0.600000,4000,6800,8400,9300,11000,13000,14000,15000,18000,20000,22000,53631,828,4000.0,4858.109223463739,15.018099002190866,21730.3770489998,315.8550651675337
1693956186,340,,Aggregated,17.000000,0.600000,4000,6800,8400,9300,11000,13000,14000,15000,18000,20000,22000,53648,829,4000.0,4861.056776565981,15.018099002190866,21730.3770489998,315.87470175961823
1693956187,340,,Aggregated,16.600000,0.700000,4000,6800,8400,9300,11000,13000,14000,15000,18000,20000,22000,53660,829,4000.0,4863.160999779999,15.018099002190866,21730.3770489998,315.86977264256427
1693956188,340,,Aggregated,16.600000,0.800000,4000,6800,8400,9300,11000,13000,14000,15000,18000,20000,22000,53681,830,4000.0,4867.072755558982,15.018099002190866,21730.3770489998,315.8877628956242
1693956189,340,,Aggregated,16.300000,0.800000,4000,6800,8400,9300,11000,13000,14000,15000,18000,20000,22000,53694,831,4000.0,4869.4719956834415,15.018099002190866,21730.3770489998,315.9090587402689
1693956190,340,,Aggregated,15.800000,0.700000,4000,6800,8400,9300,11000,13000,14000,15000,18000,21000,22000,53705,831,4000.0,4871.694065184707,15.018099002190866,21997.454737000226,315.90449678800854
1693956191,340,,Aggregated,15.300000,0.600000,4000,6800,8400,9300,11000,13000,14000,15000,18000,21000,22000,53720,832,4000.0,4874.339998401018,15.018099002190866,21997.454737000226,315.9249255398362
1693956192,340,,Aggregated,14.500000,0.600000,4000,6800,8400,9300,11000,13000,14000,16000,18000,21000,22000,53737,833,4000.0,4877.527028821718,15.018099002190866,21997.454737000226,315.9445633362488
1693956193,340,,Aggregated,14.700000,0.600000,4000,6800,8400,9300,11000,13000,15000,16000,18000,21000,22000,53756,835,4000.0,4881.104123816034,15.018099002190866,21997.454737000226,315.98997321229257
1693956194,340,,Aggregated,14.700000,0.700000,4000,6800,8400,9300,11000,13000,15000,16000,18000,21000,22000,53774,835,4000.0,4884.197041607091,15.018099002190866,21997.454737000226,315.98257522222633
1693956195,340,,Aggregated,15.300000,0.900000,4000,6900,8400,9300,11000,13000,15000,16000,18000,21000,22000,53793,836,4000.0,4887.606134177043,15.018099002190866,21997.454737000226,316.00130128455373
1693956196,340,,Aggregated,14.900000,0.900000,4000,6900,8400,9400,11000,13000,15000,16000,18000,21000,22000,53806,837,4000.0,4889.992452861923,15.018099002190866,21997.454737000226,316.02252536891797
1693956197,340,,Aggregated,14.700000,0.800000,4000,6900,8400,9400,11000,13000,15000,16000,18000,21000,22000,53820,837,4000.0,4892.4218234335885,15.018099002190866,21997.454737000226,316.01666666666665
1693956198,340,,Aggregated,15.300000,0.700000,4000,6900,8400,9400,12000,13000,15000,16000,19000,21000,22000,53841,837,4000.0,4896.076720912811,15.018099002190866,21997.454737000226,316.0080421983247
1693956199,340,,Aggregated,15.200000,0.800000,4000,6900,8500,9400,12000,13000,15000,16000,19000,21000,22000,53859,838,4000.0,4898.954370801049,15.018099002190866,21997.454737000226,316.02721922055736
1693956201,340,,Aggregated,14.600000,0.700000,4000,6900,8500,9400,12000,13000,15000,16000,19000,21000,22000,53874,838,4000.0,4901.519750271554,15.018099002190866,21997.454737000226,316.0210119909418
1693956202,340,,Aggregated,16.000000,0.700000,4000,6900,8500,9400,12000,13000,15000,16000,19000,21000,22000,53889,838,4000.0,4904.199547753469,15.018099002190866,21997.454737000226,316.0148082168903
1693956203,340,,Aggregated,16.000000,0.700000,4000,6900,8500,9400,12000,13000,15000,16000,19000,21000,22000,53907,839,4000.0,4907.728175360373,15.018099002190866,21997.454737000226,316.03394735377594
1693956204,340,,Aggregated,16.200000,0.600000,4000,6900,8500,9400,12000,13000,15000,16000,19000,21000,22000,53924,841,4000.0,4910.59139623067,15.018099002190866,21997.454737000226,316.07996439433276
1693956205,340,,Aggregated,15.800000,0.400000,4000,6900,8500,9400,12000,13000,15000,16000,19000,21000,22000,53939,844,4000.0,4913.126336712094,15.018099002190866,21997.454737000226,316.153339883943
1693956206,340,,Aggregated,15.700000,0.600000,4000,6900,8500,9400,12000,13000,15000,16000,19000,21000,22000,53957,845,4000.0,4916.083773515775,15.018099002190866,21997.454737000226,316.17237800470747
1693956207,340,,Aggregated,16.000000,0.700000,4100,6900,8500,9400,12000,13000,15000,16000,19000,21000,22000,53980,845,4100.0,4919.743232345678,15.018099002190866,21997.454737000226,316.16276398666173
1693956208,340,,Aggregated,15.600000,0.900000,4100,6900,8500,9400,12000,13000,15000,16000,19000,21000,22000,53998,845,4100.0,4922.7589511057195,15.018099002190866,21997.454737000226,316.15522797140636
1693956209,340,,Aggregated,16.300000,0.800000,4100,6900,8500,9400,12000,13000,15000,16000,19000,21000,22000,54025,845,4100.0,4926.905944863003,15.018099002190866,21997.454737000226,316.14408144377603
1693956210,340,,Aggregated,16.500000,0.800000,4100,6900,8500,9400,12000,13000,15000,16000,19000,21000,22000,54058,848,4100.0,4930.663829153309,15.018099002190866,21997.454737000226,316.2097376891487
1693956211,340,,Aggregated,16.500000,0.800000,4100,6900,8500,9400,12000,13000,15000,16000,19000,21000,22000,54079,849,4100.0,4933.303972928265,15.018099002190866,21997.454737000226,316.2274450341168
1693956212,340,,Aggregated,18.500000,0.800000,4100,6900,8500,9400,12000,13000,15000,16000,19000,21000,22000,54101,850,4100.0,4935.544244711827,15.018099002190866,21997.454737000226,316.2447829060461
1693956213,340,,Aggregated,20.000000,1.100000,4100,6900,8500,9400,12000,13000,15000,16000,19000,21000,22000,54114,850,4100.0,4937.116673039298,15.018099002190866,21997.454737000226,316.23938352367225
1693956214,340,,Aggregated,20.100000,1.100000,4100,6900,8500,9400,12000,13000,15000,16000,19000,21000,22000,54134,851,4100.0,4939.1366186785845,15.018099002190866,21997.454737000226,316.25745372593934
1693956215,340,,Aggregated,19.900000,1.100000,4100,6900,8500,9400,12000,13000,15000,16000,19000,21000,22000,54149,851,4100.0,4940.758819689439,15.018099002190866,21997.454737000226,316.25123270974535
1693956216,340,,Aggregated,19.700000,1.000000,4100,6900,8500,9400,12000,13000,15000,16000,19000,21000,22000,54165,851,4100.0,4942.394917557047,15.018099002190866,21997.454737000226,316.24458598726113
1693956217,340,,Aggregated,19.800000,0.800000,4100,6900,8500,9400,12000,13000,15000,16000,19000,21000,22000,54178,851,4100.0,4943.937653011286,15.018099002190866,21997.454737000226,316.23924840341095
1693956218,340,,Aggregated,20.500000,0.600000,4100,6900,8500,9400,12000,13000,15000,16000,19000,21000,22000,54195,851,4100.0,4946.165823524965,15.018099002190866,21997.454737000226,316.2321431866408
1693956220,340,,Aggregated,18.900000,0.600000,4100,6900,8500,9400,12000,13000,15000,16000,19000,21000,22000,54210,851,4100.0,4947.795208994235,15.018099002190866,21997.454737000226,316.22589928057556
1693956221,340,,Aggregated,18.600000,0.600000,4100,6900,8500,9400,12000,13000,15000,16000,19000,21000,22000,54216,851,4100.0,4948.60136184249,15.018099002190866,21997.454737000226,316.2234211302936
1693956222,340,,Aggregated,16.500000,0.500000,4100,6900,8500,9400,12000,13000,15000,16000,19000,21000,22000,54227,852,4100.0,4949.870268799499,15.018099002190866,21997.454737000226,316.2452652737566
1693956223,340,,Aggregated,14.100000,0.200000,4100,6900,8500,9400,12000,13000,15000,16000,19000,21000,22000,54242,853,4100.0,4951.591401538411,15.018099002190866,21997.454737000226,316.26545850079276
1693956224,340,,Aggregated,13.500000,0.300000,4100,6900,8500,9400,12000,13000,15000,16000,19000,21000,22000,54258,853,4100.0,4953.697134082581,15.018099002190866,21997.454737000226,316.2588189760035
1693956225,340,,Aggregated,13.800000,0.300000,4100,7000,8500,9400,12000,13000,15000,16000,19000,21000,22000,54271,854,4100.0,4955.193684224699,15.018099002190866,21997.454737000226,316.2797442464668
1693956226,340,,Aggregated,13.500000,0.200000,4100,7000,8500,9500,12000,13000,15000,16000,19000,21000,22000,54286,854,4100.0,4957.247137758991,15.018099002190866,21997.454737000226,316.27349592896877
1693956227,345,,Aggregated,13.400000,0.300000,4100,7000,8500,9500,12000,13000,15000,16000,19000,21000,22000,54300,854,4100.0,4959.35206073758,15.018099002190866,21997.454737000226,316.2677163904236
1693956228,345,,Aggregated,12.300000,0.300000,4100,7000,8500,9500,12000,13000,15000,16000,19000,21000,22000,54318,854,4100.0,4962.155594121409,15.018099002190866,21997.454737000226,316.26030045288854
1693956229,345,,Aggregated,12.600000,0.300000,4100,7000,8600,9500,12000,13000,15000,16000,19000,21000,22000,54332,854,4100.0,4964.37924508545,15.018099002190866,21997.454737000226,316.25450931311195
1693956230,345,,Aggregated,13.000000,0.300000,4100,7000,8600,9500,12000,13000,15000,16000,19000,21000,22000,54344,854,4100.0,4966.434941455424,15.018099002190866,21997.454737000226,316.2495399676137
1693956231,345,,Aggregated,13.200000,0.300000,4100,7000,8600,9500,12000,13000,15000,16000,19000,21000,22000,54370,855,4100.0,4970.6251944022715,15.018099002190866,21997.454737000226,316.2651094353504
1693956232,345,,Aggregated,13.000000,0.300000,4100,7000,8600,9500,12000,13000,15000,16000,19000,21000,22000,54389,856,4100.0,4973.551005746944,15.018099002190866,21997.454737000226,316.2834580521797
1693956233,345,,Aggregated,14.100000,0.300000,4100,7000,8600,9500,12000,13000,15000,16000,19000,21000,22000,54410,857,4100.0,4977.177417051823,15.018099002190866,21997.454737000226,316.30102922256935
1693956234,345,,Aggregated,15.100000,0.300000,4100,7000,8600,9500,12000,13000,15000,16000,19000,21000,22000,54426,858,4100.0,4979.785541597944,15.018099002190866,21997.454737000226,316.320673942601
1693956235,345,,Aggregated,15.300000,0.300000,4100,7000,8600,9500,12000,13000,15000,16000,19000,21000,22000,54444,858,4100.0,4982.932031090343,15.018099002190866,21997.454737000226,316.3131658217618
1693956236,345,,Aggregated,15.700000,0.400000,4100,7000,8600,9500,12000,13000,15000,16000,19000,21000,22000,54458,858,4100.0,4985.270101195979,15.018099002190866,21997.454737000226,316.307374490433
1693956238,345,,Aggregated,15.900000,0.400000,4100,7000,8600,9500,12000,13000,15000,16000,19000,21000,22000,54478,858,4100.0,4988.783483024352,15.018099002190866,21997.454737000226,316.299129924006
1693956239,345,,Aggregated,16.400000,0.400000,4100,7000,8600,9500,12000,13000,15000,16000,19000,21000,22000,54504,858,4100.0,4993.566695518483,15.018099002190866,21997.454737000226,316.2884375458682
1693956240,345,,Aggregated,17.000000,0.400000,4100,7000,8600,9500,12000,13000,15000,16000,19000,21000,22000,54515,859,4100.0,4995.205500994432,15.018099002190866,21997.454737000226,316.3101531688526
1693956241,345,,Aggregated,17.300000,0.400000,4100,7000,8600,9500,12000,13000,15000,16000,19000,21000,22000,54536,860,4100.0,4998.743150536368,15.018099002190866,21997.454737000226,316.32771013642366
1693956242,345,,Aggregated,17.300000,0.400000,4100,7000,8600,9500,12000,13000,15000,16000,19000,21000,22000,54555,860,4100.0,5002.008771137061,15.018099002190866,21997.454737000226,316.31989735129685
1693956243,345,,Aggregated,17.700000,0.500000,4100,7000,8600,9500,12000,13000,15000,16000,19000,21000,22000,54569,860,4100.0,5004.349257823313,15.018099002190866,21997.454737000226,316.31409774780553
1693956244,345,,Aggregated,17.500000,0.500000,4200,7000,8600,9500,12000,13000,15000,16000,19000,21000,22000,54586,860,4200.0,5006.9942717587355,15.018099002190866,21997.454737000226,316.3071117136262
1693956245,345,,Aggregated,16.900000,0.400000,4200,7000,8600,9500,12000,13000,15000,16000,19000,21000,22000,54600,860,4200.0,5009.0559468571855,15.018099002190866,21997.454737000226,316.301336996337
1693956246,345,,Aggregated,17.000000,0.300000,4200,7000,8600,9500,12000,13000,15000,16000,19000,21000,22000,54621,860,4200.0,5012.327388765335,15.018099002190866,21997.454737000226,316.2926896248696
1693956247,345,,Aggregated,16.800000,0.200000,4200,7000,8600,9500,12000,13000,15000,16000,19000,21000,22000,54640,861,4200.0,5014.933631015435,15.018099002190866,21997.454737000226,316.31105417276723
1693956248,345,,Aggregated,16.700000,0.200000,4200,7000,8600,9500,12000,13000,15000,16000,19000,21000,22000,54656,861,4200.0,5017.392328364467,15.018099002190866,21997.454737000226,316.3044862412178
1693956249,345,,Aggregated,17.000000,0.300000,4200,7000,8600,9500,12000,13000,15000,16000,19000,21000,22000,54677,862,4200.0,5020.318878824574,15.018099002190866,21997.454737000226,316.3220183989612
1693956250,345,,Aggregated,16.700000,0.300000,4200,7000,8600,9500,12000,13000,15000,16000,19000,21000,22000,54686,862,4200.0,5021.71775121507,15.018099002190866,21997.454737000226,316.31830815930954
1693956251,345,,Aggregated,16.200000,0.300000,4200,7000,8600,9600,12000,13000,15000,16000,19000,21000,22000,54704,862,4200.0,5024.548734561099,15.018099002190866,21997.454737000226,316.31090962269667
1693956252,345,,Aggregated,16.900000,0.400000,4200,7000,8700,9600,12000,13000,15000,16000,19000,21000,22000,54723,865,4200.0,5027.250201834775,15.018099002190866,21997.454737000226,316.38139356394936
1693956253,345,,Aggregated,15.800000,0.300000,4200,7000,8700,9600,12000,13000,15000,16000,19000,21000,22000,54741,866,4200.0,5029.723589288731,15.018099002190866,21997.454737000226,316.40010229992146
1693956254,345,,Aggregated,15.800000,0.200000,4200,7100,8700,9600,12000,13000,15000,16000,19000,21000,22000,54760,866,4200.0,5032.50316993432,15.018099002190866,21997.454737000226,316.3923119065011
1693956255,345,,Aggregated,16.400000,0.600000,4200,7100,8700,9600,12000,13000,15000,16000,19000,21000,22000,54773,867,4200.0,5034.263991884749,15.018099002190866,21997.454737000226,316.41305022547607
1693956257,345,,Aggregated,16.200000,0.600000,4200,7100,8700,9600,12000,13000,15000,16000,19000,21000,22000,54785,868,4200.0,5035.824416110985,15.018099002190866,21997.454737000226,316.43418819019803
1693956258,345,,Aggregated,15.800000,0.700000,4200,7100,8700,9600,12000,13000,15000,16000,19000,21000,22000,54803,868,4200.0,5038.350835098813,15.018099002190866,21997.454737000226,316.4267467109465
1693956259,345,,Aggregated,15.700000,0.700000,4200,7100,8700,9600,12000,13000,15000,16000,19000,21000,22000,54823,871,4200.0,5041.321189980997,15.018099002190866,21997.454737000226,316.49678054831
1693956260,345,,Aggregated,15.700000,0.700000,4200,7100,8700,9600,12000,13000,15000,16000,19000,21000,22000,54835,871,4200.0,5043.437122010123,15.018099002190866,21997.454737000226,316.4917297346585
1693956261,345,,Aggregated,15.800000,0.900000,4200,7100,8700,9600,12000,13000,15000,16000,19000,21000,22000,54848,871,4200.0,5045.362905120114,15.018099002190866,21997.454737000226,316.48636231038506
1693956262,345,,Aggregated,15.100000,0.900000,4200,7100,8700,9600,12000,13000,15000,16000,19000,21000,22000,54869,872,4200.0,5048.536152739014,15.018099002190866,21997.454737000226,316.5037452842224
1693956263,345,,Aggregated,15.500000,0.900000,4200,7100,8700,9600,12000,13000,15000,16000,19000,21000,22000,54884,872,4200.0,5051.003493556718,15.018099002190866,21997.454737000226,316.4975402667444
1693956264,345,,Aggregated,15.500000,1.000000,4200,7100,8700,9600,12000,13000,15000,16000,19000,21000,22000,54896,874,4200.0,5052.745300053062,15.018099002190866,21997.454737000226,316.54472092684347
1693956265,345,,Aggregated,15.200000,0.600000,4200,7100,8700,9600,12000,13000,15000,16000,19000,21000,22000,54918,876,4200.0,5056.203336916001,15.018099002190866,21997.454737000226,316.587676171747
1693956266,345,,Aggregated,14.600000,0.700000,4200,7100,8700,9600,12000,13000,15000,16000,19000,21000,22000,54939,878,4200.0,5059.604969388084,15.018099002190866,21997.454737000226,316.6310453411966
1693956267,345,,Aggregated,14.500000,0.800000,4200,7100,8700,9600,12000,13000,15000,16000,19000,21000,22000,54954,878,4200.0,5061.861911967918,15.018099002190866,21997.454737000226,316.62477708629035
1693956268,345,,Aggregated,15.200000,0.900000,4200,7100,8700,9600,12000,13000,15000,16000,19000,21000,22000,54969,878,4200.0,5064.195874954918,15.018099002190866,21997.454737000226,316.61853044443234
1693956269,345,,Aggregated,16.000000,1.000000,4200,7100,8700,9600,12000,13000,15000,16000,19000,21000,22000,54985,878,4200.0,5066.563747803252,15.018099002190866,21997.454737000226,316.6118759661726
1693956270,345,,Aggregated,15.500000,1.000000,4200,7100,8700,9600,12000,13000,15000,16000,19000,21000,22000,55005,879,4200.0,5069.7537722614625,15.018099002190866,21997.454737000226,316.6295427688392
1693956271,345,,Aggregated,15.600000,0.800000,4200,7100,8700,9600,12000,13000,15000,16000,19000,21000,22000,55022,882,4200.0,5072.360216510336,15.018099002190866,21997.454737000226,316.7005016175348
1693956272,345,,Aggregated,15.800000,0.700000,4200,7100,8700,9600,12000,13000,15000,16000,19000,21000,22000,55035,882,4200.0,5074.530788725789,15.018099002190866,21997.454737000226,316.6950667756882
1693956273,345,,Aggregated,15.900000,0.800000,4200,7100,8700,9700,12000,13000,15000,16000,19000,21000,22000,55053,883,4200.0,5077.4766638470155,15.018099002190866,21997.454737000226,316.71358509073076
1693956275,345,,Aggregated,16.000000,1.000000,4200,7100,8700,9700,12000,13000,15000,16000,19000,21000,22000,55073,883,4200.0,5080.7034946259655,15.018099002190866,21997.454737000226,316.7052639224302
1693956276,345,,Aggregated,16.400000,1.000000,4200,7100,8800,9700,12000,13000,15000,16000,19000,21000,22000,55104,887,4200.0,5085.0919087135735,15.018099002190866,21997.454737000226,316.79614909988385
1693956277,345,,Aggregated,16.700000,0.900000,4200,7100,8800,9700,12000,13000,15000,16000,19000,21000,22000,55123,887,4200.0,5088.055103739557,15.018099002190866,21997.454737000226,316.78821907370786
1693956278,345,,Aggregated,17.800000,1.100000,4200,7100,8800,9700,12000,13000,15000,16000,19000,21000,22000,55147,888,4200.0,5091.408940508979,15.018099002190866,21997.454737000226,316.8042141911618
1693956279,345,,Aggregated,17.600000,0.900000,4200,7100,8800,9700,12000,13000,15000,16000,19000,21000,22000,55165,888,4200.0,5093.624531640036,15.018099002190866,21997.454737000226,316.79671893410676
1693956280,345,,Aggregated,18.600000,1.000000,4200,7100,8800,9700,12000,13000,15000,16000,19000,21000,22000,55181,889,4200.0,5095.623959273367,15.018099002190866,21997.454737000226,316.8158967760642
1693956281,345,,Aggregated,18.500000,1.000000,4300,7200,8800,9700,12000,13000,15000,16000,19000,21000,22000,55197,890,4300.0,5097.476171967184,15.018099002190866,21997.454737000226,316.8350997336812
1693956282,345,,Aggregated,18.600000,1.000000,4300,7200,8800,9700,12000,13000,15000,16000,19000,21000,22000,55218,891,4300.0,5100.191349844609,15.018099002190866,21997.454737000226,316.8522221014886
1693956283,345,,Aggregated,18.700000,1.100000,4300,7200,8800,9700,12000,13000,15000,16000,19000,21000,22000,55235,892,4300.0,5102.26365967185,15.018099002190866,21997.454737000226,316.87102380736854
1693956284,345,,Aggregated,18.700000,0.800000,4300,7200,8800,9700,12000,13000,15000,16000,19000,21000,22000,55252,893,4300.0,5104.336918958114,15.018099002190866,21997.454737000226,316.889777745602
1693956285,345,,Aggregated,19.300000,1.000000,4300,7200,8800,9700,12000,13000,15000,16000,19000,21000,22000,55266,894,4300.0,5106.219876093796,15.018099002190866,21997.454737000226,316.9097636883437
1693956286,345,,Aggregated,19.200000,0.900000,4300,7200,8800,9700,12000,13000,15000,16000,19000,21000,22000,55277,894,4300.0,5107.652170526723,15.018099002190866,21997.454737000226,316.9051504242271
1693956287,350,,Aggregated,18.700000,1.100000,4300,7200,8800,9700,12000,13000,15000,16000,19000,21000,22000,55294,894,4300.0,5109.8123705534,15.018099002190866,21997.454737000226,316.89805403841285
1693956288,350,,Aggregated,16.600000,0.700000,4300,7200,8800,9700,12000,13000,15000,16000,19000,21000,22000,55308,895,4300.0,5111.794451164456,15.018099002190866,21997.454737000226,316.9180769508932
1693956289,350,,Aggregated,15.900000,0.700000,4300,7200,8800,9700,12000,13000,15000,16000,19000,21000,22000,55326,896,4300.0,5114.51577274216,15.018099002190866,21997.454737000226,316.9364313342732
1693956290,350,,Aggregated,15.300000,0.600000,4300,7200,8800,9700,12000,13000,15000,16000,19000,21000,22000,55342,896,4300.0,5116.7243943981175,15.018099002190866,21997.454737000226,316.92969173502945
1693956291,350,,Aggregated,14.800000,0.700000,4300,7200,8800,9700,12000,13000,15000,16000,19000,21000,22000,55352,896,4300.0,5118.254105794364,15.018099002190866,21997.454737000226,316.9254950137303
1693956293,350,,Aggregated,15.500000,0.800000,4300,7200,8800,9700,12000,13000,15000,16000,19000,21000,22000,55360,896,4300.0,5119.346902264243,15.018099002190866,21997.454737000226,316.9221278901734
1693956294,350,,Aggregated,14.200000,0.600000,4300,7200,8800,9800,12000,13000,15000,16000,19000,21000,22000,55381,896,4300.0,5122.6270866633595,15.018099002190866,21997.454737000226,316.9134179592279
1693956295,350,,Aggregated,13.200000,0.400000,4300,7200,8800,9800,12000,13000,15000,16000,19000,21000,22000,55401,896,4300.0,5125.852429815047,15.018099002190866,21997.454737000226,316.90503781520187
1693956296,350,,Aggregated,13.500000,0.400000,4300,7200,8800,9800,12000,13000,15000,16000,19000,21000,22000,55420,897,4300.0,5128.929479342484,15.018099002190866,21997.454737000226,316.9229159148322
1693956297,350,,Aggregated,13.700000,0.200000,4300,7200,8800,9800,12000,13000,15000,16000,19000,21000,22000,55433,897,4300.0,5131.023045305908,15.018099002190866,21997.454737000226,316.91750401385457
1693956298,350,,Aggregated,14.500000,0.300000,4300,7200,8800,9800,12000,13000,15000,16000,19000,21000,22000,55450,898,4300.0,5133.402095897032,15.018099002190866,21997.454737000226,316.936176735798
1693956299,350,,Aggregated,14.900000,0.300000,4300,7200,8800,9800,12000,13000,15000,16000,19000,21000,22000,55468,900,4300.0,5136.117507324482,15.018099002190866,21997.454737000226,316.9801867743564
1693956300,350,,Aggregated,15.000000,0.400000,4300,7200,8800,9800,12000,13000,15000,16000,19000,21000,22000,55491,902,4300.0,5139.666060870418,15.018099002190866,21997.454737000226,317.0221657566092
1693956301,350,,Aggregated,15.200000,0.300000,4300,7200,8800,9800,12000,13000,15000,16000,19000,21000,22000,55507,904,4300.0,5142.251480685758,15.018099002190866,21997.454737000226,317.0669825427424
1693956302,350,,Aggregated,15.300000,0.600000,4300,7200,8800,9800,12000,13000,15000,16000,19000,21000,22000,55523,904,4300.0,5144.91542161143,15.018099002190866,21997.454737000226,317.06029933541055
1693956303,350,,Aggregated,16.100000,0.700000,4300,7200,8900,9800,12000,13000,15000,16000,19000,21000,23000,55541,905,4300.0,5148.112756663014,15.018099002190866,22943.472623999696,317.0785365765831
1693956304,350,,Aggregated,16.400000,0.800000,4300,7200,8900,9800,12000,13000,15000,16000,19000,21000,23000,55561,906,4300.0,5151.469469799723,15.018099002190866,22943.472623999696,317.095894602329
1693956305,350,,Aggregated,16.900000,0.800000,4300,7200,8900,9800,12000,13000,15000,16000,19000,21000,23000,55580,907,4300.0,5154.845341294592,15.018099002190866,22943.472623999696,317.1136559913638
1693956306,350,,Aggregated,16.800000,0.900000,4300,7200,8900,9800,12000,13000,15000,16000,19000,21000,23000,55597,908,4300.0,5157.6663049017125,15.018099002190866,22943.472623999696,317.13216540460814
1693956307,350,,Aggregated,17.100000,1.000000,4300,7200,8900,9800,12000,14000,15000,16000,19000,21000,23000,55610,908,4300.0,5159.94871224964,15.018099002190866,22943.472623999696,317.1267397950009
1693956308,350,,Aggregated,17.000000,1.000000,4300,7200,8900,9800,12000,14000,15000,16000,19000,21000,23000,55628,908,4300.0,5163.099532679648,15.018099002190866,22943.472623999696,317.1191666067448
1693956309,350,,Aggregated,17.300000,1.100000,4300,7200,8900,9800,12000,14000,15000,16000,19000,21000,23000,55645,908,4300.0,5165.722754048762,15.018099002190866,22943.472623999696,317.1120496001438
1693956311,350,,Aggregated,17.100000,1.000000,4300,7200,8900,9800,12000,14000,15000,16000,19000,21000,23000,55659,909,4300.0,5167.736355663694,15.018099002190866,22943.472623999696,317.1319283494134
1693956312,350,,Aggregated,16.100000,0.600000,4300,7200,8900,9800,12000,14000,15000,16000,19000,21000,23000,55674,910,4300.0,5170.287975579257,15.018099002190866,22943.472623999696,317.1513453317527
1693956313,350,,Aggregated,15.500000,0.600000,4300,7300,8900,9800,12000,14000,15000,16000,19000,21000,23000,55690,911,4300.0,5172.771235519653,15.018099002190866,22943.472623999696,317.1702460046687
1693956314,350,,Aggregated,15.700000,0.600000,4300,7300,8900,9800,12000,14000,15000,16000,19000,21000,23000,55702,911,4300.0,5174.646616615409,15.018099002190866,22943.472623999696,317.165218484076
1693956315,350,,Aggregated,16.000000,0.700000,4300,7300,8900,9800,12000,14000,15000,16000,19000,21000,23000,55717,911,4300.0,5176.961272141098,15.018099002190866,22943.472623999696,317.1589281547822
1693956316,350,,Aggregated,15.200000,0.600000,4300,7300,8900,9900,12000,14000,15000,16000,19000,21000,23000,55742,914,4300.0,5181.224631723306,15.018099002190866,22943.472623999696,317.2254135122529
1693956317,350,,Aggregated,14.600000,0.500000,4300,7300,8900,9900,12000,14000,15000,16000,19000,21000,23000,55752,914,4300.0,5182.98618458008,15.018099002190866,22943.472623999696,317.2212297316688
1693956318,350,,Aggregated,14.400000,0.500000,4300,7300,8900,9900,12000,14000,15000,16000,19000,21000,23000,55770,914,4300.0,5185.783792619197,15.018099002190866,22943.472623999696,317.2136632598171
1693956319,350,,Aggregated,14.600000,0.600000,4300,7300,8900,9900,12000,14000,15000,16000,19000,21000,23000,55779,914,4300.0,5187.133556503658,15.018099002190866,22943.472623999696,317.2098818551785
1693956320,350,,Aggregated,14.900000,0.600000,4400,7300,8900,9900,12000,14000,15000,16000,19000,21000,23000,55798,916,4400.0,5190.335735434649,15.018099002190866,22943.472623999696,317.2530915086562
1693956321,350,,Aggregated,14.200000,0.600000,4400,7300,8900,9900,12000,14000,15000,16000,19000,21000,23000,55819,916,4400.0,5194.04812369515,15.018099002190866,22943.472623999696,317.2442358336767
1693956322,350,,Aggregated,14.200000,0.600000,4400,7300,8900,9900,12000,14000,15000,16000,19000,21000,23000,55841,916,4400.0,5198.043627733057,15.018099002190866,22943.472623999696,317.23506026038217
1693956323,350,,Aggregated,15.000000,0.700000,4400,7300,8900,9900,12000,14000,15000,16000,19000,21000,23000,55853,917,4400.0,5200.111690546016,15.018099002190866,22943.472623999696,317.2556353284515
1693956324,350,,Aggregated,15.500000,0.600000,4400,7300,8900,9900,12000,14000,15000,16000,19000,21000,23000,55873,919,4400.0,5203.228100949521,15.018099002190866,22943.472623999696,317.29840889159345
1693956325,350,,Aggregated,15.800000,0.600000,4400,7300,8900,9900,12000,14000,15000,16000,19000,21000,23000,55891,919,4400.0,5206.18937266543,15.018099002190866,22943.472623999696,317.29090551251545
1693956326,350,,Aggregated,15.600000,0.600000,4400,7300,8900,9900,12000,14000,15000,16000,19000,21000,23000,55914,920,4400.0,5209.726762908243,15.018099002190866,22943.472623999696,317.3067568050935
1693956327,350,,Aggregated,16.500000,0.800000,4400,7300,8900,9900,12000,14000,15000,16000,19000,21000,23000,55931,922,4400.0,5212.476071880057,15.018099002190866,22943.472623999696,317.3506999696054
1693956328,350,,Aggregated,16.700000,0.700000,4400,7300,9000,9900,12000,14000,15000,16000,19000,21000,23000,55950,922,4400.0,5215.415943992752,15.018099002190866,22943.472623999696,317.3427345844504
1693956330,350,,Aggregated,16.900000,0.700000,4400,7300,9000,9900,12000,14000,15000,16000,19000,21000,23000,55965,923,4400.0,5217.588327400135,15.018099002190866,22943.472623999696,317.3620298400786
1693956331,350,,Aggregated,17.700000,0.800000,4400,7300,9000,9900,12000,14000,15000,16000,19000,21000,23000,55981,924,4400.0,5220.266495762879,15.018099002190866,22943.472623999696,317.38087922688055
1693956332,350,,Aggregated,17.800000,0.900000,4400,7300,9000,9900,12000,14000,15000,16000,19000,21000,23000,56001,924,4400.0,5223.622855490595,15.018099002190866,22943.472623999696,317.3724933483331
1693956333,350,,Aggregated,17.100000,0.700000,4400,7300,9000,9900,12000,14000,15000,16000,19000,21000,23000,56017,924,4400.0,5226.285184309368,15.018099002190866,22943.472623999696,317.3657639645108
1693956334,350,,Aggregated,16.900000,0.800000,4400,7300,9000,9900,12000,14000,15000,16000,19000,21000,23000,56027,925,4400.0,5228.093157604314,15.018099002190866,22943.472623999696,317.3870455316187
1693956335,350,,Aggregated,16.600000,0.700000,4400,7300,9000,9900,12000,14000,15000,16000,19000,21000,23000,56042,926,4400.0,5230.193674600372,15.018099002190866,22943.472623999696,317.406248884765
1693956336,350,,Aggregated,16.700000,0.800000,4400,7300,9000,9900,12000,14000,15000,16000,19000,21000,23000,56053,926,4400.0,5231.860581972439,15.018099002190866,22943.472623999696,317.4016377357144
1693956337,350,,Aggregated,15.700000,0.700000,4400,7300,9000,9900,12000,14000,15000,16000,19000,21000,23000,56065,926,4400.0,5233.687627066299,15.018099002190866,22943.472623999696,317.3965932399893
1693956338,350,,Aggregated,15.500000,0.700000,4400,7300,9000,9900,12000,14000,15000,16000,19000,21000,23000,56081,929,4400.0,5236.093613394376,15.018099002190866,22943.472623999696,317.4663433248337
1693956339,350,,Aggregated,14.400000,0.500000,4400,7300,9000,9900,12000,14000,15000,16000,19000,21000,23000,56092,929,4400.0,5237.827887167209,15.018099002190866,22943.472623999696,317.4617235969479
1693956340,350,,Aggregated,14.000000,0.500000,4400,7300,9000,10000,12000,14000,15000,16000,19000,21000,23000,56121,930,4400.0,5242.785313836338,15.018099002190866,22943.472623999696,317.4749915361451
1693956341,350,,Aggregated,13.700000,0.700000,4400,7300,9000,10000,12000,14000,15000,16000,19000,21000,23000,56146,931,4400.0,5246.812277700731,15.018099002190866,22943.472623999696,317.48997257151
1693956342,350,,Aggregated,13.300000,0.600000,4400,7400,9000,10000,12000,14000,15000,16000,19000,21000,23000,56170,932,4400.0,5250.306873281774,15.018099002190866,22943.472623999696,317.5052875200285
1693956343,350,,Aggregated,15.800000,0.800000,4400,7400,9000,10000,12000,14000,15000,16000,19000,21000,23000,56187,934,4400.0,5252.856652419283,15.018099002190866,22943.472623999696,317.5490415932511
1693956344,350,,Aggregated,15.800000,0.700000,4400,7400,9000,10000,12000,14000,15000,16000,19000,21000,23000,56197,935,4400.0,5254.221126941888,15.018099002190866,22943.472623999696,317.57027955228926
1693956345,350,,Aggregated,16.100000,0.800000,4400,7400,9000,10000,12000,14000,15000,16000,19000,21000,23000,56211,935,4400.0,5256.418371639025,15.018099002190866,22943.472623999696,317.5643379409724
1693956346,350,,Aggregated,16.500000,0.900000,4400,7400,9000,10000,12000,14000,15000,16000,19000,21000,23000,56230,935,4400.0,5259.400667324973,15.018099002190866,22943.472623999696,317.55630446380934
1693956348,355,,Aggregated,16.500000,0.900000,4400,7400,9000,10000,12000,14000,15000,16000,19000,21000,23000,56248,936,4400.0,5261.97543777084,15.018099002190866,22943.472623999696,317.57410041245913
1693956349,355,,Aggregated,16.900000,0.900000,4400,7400,9000,10000,12000,14000,15000,16000,19000,21000,23000,56262,936,4400.0,5264.103942222621,15.018099002190866,22943.472623999696,317.56809214034337
1693956350,355,,Aggregated,17.700000,0.900000,4400,7400,9000,10000,12000,14000,15000,16000,19000,21000,23000,56279,936,4400.0,5266.83638032412,15.018099002190866,22943.472623999696,317.5609552408536
1693956351,355,,Aggregated,17.200000,0.700000,4400,7400,9000,10000,12000,14000,15000,16000,19000,21000,23000,56302,938,4400.0,5270.112430421867,15.018099002190866,22943.472623999696,317.60203900394305
1693956352,355,,Aggregated,17.900000,0.700000,4400,7400,9000,10000,12000,14000,15000,16000,19000,21000,23000,56322,939,4400.0,5272.931311249901,15.018099002190866,22943.472623999696,317.6189055786371
1693956353,355,,Aggregated,15.800000,0.700000,4500,7400,9000,10000,12000,14000,15000,16000,19000,21000,23000,56335,939,4500.0,5275.109233655775,15.018099002190866,22943.472623999696,317.6134019703559
1693956354,355,,Aggregated,16.300000,0.800000,4500,7400,9000,10000,12000,14000,15000,16000,19000,21000,23000,56351,940,4500.0,5277.743357759791,15.018099002190866,22943.472623999696,317.63198523539955
1693956355,355,,Aggregated,16.000000,0.700000,4500,7400,9100,10000,12000,14000,15000,16000,19000,21000,23000,56364,940,4500.0,5279.552638537362,15.018099002190866,22943.472623999696,317.6265169256973
1693956356,355,,Aggregated,16.000000,0.600000,4500,7400,9100,10000,12000,14000,15000,16000,19000,21000,23000,56381,940,4500.0,5282.4658726452,15.018099002190866,22943.472623999696,317.619322112059
1693956357,355,,Aggregated,15.600000,0.500000,4500,7400,9100,10000,12000,14000,15000,16000,19000,21000,23000,56399,940,4500.0,5285.308439013174,15.018099002190866,22943.472623999696,317.6117661660668
1693956358,355,,Aggregated,16.000000,0.500000,4500,7400,9100,10000,12000,14000,15000,16000,19000,21000,23000,56411,941,4500.0,5287.209885199412,15.018099002190866,22943.472623999696,317.63200439630566
1693956359,355,,Aggregated,15.600000,0.500000,4500,7400,9100,10000,12000,14000,15000,16000,19000,21000,23000,56426,941,4500.0,5289.538234403166,15.018099002190866,22943.472623999696,317.62566901782867
1693956360,355,,Aggregated,15.700000,0.400000,4500,7400,9100,10000,12000,14000,15000,16000,19000,21000,23000,56442,942,4500.0,5292.127214171948,15.018099002190866,22943.472623999696,317.64420112682046
1693956361,355,,Aggregated,16.100000,0.500000,4500,7400,9100,10000,12000,14000,15000,16000,19000,21000,23000,56458,942,4500.0,5294.880074098694,15.018099002190866,22943.472623999696,317.63746501824363
1693956362,355,,Aggregated,15.600000,0.600000,4500,7400,9100,10000,12000,14000,15000,16000,19000,21000,23000,56478,942,4500.0,5298.497568903984,15.018099002190866,22943.472623999696,317.62904139665
1693956363,355,,Aggregated,14.800000,0.400000,4500,7400,9100,10000,12000,14000,15000,16000,19000,21000,23000,56488,944,4500.0,5300.185428616451,15.018099002190866,22943.472623999696,317.6754885993485
1693956364,355,,Aggregated,14.500000,0.300000,4500,7400,9100,10000,12000,14000,15000,17000,19000,21000,23000,56512,946,4500.0,5303.9623676469055,15.018099002190866,22943.472623999696,317.7159364382786
1693956366,355,,Aggregated,14.600000,0.300000,4500,7400,9100,10000,12000,14000,15000,17000,19000,21000,23000,56530,947,4500.0,5306.792934248221,15.018099002190866,22943.472623999696,317.7336104723156
1693956367,355,,Aggregated,14.100000,0.400000,4500,7400,9100,10000,12000,14000,15000,17000,19000,21000,23000,56542,949,4500.0,5308.4383389181485,15.018099002190866,22943.472623999696,317.7791022602667
1693956368,355,,Aggregated,15.800000,0.700000,4500,7400,9100,10000,12000,14000,15000,17000,19000,21000,23000,56554,950,4500.0,5310.5860849704895,15.018099002190866,22943.472623999696,317.7993245393783
1693956369,355,,Aggregated,15.600000,0.900000,4500,7400,9100,10000,12000,14000,15000,17000,19000,22000,23000,56569,951,4500.0,5313.095157564214,15.018099002190866,22943.472623999696,317.8182219943785
1693956370,355,,Aggregated,14.700000,1.000000,4500,7400,9100,10000,12000,14000,15000,17000,19000,22000,23000,56584,951,4500.0,5315.59952514089,15.018099002190866,22943.472623999696,317.81187261416653
1693956371,355,,Aggregated,14.700000,1.000000,4500,7400,9100,10000,12000,14000,15000,17000,19000,22000,23000,56604,952,4500.0,5319.192543780635,15.018099002190866,22943.472623999696,317.82868701858524
1693956372,355,,Aggregated,14.800000,0.900000,4500,7500,9100,10000,12000,14000,16000,17000,19000,22000,23000,56621,952,4500.0,5322.090752397062,15.018099002190866,22943.472623999696,317.8214266791473
1693956373,355,,Aggregated,15.500000,1.000000,4500,7500,9100,10000,12000,14000,16000,17000,19000,22000,23000,56638,952,4500.0,5325.263258750009,15.018099002190866,22943.472623999696,317.8141706981179
1693956374,355,,Aggregated,15.200000,1.000000,4500,7500,9100,10000,12000,14000,16000,17000,19000,22000,23000,56657,954,4500.0,5328.640706227209,15.018099002190866,22943.472623999696,317.85659318354305
1693956375,355,,Aggregated,15.000000,1.000000,4500,7500,9100,10000,12000,14000,16000,17000,19000,22000,23000,56673,954,4500.0,5331.588909474122,15.018099002190866,22943.472623999696,317.84980502179167
1693956376,355,,Aggregated,16.400000,0.800000,4500,7500,9100,10000,12000,14000,16000,17000,19000,22000,23000,56689,954,4500.0,5334.39181450821,15.018099002190866,22943.472623999696,317.84296777152537
1693956377,355,,Aggregated,15.100000,0.800000,4500,7500,9100,10000,12000,14000,16000,17000,19000,22000,23000,56701,954,4500.0,5336.662955679706,15.018099002190866,22943.472623999696,317.83786882065573
1693956378,355,,Aggregated,15.100000,0.700000,4500,7500,9100,10000,12000,14000,16000,17000,19000,22000,23000,56713,955,4500.0,5338.568785923139,15.018099002190866,22943.472623999696,317.8579514397052
1693956379,355,,Aggregated,15.100000,0.500000,4500,7500,9100,10000,12000,14000,16000,17000,19000,22000,23000,56730,955,4500.0,5341.247010404689,15.018099002190866,22943.472623999696,317.8507139079852
1693956380,355,,Aggregated,15.100000,0.400000,4500,7500,9100,10000,12000,14000,16000,17000,20000,22000,23000,56742,956,4500.0,5343.104585953315,15.018099002190866,22943.472623999696,317.8708540410983
1693956381,355,,Aggregated,15.300000,0.400000,4500,7500,9200,10000,12000,14000,16000,17000,20000,22000,23000,56761,956,4500.0,5346.732920860258,15.018099002190866,22943.472623999696,317.8628107327214
1693956382,355,,Aggregated,15.100000,0.400000,4500,7500,9200,10000,12000,14000,16000,17000,20000,22000,23000,56774,957,4500.0,5349.091861827968,15.018099002190866,22943.472623999696,317.8825166449431
1693956384,355,,Aggregated,14.500000,0.400000,4500,7500,9200,10000,12000,14000,16000,17000,20000,22000,23000,56791,958,4500.0,5352.17117672575,15.018099002190866,22943.472623999696,317.90047718828686
1693956385,355,,Aggregated,14.400000,0.500000,4500,7500,9200,10000,12000,14000,16000,17000,20000,22000,23000,56807,961,4500.0,5355.112984794973,15.018099002190866,22943.472623999696,317.9692291442956
1693956386,355,,Aggregated,13.800000,0.600000,4500,7500,9200,10000,12000,14000,16000,17000,20000,22000,23000,56826,962,4500.0,5358.7439816379665,15.018099002190866,22943.472623999696,317.9862738887129
1693956387,355,,Aggregated,14.200000,0.600000,4500,7500,9200,10000,12000,14000,16000,17000,20000,22000,23000,56842,962,4500.0,5361.757185202422,15.018099002190866,22943.472623999696,317.97948699905
1693956388,355,,Aggregated,14.200000,0.800000,4500,7500,9200,10000,12000,14000,16000,17000,20000,22000,23000,56854,962,4500.0,5363.9454285147585,15.018099002190866,22943.472623999696,317.97435536637704
1693956389,355,,Aggregated,14.600000,0.800000,4500,7500,9200,10000,12000,14000,16000,17000,20000,22000,23000,56872,963,4500.0,5367.46806244013,15.018099002190866,22943.472623999696,317.99185891123926
1693956390,355,,Aggregated,14.800000,0.800000,4500,7500,9200,10000,12000,14000,16000,17000,20000,22000,23000,56883,963,4500.0,5369.292571631052,15.018099002190866,22943.472623999696,317.98718422024155
1693956391,355,,Aggregated,14.900000,0.800000,4500,7500,9200,10000,12000,14000,16000,17000,20000,22000,24000,56900,964,4500.0,5372.59449462325,15.018099002190866,24056.726456001343,318.00506151142355
1693956392,355,,Aggregated,14.700000,0.800000,4500,7500,9200,10000,12000,14000,16000,17000,20000,22000,24000,56913,964,4500.0,5375.133460136172,15.018099002190866,24056.726456001343,317.9995431623706
1693956393,355,,Aggregated,14.500000,0.700000,4500,7500,9200,10000,12000,14000,16000,17000,20000,22000,26000,56925,964,4500.0,5377.735169009872,15.018099002190866,25587.20334499958,317.99443126921386
1693956394,355,,Aggregated,14.000000,0.800000,4600,7500,9200,10000,12000,14000,16000,17000,20000,22000,26000,56942,964,4600.0,5381.018327349095,15.018099002190866,25587.20334499958,317.98723262266867
1693956395,355,,Aggregated,14.400000,0.700000,4600,7500,9200,10000,12000,14000,16000,17000,20000,22000,26000,56965,965,4600.0,5385.246089416279,15.018099002190866,25587.20334499958,318.00258053190555
1693956396,355,,Aggregated,14.200000,0.600000,4600,7500,9200,10000,12000,14000,16000,17000,20000,22000,26000,56976,965,4600.0,5387.460991478841,15.018099002190866,25587.20334499958,317.99789385004215
1693956397,355,,Aggregated,14.900000,0.400000,4600,7500,9200,10000,12000,14000,16000,17000,20000,22000,26000,57002,967,4600.0,5392.160157313365,15.018099002190866,25587.20334499958,318.0370337882881
1693956398,355,,Aggregated,14.500000,0.300000,4600,7500,9200,10000,12000,14000,16000,17000,20000,22000,26000,57027,967,4600.0,5396.257438495704,15.018099002190866,25587.20334499958,318.02633840110826
1693956399,355,,Aggregated,14.300000,0.300000,4600,7500,9200,10000,12000,14000,16000,17000,20000,22000,26000,57044,968,4600.0,5399.015577974695,15.018099002190866,25587.20334499958,318.0441764252156
1693956400,355,,Aggregated,15.700000,0.500000,4600,7500,9200,10000,12000,14000,16000,17000,20000,22000,26000,57061,969,4600.0,5401.748224189892,15.018099002190866,25587.20334499958,318.0619512451587
1693956402,355,,Aggregated,15.900000,0.500000,4600,7500,9200,10000,13000,14000,16000,17000,20000,22000,26000,57076,970,4600.0,5404.237421543965,15.018099002190866,25587.20334499958,318.08064685682245
1693956403,355,,Aggregated,17.200000,0.600000,4600,7600,9200,10000,13000,14000,16000,17000,20000,22000,26000,57098,970,4600.0,5407.838321586401,15.018099002190866,25587.20334499958,318.07124592805354
1693956404,355,,Aggregated,17.200000,0.600000,4600,7600,9200,10000,13000,14000,16000,17000,20000,22000,26000,57113,970,4600.0,5410.415748180785,15.018099002190866,25587.20334499958,318.06487139530407
1693956405,355,,Aggregated,17.600000,0.600000,4600,7600,9300,10000,13000,14000,16000,17000,20000,22000,26000,57133,971,4600.0,5413.6327885494775,15.018099002190866,25587.20334499958,318.08137153659004
1693956406,355,,Aggregated,17.700000,0.600000,4600,7600,9300,10000,13000,14000,16000,17000,20000,23000,27000,57166,972,4600.0,5419.202364483909,15.018099002190866,26551.557236998633,318.092327607319
1693956407,355,,Aggregated,17.500000,0.700000,4600,7600,9300,10000,13000,14000,16000,17000,20000,23000,27000,57189,972,4600.0,5422.286580100669,15.018099002190866,26551.557236998633,318.082603297837
1693956408,360,,Aggregated,18.200000,0.700000,4600,7600,9300,10000,13000,14000,16000,17000,20000,23000,27000,57208,972,4600.0,5424.808784901099,15.018099002190866,26551.557236998633,318.07456999021116
1693956409,360,,Aggregated,20.300000,0.700000,4600,7600,9300,10000,13000,14000,16000,17000,20000,23000,27000,57222,972,4600.0,5426.685362981946,15.018099002190866,26551.557236998633,318.0686449267764
1693956410,360,,Aggregated,19.200000,0.500000,4600,7600,9300,10000,13000,14000,16000,17000,20000,23000,27000,57229,972,4600.0,5427.487114474443,15.018099002190866,26551.557236998633,318.0656660084922
1693956411,360,,Aggregated,18.300000,0.400000,4600,7600,9300,10000,13000,14000,16000,17000,20000,23000,27000,57247,973,4600.0,5429.610657346968,15.018099002190866,26551.557236998633,318.08297378028544
1693956412,360,,Aggregated,18.300000,0.400000,4600,7600,9300,10000,13000,14000,16000,17000,20000,23000,27000,57264,974,4600.0,5431.816811560122,15.018099002190866,26551.557236998633,318.1007439228835
1693956413,360,,Aggregated,17.500000,0.300000,4600,7600,9300,10000,13000,14000,16000,17000,20000,23000,27000,57275,974,4600.0,5433.090212351424,15.018099002190866,26551.557236998633,318.09609777389784
1693956414,360,,Aggregated,17.400000,0.300000,4600,7600,9300,10000,13000,14000,16000,17000,20000,23000,27000,57290,974,4600.0,5435.1046455156875,15.018099002190866,26551.557236998633,318.0897364286961
1693956415,360,,Aggregated,17.400000,0.400000,4600,7600,9300,10000,13000,14000,16000,17000,20000,23000,27000,57305,974,4600.0,5436.873709181675,15.018099002190866,26551.557236998633,318.0833435127825
1693956416,360,,Aggregated,17.100000,0.400000,4600,7600,9300,10000,13000,14000,16000,17000,20000,23000,27000,57317,975,4600.0,5438.511061118008,15.018099002190866,26551.557236998633,318.1031805572518
1693956417,360,,Aggregated,16.500000,0.300000,4600,7600,9300,10000,13000,14000,16000,17000,20000,23000,27000,57331,975,4600.0,5440.351787118817,15.018099002190866,26551.557236998633,318.0972597722
1693956418,360,,Aggregated,15.800000,0.200000,4600,7600,9300,10000,13000,14000,16000,17000,20000,23000,27000,57351,976,4600.0,5443.108438813724,15.018099002190866,26551.557236998633,318.1137207720877
1693956420,360,,Aggregated,13.400000,0.300000,4600,7600,9300,10000,13000,14000,16000,17000,20000,23000,27000,57367,976,4600.0,5445.335001632332,15.018099002190866,26551.557236998633,318.1069778792686
1693956421,360,,Aggregated,14.000000,0.400000,4600,7600,9300,10000,13000,14000,16000,17000,20000,23000,27000,57385,979,4600.0,5447.850474806326,15.018099002190866,26551.557236998633,318.17412215735817
1693956422,360,,Aggregated,14.000000,0.400000,4600,7600,9300,10000,13000,14000,16000,17000,20000,23000,27000,57400,979,4600.0,5449.963369929144,15.018099002190866,26551.557236998633,318.16773519163763
1693956423,360,,Aggregated,14.000000,0.400000,4600,7600,9300,10000,13000,14000,16000,17000,20000,23000,27000,57413,979,4600.0,5451.974860154754,15.018099002190866,26551.557236998633,318.16217581384007
1693956424,360,,Aggregated,14.900000,0.600000,4600,7600,9300,10000,13000,14000,16000,17000,20000,23000,27000,57430,980,4600.0,5454.576004218541,15.018099002190866,26551.557236998633,318.1798711474839
1693956425,360,,Aggregated,14.500000,0.500000,4600,7600,9300,10000,13000,14000,16000,17000,20000,23000,27000,57453,980,4600.0,5458.790930170853,15.018099002190866,26551.557236998633,318.1700868536021
1693956426,360,,Aggregated,14.400000,0.600000,4600,7600,9300,10000,13000,14000,16000,17000,20000,23000,27000,57472,981,4600.0,5461.710165225138,15.018099002190866,26551.557236998633,318.18692580734967
1693956427,360,,Aggregated,15.200000,0.600000,4600,7600,9300,10000,13000,14000,16000,17000,20000,23000,27000,57488,981,4600.0,5464.437691080035,15.018099002190866,26551.557236998633,318.1801419426663
1693956428,360,,Aggregated,15.700000,0.700000,4600,7600,9400,10000,13000,14000,16000,17000,20000,23000,27000,57501,981,4600.0,5466.639037587973,15.018099002190866,26551.557236998633,318.1746404410358
1693956429,360,,Aggregated,15.900000,0.600000,4700,7600,9400,10000,13000,14000,16000,17000,20000,23000,27000,57514,982,4700.0,5468.478401840091,15.018099002190866,26551.557236998633,318.1939875508572
1693956430,360,,Aggregated,16.200000,0.500000,4700,7600,9400,10000,13000,14000,16000,17000,20000,23000,27000,57531,982,4700.0,5471.331063335661,15.018099002190866,26551.557236998633,318.1867514905008
1693956431,360,,Aggregated,15.500000,0.500000,4700,7600,9400,10000,13000,14000,16000,17000,20000,23000,27000,57547,982,4700.0,5473.933509371919,15.018099002190866,26551.557236998633,318.1799920065338
1693956432,360,,Aggregated,15.500000,0.600000,4700,7600,9400,10000,13000,14000,16000,17000,20000,23000,27000,57563,983,4700.0,5476.717711417262,15.018099002190866,26551.557236998633,318.1980959991661
1693956433,360,,Aggregated,15.500000,0.300000,4700,7600,9400,10000,13000,14000,16000,17000,20000,23000,27000,57579,984,4700.0,5479.320129579168,15.018099002190866,26551.557236998633,318.21615519547055
1693956434,360,,Aggregated,15.000000,0.400000,4700,7700,9400,10000,13000,14000,16000,17000,20000,23000,27000,57594,985,4700.0,5481.836251811558,15.018099002190866,26551.557236998633,318.23459040872314
1693956435,360,,Aggregated,15.400000,0.400000,4700,7700,9400,10000,13000,14000,16000,17000,20000,23000,27000,57604,986,4700.0,5483.196311372091,15.018099002190866,26551.557236998633,318.25519061176306
1693956436,360,,Aggregated,15.700000,0.500000,4700,7700,9400,10000,13000,14000,16000,17000,20000,23000,27000,57626,986,4700.0,5486.8959106560915,15.018099002190866,26551.557236998633,318.2458438899108
1693956438,360,,Aggregated,15.000000,0.500000,4700,7700,9400,10000,13000,14000,16000,17000,20000,23000,27000,57642,987,4700.0,5489.4535167749555,15.018099002190866,26551.557236998633,318.26388744318376
1693956439,360,,Aggregated,14.800000,0.500000,4700,7700,9400,10000,13000,14000,16000,17000,20000,23000,27000,57661,989,4700.0,5492.3222249776645,15.018099002190866,26551.557236998633,318.30542307625603
1693956440,360,,Aggregated,14.700000,0.600000,4700,7700,9400,10000,13000,14000,16000,17000,20000,23000,27000,57685,990,4700.0,5496.582027388405,15.018099002190866,26551.557236998633,318.3200658750108
1693956441,360,,Aggregated,15.300000,0.800000,4700,7700,9400,10000,13000,14000,16000,17000,20000,23000,27000,57707,991,4700.0,5499.850989839398,15.018099002190866,26551.557236998633,318.3355052246695
1693956442,360,,Aggregated,16.000000,0.800000,4700,7700,9400,10000,13000,14000,16000,17000,20000,23000,27000,57723,991,4700.0,5502.760998942901,15.018099002190866,26551.557236998633,318.32869047000327
1693956443,360,,Aggregated,16.300000,0.900000,4700,7700,9400,10000,13000,14000,16000,17000,20000,23000,27000,57738,992,4700.0,5505.300997269807,15.018099002190866,26551.557236998633,318.3471197478264
1693956444,360,,Aggregated,16.700000,0.800000,4700,7700,9400,10000,13000,14000,16000,17000,20000,23000,27000,57753,993,4700.0,5507.511513852029,15.018099002190866,26551.557236998633,318.36548750714246
1693956445,360,,Aggregated,16.800000,0.900000,4700,7700,9400,10000,13000,14000,16000,17000,20000,23000,27000,57768,993,4700.0,5510.270299845627,15.018099002190866,26551.557236998633,318.35912615981164
1693956446,360,,Aggregated,16.300000,0.800000,4700,7700,9400,10000,13000,14000,16000,17000,20000,23000,27000,57780,994,4700.0,5512.560468662481,15.018099002190866,26551.557236998633,318.37874697127035
1693956447,360,,Aggregated,16.900000,0.800000,4700,7700,9400,10000,13000,14000,16000,17000,20000,23000,27000,57801,995,4700.0,5516.193717876389,15.018099002190866,26551.557236998633,318.39454334700093
1693956448,360,,Aggregated,16.900000,0.800000,4700,7700,9400,10000,13000,14000,16000,17000,20000,23000,27000,57814,997,4700.0,5518.364346295087,15.018099002190866,26551.557236998633,318.4384924066835
1693956449,360,,Aggregated,16.300000,0.800000,4700,7700,9400,10000,13000,14000,16000,17000,20000,23000,27000,57828,997,4700.0,5521.037742534086,15.018099002190866,26551.557236998633,318.4325240367988
1693956450,360,,Aggregated,16.500000,0.900000,4700,7700,9400,10000,13000,14000,16000,17000,20000,23000,27000,57840,997,4700.0,5523.163901391459,15.018099002190866,26551.557236998633,318.4273858921162
1693956451,360,,Aggregated,16.000000,0.800000,4700,7700,9400,10000,13000,14000,16000,17000,20000,23000,27000,57858,997,4700.0,5526.434401436085,15.018099002190866,26551.557236998633,318.41971723875696
1693956452,360,,Aggregated,15.000000,0.700000,4700,7700,9400,10000,13000,14000,16000,17000,20000,23000,27000,57876,998,4700.0,5529.574721652637,15.018099002190866,26551.557236998633,318.43677863017484
1693956453,360,,Aggregated,14.400000,0.600000,4700,7700,9400,10000,13000,14000,16000,17000,20000,23000,27000,57895,999,4700.0,5532.785809921564,15.018099002190866,26551.557236998633,318.453337939373
1693956454,360,,Aggregated,14.900000,0.700000,4700,7700,9400,10000,13000,14000,16000,17000,20000,23000,27000,57906,1000,4700.0,5534.54538026467,15.018099002190866,26551.557236998633,318.47333609643215
1693956456,360,,Aggregated,14.300000,0.600000,4700,7700,9400,10000,13000,14000,16000,17000,20000,23000,27000,57925,1000,4700.0,5537.581420826018,15.018099002190866,26551.557236998633,318.46523953388004
1693956457,360,,Aggregated,14.100000,0.700000,4700,7700,9400,10000,13000,14000,16000,17000,20000,23000,27000,57942,1000,4700.0,5540.538823369904,15.018099002190866,26551.557236998633,318.4580097338718
1693956458,360,,Aggregated,15.000000,0.600000,4700,7700,9500,10000,13000,14000,16000,17000,20000,23000,27000,57965,1002,4700.0,5544.236118234434,15.018099002190866,26551.557236998633,318.4975933753127
1693956459,360,,Aggregated,15.100000,0.600000,4700,7700,9500,10000,13000,14000,16000,17000,20000,23000,27000,57987,1004,4700.0,5547.349958669374,15.018099002190866,26551.557236998633,318.53755152016834
1693956460,360,,Aggregated,15.300000,0.500000,4700,7700,9500,10000,13000,14000,16000,17000,20000,23000,27000,58005,1004,4700.0,5550.384936460668,15.018099002190866,26551.557236998633,318.5299025946039
1693956461,360,,Aggregated,16.600000,0.700000,4700,7700,9500,10000,13000,14000,16000,17000,20000,23000,27000,58022,1005,4700.0,5553.2171830867965,15.018099002190866,26551.557236998633,318.54732687601256
1693956462,360,,Aggregated,16.900000,0.700000,4800,7800,9500,10000,13000,14000,16000,17000,20000,23000,27000,58038,1006,4800.0,5555.599836311849,15.018099002190866,26551.557236998633,318.56509528240116
1693956463,360,,Aggregated,17.400000,0.700000,4800,7800,9500,10000,13000,14000,16000,17000,20000,23000,27000,58051,1006,4800.0,5557.411484707209,15.018099002190866,26551.557236998633,318.5595252450432
1693956464,360,,Aggregated,16.600000,0.800000,4800,7800,9500,10000,13000,14000,16000,17000,20000,23000,27000,58072,1006,4800.0,5561.312775167505,15.018099002190866,26551.557236998633,318.5506268081003
1693956465,360,,Aggregated,16.700000,0.800000,4800,7800,9500,10000,13000,14000,16000,17000,20000,23000,27000,58087,1006,4800.0,5563.629501897315,15.018099002190866,26551.557236998633,318.54421815552536
1693956466,360,,Aggregated,16.600000,0.700000,4800,7800,9500,10000,13000,14000,16000,17000,20000,23000,27000,58106,1006,4800.0,5566.8473173624825,15.018099002190866,26551.557236998633,318.5361064261866
1693956467,365,,Aggregated,17.100000,0.600000,4800,7800,9500,10000,13000,14000,16000,17000,20000,23000,27000,58115,1006,4800.0,5568.490659245589,15.018099002190866,26551.557236998633,318.5322550116149
1693956468,365,,Aggregated,17.000000,0.600000,4800,7800,9500,11000,13000,14000,16000,17000,20000,23000,27000,58127,1007,4800.0,5570.500953422048,15.018099002190866,26551.557236998633,318.5516885440501
1693956469,365,,Aggregated,16.700000,0.600000,4800,7800,9500,11000,13000,14000,16000,17000,20000,23000,27000,58141,1007,4800.0,5572.702372306694,15.018099002190866,26551.557236998633,318.54575944686195
1693956470,365,,Aggregated,15.900000,0.500000,4800,7800,9500,11000,13000,14000,16000,17000,20000,23000,27000,58157,1007,4800.0,5575.433703664916,15.018099002190866,26551.557236998633,318.53893770311396
1693956471,365,,Aggregated,14.700000,0.300000,4800,7800,9500,11000,13000,14000,16000,17000,20000,23000,27000,58186,1009,4800.0,5580.498823062739,15.018099002190866,26551.557236998633,318.5757398686969
1693956472,365,,Aggregated,14.600000,0.300000,4800,7800,9500,11000,13000,14000,16000,17000,20000,23000,27000,58203,1009,4800.0,5582.889357502493,15.018099002190866,26551.557236998633,318.5685273954951
1693956474,365,,Aggregated,14.000000,0.300000,4800,7800,9500,11000,13000,14000,16000,17000,20000,23000,27000,58222,1009,4800.0,5585.716774258161,15.018099002190866,26551.557236998633,318.56038954347156
1693956475,365,,Aggregated,15.800000,0.300000,4800,7800,9500,11000,13000,15000,16000,17000,20000,23000,27000,58241,1010,4800.0,5588.284232401793,15.018099002190866,26551.557236998633,318.57686166102917
1693956476,365,,Aggregated,16.000000,0.300000,4800,7800,9500,11000,13000,15000,16000,17000,20000,23000,27000,58261,1013,4800.0,5591.31260632646,15.018099002190866,26551.557236998633,318.6419560254716
1693956477,365,,Aggregated,16.300000,0.300000,4800,7800,9500,11000,13000,15000,16000,17000,20000,23000,27000,58279,1013,4800.0,5593.962441440088,15.018099002190866,26551.557236998633,318.6342936563771
1693956478,365,,Aggregated,16.500000,0.600000,4800,7800,9500,11000,13000,15000,16000,17000,20000,23000,27000,58297,1014,4800.0,5596.427920305383,15.018099002190866,26551.557236998633,318.651182736676
1693956479,365,,Aggregated,16.900000,0.700000,4800,7800,9500,11000,13000,15000,16000,17000,20000,23000,27000,58320,1014,4800.0,5599.463794815532,15.018099002190866,26551.557236998633,318.64130658436216
1693956480,365,,Aggregated,17.400000,0.800000,4800,7800,9500,11000,13000,15000,16000,17000,20000,23000,27000,58336,1015,4800.0,5601.527414941098,15.018099002190866,26551.557236998633,318.65902701590784
1693956481,365,,Aggregated,17.700000,0.700000,4800,7800,9500,11000,13000,15000,16000,17000,20000,23000,27000,58351,1017,4800.0,5603.653796100236,15.018099002190866,26551.557236998633,318.7016160819866
1693956482,365,,Aggregated,18.600000,0.700000,4800,7800,9500,11000,13000,15000,16000,17000,20000,23000,27000,58370,1018,4800.0,5606.211354969825,15.018099002190866,26551.557236998633,318.7180572211753
1693956483,365,,Aggregated,18.600000,1.000000,4800,7800,9500,11000,13000,15000,16000,17000,20000,23000,27000,58390,1019,4800.0,5608.98413069837,15.018099002190866,26551.557236998633,318.7340469258435
1693956484,365,,Aggregated,17.300000,0.800000,4800,7800,9500,11000,13000,15000,16000,17000,20000,23000,27000,58404,1019,4800.0,5611.114555819871,15.018099002190866,26551.557236998633,318.7280665707828
1693956485,365,,Aggregated,17.900000,1.000000,4800,7800,9600,11000,13000,15000,16000,17000,20000,23000,27000,58423,1020,4800.0,5613.997004567392,15.018099002190866,26551.557236998633,318.74443284322956
1693956486,365,,Aggregated,17.400000,1.000000,4800,7800,9600,11000,13000,15000,16000,17000,20000,24000,27000,58440,1022,4800.0,5616.4121857063255,15.018099002190866,26551.557236998633,318.78613963039015
1693956487,365,,Aggregated,17.200000,1.000000,4800,7800,9600,11000,13000,15000,16000,17000,20000,24000,27000,58455,1022,4800.0,5618.838500396553,15.018099002190866,26551.557236998633,318.7797279958943
1693956488,365,,Aggregated,16.800000,0.800000,4800,7800,9600,11000,13000,15000,16000,17000,20000,24000,27000,58471,1024,4800.0,5621.106171040593,15.018099002190866,26551.557236998633,318.82180910194796
1693956489,365,,Aggregated,16.800000,0.900000,4800,7900,9600,11000,13000,15000,16000,17000,20000,24000,27000,58488,1025,4800.0,5623.576970578898,15.018099002190866,26551.557236998633,318.8389755163452
1693956490,365,,Aggregated,16.300000,0.800000,4800,7900,9600,11000,13000,15000,16000,17000,20000,24000,27000,58506,1025,4800.0,5626.202451789862,15.018099002190866,26551.557236998633,318.8312480771203
1693956492,365,,Aggregated,16.500000,1.100000,4800,7900,9600,11000,13000,15000,16000,17000,20000,24000,27000,58516,1025,4800.0,5627.565098938934,15.018099002190866,26551.557236998633,318.82697040125777
1693956493,365,,Aggregated,15.800000,1.100000,4800,7900,9600,11000,13000,15000,16000,17000,20000,24000,27000,58529,1026,4800.0,5629.429497667868,15.018099002190866,26551.557236998633,318.84587127748637
1693956494,365,,Aggregated,15.400000,0.800000,4800,7900,9600,11000,13000,15000,16000,17000,20000,24000,27000,58548,1028,4800.0,5632.0883384535355,15.018099002190866,26551.557236998633,318.88660586185694
1693956495,365,,Aggregated,14.700000,0.700000,4800,7900,9600,11000,13000,15000,16000,17000,20000,24000,27000,58560,1029,4800.0,5633.71863277617,15.018099002190866,26551.557236998633,318.90589139344263
1693956496,365,,Aggregated,15.100000,0.900000,4800,7900,9600,11000,13000,15000,16000,17000,20000,24000,27000,58574,1029,4800.0,5635.761713929705,15.018099002190866,26551.557236998633,318.8998361047564
1693956497,365,,Aggregated,14.700000,1.000000,4800,7900,9600,11000,13000,15000,16000,17000,21000,24000,27000,58584,1030,4800.0,5637.40807860811,15.018099002190866,26551.557236998633,318.91999522053806
1693956498,365,,Aggregated,14.200000,0.900000,4800,7900,9600,11000,13000,15000,16000,17000,21000,24000,27000,58602,1031,4800.0,5640.228560512448,15.018099002190866,26551.557236998633,318.93662332343604
1693956499,365,,Aggregated,13.800000,0.800000,4800,7900,9600,11000,13000,15000,16000,17000,21000,24000,27000,58625,1031,4800.0,5644.065858848282,15.018099002190866,26551.557236998633,318.9266695095949
1693956500,365,,Aggregated,14.200000,0.900000,4800,7900,9600,11000,13000,15000,16000,17000,21000,24000,27000,58638,1032,4800.0,5646.165292200494,15.018099002190866,26551.557236998633,318.94544493331966
1693956501,365,,Aggregated,14.300000,0.600000,4900,7900,9600,11000,13000,15000,16000,17000,21000,24000,27000,58663,1033,4900.0,5650.405413120186,15.018099002190866,26551.557236998633,318.95908835211293
1693956502,365,,Aggregated,14.000000,0.700000,4900,7900,9600,11000,13000,15000,16000,17000,21000,24000,27000,58682,1033,4900.0,5654.02976944234,15.018099002190866,26551.557236998633,318.9509048771344
1693956503,365,,Aggregated,14.700000,0.800000,4900,7900,9600,11000,13000,15000,16000,17000,21000,24000,27000,58695,1034,4900.0,5656.376822803194,15.018099002190866,26551.557236998633,318.9697078115683
1693956504,365,,Aggregated,15.300000,0.800000,4900,7900,9600,11000,13000,15000,16000,17000,21000,24000,27000,58712,1035,4900.0,5659.286811347009,15.018099002190866,26551.557236998633,318.9867829404551
1693956505,365,,Aggregated,15.800000,0.800000,4900,7900,9600,11000,13000,15000,16000,17000,21000,24000,27000,58722,1035,4900.0,5660.784628761786,15.018099002190866,26551.557236998633,318.98251081366436
1693956506,365,,Aggregated,15.000000,0.600000,4900,7900,9600,11000,13000,15000,16000,17000,21000,24000,27000,58739,1036,4900.0,5663.457821583726,15.018099002190866,26551.557236998633,318.9995914128603
1693956507,365,,Aggregated,15.600000,0.600000,4900,7900,9600,11000,13000,15000,16000,17000,21000,24000,27000,58760,1037,4900.0,5666.7742443018315,15.018099002190866,26551.557236998633,319.01489108236893
1693956508,365,,Aggregated,15.500000,0.600000,4900,7900,9600,11000,13000,15000,16000,17000,21000,24000,27000,58779,1039,4900.0,5669.510676301293,15.018099002190866,26551.557236998633,319.0553428945712
1693956510,365,,Aggregated,16.100000,0.700000,4900,7900,9700,11000,13000,15000,16000,17000,21000,24000,27000,58803,1040,4900.0,5673.255817630812,15.018099002190866,26551.557236998633,319.06929918541573
1693956511,365,,Aggregated,16.200000,0.800000,4900,7900,9700,11000,13000,15000,16000,17000,21000,24000,27000,58817,1040,4900.0,5675.6944888588105,15.018099002190866,26551.557236998633,319.0632470204193
1693956512,365,,Aggregated,17.200000,0.800000,4900,7900,9700,11000,13000,15000,16000,18000,21000,24000,27000,58837,1040,4900.0,5679.1655586693505,15.018099002190866,26551.557236998633,319.0546594829784
1693956513,365,,Aggregated,16.200000,0.700000,4900,7900,9700,11000,13000,15000,16000,18000,21000,24000,27000,58857,1041,4900.0,5682.571534004547,15.018099002190866,26551.557236998633,319.07030599588836
1693956514,365,,Aggregated,16.600000,0.700000,4900,7900,9700,11000,13000,15000,16000,18000,21000,24000,27000,58871,1041,4900.0,5685.077602499051,15.018099002190866,26551.557236998633,319.06434407433204
1693956515,365,,Aggregated,16.700000,0.700000,4900,7900,9700,11000,13000,15000,16000,18000,21000,24000,27000,58884,1041,4900.0,5687.2704994586575,15.018099002190866,26551.557236998633,319.05881054276205
1693956516,365,,Aggregated,17.100000,0.700000,4900,7900,9700,11000,13000,15000,16000,18000,21000,24000,27000,58898,1042,4900.0,5689.349840261784,15.018099002190866,26551.557236998633,319.0770654351591
1693956517,365,,Aggregated,16.400000,0.600000,4900,7900,9700,11000,13000,15000,16000,18000,21000,24000,27000,58918,1043,4900.0,5693.040300727869,15.018099002190866,26551.557236998633,319.0927560338097
1693956518,365,,Aggregated,17.000000,0.700000,4900,7900,9700,11000,13000,15000,16000,18000,21000,24000,27000,58931,1043,4900.0,5695.00277093132,15.018099002190866,26551.557236998633,319.08718670988105
1693956519,365,,Aggregated,17.000000,0.600000,4900,7900,9700,11000,13000,15000,16000,18000,21000,24000,27000,58943,1044,4900.0,5696.760577820752,15.018099002190866,26551.557236998633,319.1063230578695
1693956520,365,,Aggregated,16.300000,0.500000,4900,8000,9700,11000,13000,15000,16000,18000,21000,24000,27000,58962,1044,4900.0,5699.493366911701,15.018099002190866,26551.557236998633,319.09816491977887
1693956521,365,,Aggregated,15.700000,0.500000,4900,8000,9700,11000,13000,15000,16000,18000,21000,24000,27000,58977,1045,4900.0,5701.7124411510185,15.018099002190866,26551.557236998633,319.1158926361124
1693956522,365,,Aggregated,14.500000,0.400000,4900,8000,9700,11000,13000,15000,16000,18000,21000,24000,27000,58991,1047,4900.0,5703.700933917218,15.018099002190866,26551.557236998633,319.15839704361684
1693956523,365,,Aggregated,15.000000,0.400000,4900,8000,9700,11000,13000,15000,16000,18000,21000,24000,27000,59009,1048,4900.0,5706.661659330417,15.018099002190866,26551.557236998633,319.1748546831839
1693956524,365,,Aggregated,14.500000,0.500000,4900,8000,9700,11000,13000,15000,16000,18000,21000,24000,27000,59028,1048,4900.0,5709.618947408105,15.018099002190866,26551.557236998633,319.16664972555395
1693956525,365,,Aggregated,13.900000,0.600000,4900,8000,9700,11000,13000,15000,16000,18000,21000,24000,27000,59038,1048,4900.0,5710.966095522707,15.018099002190866,26551.557236998633,319.1623699989837
1693956526,365,,Aggregated,14.600000,0.700000,4900,8000,9700,11000,13000,15000,16000,18000,21000,24000,27000,59063,1049,4900.0,5714.5900825357585,15.018099002190866,26551.557236998633,319.1758461304031
1693956528,370,,Aggregated,14.900000,0.700000,4900,8000,9700,11000,13000,15000,16000,18000,21000,24000,27000,59079,1050,4900.0,5717.292422308409,15.018099002190866,26551.557236998633,319.19316508404
1693956529,370,,Aggregated,14.300000,0.600000,4900,8000,9700,11000,13000,15000,17000,18000,21000,24000,27000,59091,1050,4900.0,5719.160335514503,15.018099002190866,26551.557236998633,319.1880320184123
1693956530,370,,Aggregated,15.000000,0.600000,4900,8000,9700,11000,13000,15000,17000,18000,21000,24000,27000,59106,1051,4900.0,5721.931120839466,15.018099002190866,26551.557236998633,319.20576591209016
1693956531,370,,Aggregated,15.500000,0.600000,4900,8000,9700,11000,13000,15000,17000,18000,21000,24000,27000,59122,1053,4900.0,5724.528957822899,15.018099002190866,26551.557236998633,319.24716687527484
1693956532,370,,Aggregated,15.800000,0.700000,4900,8000,9800,11000,13000,15000,17000,18000,21000,24000,27000,59142,1054,4900.0,5728.3418401591325,15.018099002190866,26551.557236998633,319.2627067058943
1693956533,370,,Aggregated,15.400000,0.900000,4900,8000,9800,11000,13000,15000,17000,18000,21000,24000,27000,59158,1055,4900.0,5730.8921505595945,15.018099002190866,26551.557236998633,319.2799959430677
1693956534,370,,Aggregated,15.700000,0.900000,4900,8000,9800,11000,13000,15000,17000,18000,21000,24000,27000,59172,1056,4900.0,5733.028314784011,15.018099002190866,26551.557236998633,319.2981308727101
1693956535,370,,Aggregated,16.000000,0.800000,4900,8000,9800,11000,13000,15000,17000,18000,21000,24000,27000,59188,1057,4900.0,5735.7038370782675,15.018099002190866,26551.557236998633,319.3154355612624
1693956536,370,,Aggregated,15.400000,0.700000,4900,8000,9800,11000,13000,15000,17000,18000,21000,24000,27000,59204,1060,4900.0,5738.026922290058,15.018099002190866,26551.557236998633,319.3810215525978
1693956537,370,,Aggregated,15.300000,0.900000,5000,8000,9800,11000,13000,15000,17000,18000,21000,24000,27000,59233,1062,5000.0,5742.710804117494,15.018099002190866,26551.557236998633,319.4167778096669
1693956538,370,,Aggregated,15.900000,1.100000,5000,8000,9800,11000,13000,15000,17000,18000,21000,24000,27000,59256,1062,5000.0,5745.924009316871,15.018099002190866,26551.557236998633,319.4068448764682
1693956539,370,,Aggregated,14.900000,1.200000,5000,8000,9800,11000,13000,15000,17000,18000,21000,24000,27000,59283,1063,5000.0,5749.740829935437,15.018099002190866,26551.557236998633,319.41931076362533
1693956540,370,,Aggregated,16.900000,1.200000,5000,8000,9800,11000,13000,15000,17000,18000,21000,24000,27000,59295,1063,5000.0,5751.181678775773,15.018099002190866,26551.557236998633,319.4141158613711
1693956541,370,,Aggregated,17.400000,1.200000,5000,8000,9800,11000,13000,15000,17000,18000,21000,24000,27000,59307,1063,5000.0,5752.950109186041,15.018099002190866,26551.557236998633,319.4089230613587
1693956542,370,,Aggregated,18.100000,1.200000,5000,8000,9800,11000,13000,15000,17000,18000,21000,24000,27000,59322,1065,5000.0,5755.033925892613,15.018099002190866,26551.557236998633,319.45067597181486
1693956543,370,,Aggregated,18.200000,1.000000,5000,8000,9800,11000,13000,15000,17000,18000,21000,24000,27000,59341,1065,5000.0,5758.421038561831,15.018099002190866,26551.557236998633,319.44242597866565
1693956544,370,,Aggregated,17.500000,0.900000,5000,8000,9800,11000,13000,15000,17000,18000,21000,24000,27000,59357,1065,5000.0,5761.1736521384255,15.018099002190866,26551.557236998633,319.43553414087637
1693956545,370,,Aggregated,17.500000,1.000000,5000,8000,9800,11000,13000,15000,17000,18000,21000,24000,27000,59371,1066,5000.0,5763.550673561748,15.018099002190866,26551.557236998633,319.45355476579476
1693956547,370,,Aggregated,17.700000,0.800000,5000,8000,9800,11000,13000,15000,17000,18000,21000,24000,27000,59385,1066,5000.0,5765.946893894242,15.018099002190866,26551.557236998633,319.4475035783447
1693956548,370,,Aggregated,17.400000,0.700000,5000,8000,9800,11000,13000,15000,17000,18000,21000,24000,27000,59404,1066,5000.0,5768.831671414982,15.018099002190866,26551.557236998633,319.43929701703587
1693956549,370,,Aggregated,17.200000,0.500000,5000,8000,9800,11000,13000,15000,17000,18000,21000,24000,27000,59414,1066,5000.0,5770.1822904013625,15.018099002190866,26551.557236998633,319.43501531625543
1693956550,370,,Aggregated,15.400000,0.400000,5000,8000,9800,11000,13000,15000,17000,18000,21000,24000,27000,59431,1068,5000.0,5772.551180983636,15.018099002190866,26551.557236998633,319.4757954602817
1693956551,370,,Aggregated,14.700000,0.400000,5000,8100,9800,11000,13000,15000,17000,18000,21000,24000,27000,59444,1071,5000.0,5774.5914948048,15.018099002190866,26551.557236998633,319.54237601776464
1693956552,370,,Aggregated,14.200000,0.500000,5000,8100,9800,11000,13000,15000,17000,18000,21000,24000,27000,59461,1074,5000.0,5777.29492888711,15.018099002190866,26551.557236998633,319.6072215401692
1693956553,370,,Aggregated,14.000000,0.800000,5000,8100,9800,11000,13000,15000,17000,18000,21000,24000,27000,59480,1076,5000.0,5780.367426451907,15.018099002190866,26551.557236998633,319.64704102219235
1693956554,370,,Aggregated,14.500000,1.100000,5000,8100,9800,11000,13000,15000,17000,18000,21000,24000,27000,59492,1077,5000.0,5782.3505785705875,15.018099002190866,26551.557236998633,319.6658710414846
1693956555,370,,Aggregated,14.300000,1.000000,5000,8100,9800,11000,13000,15000,17000,18000,21000,24000,27000,59506,1077,5000.0,5784.597914524273,15.018099002190866,26551.557236998633,319.65974859678016
1693956556,370,,Aggregated,14.700000,1.200000,5000,8100,9900,11000,13000,15000,17000,18000,21000,24000,27000,59524,1078,5000.0,5787.547321460476,15.018099002190866,26551.557236998633,319.67601303675826
1693956557,370,,Aggregated,14.000000,1.200000,5000,8100,9900,11000,13000,15000,17000,18000,21000,24000,27000,59535,1078,5000.0,5789.360705878163,15.018099002190866,26551.557236998633,319.671201814059
1693956558,370,,Aggregated,14.400000,1.100000,5000,8100,9900,11000,13000,15000,17000,18000,21000,24000,27000,59550,1078,5000.0,5791.856691566002,15.018099002190866,26551.557236998633,319.66471872376155
1693956559,370,,Aggregated,14.400000,1.200000,5000,8100,9900,11000,13000,15000,17000,18000,21000,24000,27000,59566,1078,5000.0,5794.694497186725,15.018099002190866,26551.557236998633,319.6577577812846
1693956560,370,,Aggregated,13.700000,1.200000,5000,8100,9900,11000,13000,15000,17000,18000,21000,24000,27000,59585,1079,5000.0,5798.12486465534,15.018099002190866,26551.557236998633,319.6734077368465
1693956561,370,,Aggregated,14.200000,1.200000,5000,8100,9900,11000,13000,15000,17000,18000,21000,24000,27000,59605,1080,5000.0,5801.53385915382,15.018099002190866,26551.557236998633,319.68870061236476
1693956562,370,,Aggregated,14.200000,1.000000,5000,8100,9900,11000,13000,15000,17000,18000,21000,24000,27000,59619,1081,5000.0,5803.989953229565,15.018099002190866,26551.557236998633,319.70665391905266
1693956563,370,,Aggregated,14.900000,0.800000,5000,8100,9900,11000,13000,15000,17000,18000,21000,24000,27000,59639,1082,5000.0,5807.290531431672,15.018099002190866,26551.557236998633,319.7219436945623
1693956565,370,,Aggregated,15.000000,0.600000,5000,8100,9900,11000,13000,15000,17000,18000,21000,24000,27000,59651,1083,5000.0,5809.386417104414,15.018099002190866,26551.557236998633,319.7406916899968
1693956566,370,,Aggregated,15.100000,0.500000,5000,8100,9900,11000,13000,15000,17000,18000,21000,24000,27000,59671,1083,5000.0,5812.965576644575,15.018099002190866,26551.557236998633,319.7319636004089
1693956567,370,,Aggregated,15.200000,0.600000,5000,8100,9900,11000,13000,15000,17000,18000,21000,24000,27000,59688,1083,5000.0,5816.184721340344,15.018099002190866,26551.557236998633,319.7246180136711
1693956568,370,,Aggregated,15.500000,0.600000,5000,8100,9900,11000,13000,15000,17000,18000,21000,24000,27000,59702,1086,5000.0,5818.563775098849,15.018099002190866,26551.557236998633,319.7903922816656
1693956569,370,,Aggregated,15.700000,0.500000,5000,8100,9900,11000,13000,15000,17000,18000,21000,24000,27000,59717,1086,5000.0,5821.4694076139185,15.018099002190866,26551.557236998633,319.7837634174523
1693956570,370,,Aggregated,16.100000,0.800000,5000,8100,9900,11000,13000,15000,17000,18000,21000,24000,27000,59732,1086,5000.0,5824.20906592276,15.018099002190866,26551.557236998633,319.777271814103
1693956571,370,,Aggregated,16.000000,0.800000,5000,8100,9900,11000,13000,15000,17000,18000,21000,24000,27000,59746,1087,5000.0,5826.562851756607,15.018099002190866,26551.557236998633,319.7950657784622
1693956572,370,,Aggregated,15.500000,0.800000,5000,8100,9900,11000,13000,15000,17000,18000,21000,24000,27000,59763,1087,5000.0,5829.578789612139,15.018099002190866,26551.557236998633,319.78769472750696
1693956573,370,,Aggregated,15.300000,0.700000,5000,8100,9900,11000,13000,15000,17000,18000,21000,24000,27000,59782,1090,5000.0,5832.824606338904,15.018099002190866,26551.557236998633,319.851209394132
1693956574,370,,Aggregated,15.100000,0.700000,5000,8100,9900,11000,13000,15000,17000,18000,21000,24000,27000,59799,1090,5000.0,5835.938754774232,15.018099002190866,26551.557236998633,319.84377665178346
1693956575,370,,Aggregated,15.400000,0.900000,5000,8100,9900,11000,13000,15000,17000,18000,21000,24000,27000,59818,1090,5000.0,5839.614752080367,15.018099002190866,26551.557236998633,319.8354843023839
1693956576,370,,Aggregated,14.900000,0.800000,5100,8100,9900,11000,13000,15000,17000,18000,21000,24000,27000,59838,1091,5100.0,5842.801767329029,15.018099002190866,26551.557236998633,319.85073030515724
1693956577,370,,Aggregated,15.900000,0.700000,5100,8100,9900,11000,13000,15000,17000,18000,21000,24000,27000,59849,1091,5100.0,5844.956498891201,15.018099002190866,26551.557236998633,319.84594562983506
1693956578,370,,Aggregated,15.700000,0.800000,5100,8200,9900,11000,13000,15000,17000,18000,21000,24000,27000,59864,1092,5100.0,5847.636842194399,15.018099002190866,26551.557236998633,319.8632901242817
1693956579,370,,Aggregated,15.600000,0.800000,5100,8200,9900,11000,13000,15000,17000,18000,21000,24000,27000,59879,1093,5100.0,5850.288220890653,15.018099002190866,26551.557236998633,319.8806760299938
1693956580,370,,Aggregated,15.100000,0.500000,5100,8200,9900,11000,13000,15000,17000,18000,21000,24000,27000,59894,1094,5100.0,5852.785882071331,15.018099002190866,26551.557236998633,319.89800313887866
1693956581,370,,Aggregated,15.300000,0.600000,5100,8200,9900,11000,13000,15000,17000,18000,21000,24000,27000,59908,1096,5100.0,5854.81300503646,15.018099002190866,26551.557236998633,319.9396407825332
1693956583,370,,Aggregated,15.200000,0.800000,5100,8200,10000,11000,13000,15000,17000,18000,21000,24000,27000,59929,1097,5100.0,5858.246071104093,15.018099002190866,26551.557236998633,319.95431260324716
1693956584,370,,Aggregated,15.200000,0.900000,5100,8200,10000,11000,13000,15000,17000,18000,21000,24000,27000,59949,1098,5100.0,5861.569851304981,15.018099002190866,26551.557236998633,319.9694573720996
1693956585,370,,Aggregated,15.300000,0.700000,5100,8200,10000,11000,13000,15000,17000,18000,21000,24000,27000,59966,1099,5100.0,5864.281360351671,15.018099002190866,26551.557236998633,319.98590868158624
1693956586,370,,Aggregated,15.900000,0.800000,5100,8200,10000,11000,13000,15000,17000,18000,21000,24000,27000,59986,1100,5100.0,5867.550019497873,15.018099002190866,26551.557236998633,320.0009502217184
1693956587,370,,Aggregated,15.200000,0.900000,5100,8200,10000,11000,13000,15000,17000,18000,21000,24000,27000,60000,1100,5100.0,5869.959443352657,15.018099002190866,26551.557236998633,319.99485
1693956588,375,,Aggregated,15.200000,0.800000,5100,8200,10000,11000,13000,15000,17000,18000,21000,24000,27000,60023,1101,5100.0,5873.480815429359,15.018099002190866,26551.557236998633,320.00864668543727
1693956589,375,,Aggregated,15.600000,0.900000,5100,8200,10000,11000,13000,15000,17000,18000,21000,24000,27000,60038,1102,5100.0,5876.017905255561,15.018099002190866,26551.557236998633,320.02586695093106
1693956590,375,,Aggregated,16.400000,1.000000,5100,8200,10000,11000,13000,15000,17000,18000,21000,24000,27000,60055,1104,5100.0,5878.4512174035535,15.018099002190866,26551.557236998633,320.0660228124219
1693956591,375,,Aggregated,16.500000,0.900000,5100,8200,10000,11000,13000,15000,17000,18000,21000,24000,27000,60067,1104,5100.0,5880.660812423917,15.018099002190866,26551.557236998633,320.0607488304726
1693956592,375,,Aggregated,17.400000,1.100000,5100,8200,10000,11000,13000,15000,17000,18000,21000,24000,27000,60083,1104,5100.0,5883.25314174579,15.018099002190866,26551.557236998633,320.05375896676264
1693956593,375,,Aggregated,16.700000,1.000000,5100,8200,10000,11000,13000,15000,17000,18000,21000,24000,27000,60104,1105,5100.0,5886.752346867055,15.018099002190866,26551.557236998633,320.068381472115
1693956594,375,,Aggregated,16.600000,0.800000,5100,8200,10000,11000,13000,15000,17000,18000,21000,24000,27000,60118,1105,5100.0,5888.788544146006,15.018099002190866,26551.557236998633,320.0622775208756
1693956595,375,,Aggregated,16.600000,0.800000,5100,8200,10000,11000,13000,15000,17000,18000,21000,24000,27000,60129,1105,5100.0,5890.604557410129,15.018099002190866,26551.557236998633,320.0574764256848
1693956596,375,,Aggregated,16.100000,0.700000,5100,8200,10000,11000,13000,15000,17000,18000,21000,24000,27000,60141,1105,5100.0,5892.482054510095,15.018099002190866,26551.557236998633,320.0522438935169
1693956597,375,,Aggregated,15.900000,0.600000,5100,8200,10000,11000,13000,15000,17000,18000,21000,24000,27000,60154,1105,5100.0,5894.617481029719,15.018099002190866,26551.557236998633,320.04656381952987
1693956598,375,,Aggregated,15.100000,0.600000,5100,8200,10000,11000,13000,15000,17000,18000,21000,24000,27000,60167,1105,5100.0,5896.947111568082,15.018099002190866,26551.557236998633,320.0408695796699
1693956600,375,,Aggregated,14.800000,0.500000,5100,8200,10000,11000,13000,15000,17000,18000,21000,24000,27000,60182,1105,5100.0,5899.281490507921,15.018099002190866,26551.557236998633,320.03427935263034
1693956601,375,,Aggregated,13.500000,0.400000,5100,8200,10000,11000,13000,15000,17000,18000,21000,24000,27000,60200,1105,5100.0,5902.178099179962,15.018099002190866,26551.557236998633,320.0263953488372
1693956602,375,,Aggregated,12.900000,0.100000,5100,8200,10000,11000,13000,15000,17000,18000,21000,24000,27000,60216,1107,5100.0,5904.994488157479,15.018099002190866,26551.557236998633,320.0668593064966
1693956603,375,,Aggregated,13.500000,0.100000,5100,8200,10000,11000,13000,15000,17000,18000,21000,24000,27000,60253,1109,5100.0,5910.723858583884,15.018099002190866,26551.557236998633,320.0981859824407
1693956604,375,,Aggregated,14.000000,0.300000,5100,8200,10000,11000,13000,15000,17000,18000,21000,24000,27000,60272,1110,5100.0,5913.867904762207,15.018099002190866,26551.557236998633,320.1136348553225
1693956605,375,,Aggregated,15.500000,0.400000,5100,8300,10000,11000,14000,15000,17000,18000,21000,24000,27000,60289,1111,5100.0,5916.49194192106,15.018099002190866,26551.557236998633,320.12990761167043
1693956606,375,,Aggregated,16.100000,0.500000,5100,8300,10000,11000,14000,15000,17000,18000,21000,24000,27000,60305,1111,5100.0,5919.195393643226,15.018099002190866,26551.557236998633,320.1228753834674
1693956607,375,,Aggregated,16.700000,0.600000,5100,8300,10000,11000,14000,15000,17000,18000,21000,24000,27000,60327,1113,5100.0,5922.8842014591255,15.018099002190866,26551.557236998633,320.16069090125484
1693956608,375,,Aggregated,17.000000,0.600000,5100,8300,10000,11000,14000,15000,17000,18000,21000,24000,27000,60346,1113,5100.0,5926.336097194306,15.018099002190866,26551.557236998633,320.1523547542505
1693956609,375,,Aggregated,17.200000,0.700000,5100,8300,10000,11000,14000,15000,17000,18000,22000,24000,27000,60368,1114,5100.0,5930.071756249712,15.018099002190866,26551.557236998633,320.1664126689637
1693956610,375,,Aggregated,18.100000,0.800000,5100,8300,10000,11000,14000,15000,17000,18000,22000,24000,27000,60377,1116,5100.0,5931.336520130157,15.018099002190866,26551.557236998633,320.2098812461699
1693956611,375,,Aggregated,18.900000,0.900000,5100,8300,10000,11000,14000,15000,17000,18000,22000,24000,27000,60395,1116,5100.0,5934.308541285081,15.018099002190866,26551.557236998633,320.20200347710903
1693956612,375,,Aggregated,19.000000,0.900000,5200,8300,10000,11000,14000,15000,17000,18000,22000,24000,27000,60406,1116,5200.0,5935.956246658073,15.018099002190866,26551.557236998633,320.1971658444525
1693956613,375,,Aggregated,18.600000,1.100000,5200,8300,10000,11000,14000,15000,17000,18000,22000,24000,27000,60424,1117,5200.0,5938.996079511607,15.018099002190866,26551.557236998633,320.21292863762744
1693956614,375,,Aggregated,18.300000,0.900000,5200,8300,10000,11000,14000,15000,17000,18000,22000,24000,27000,60437,1117,5200.0,5941.114178194721,15.018099002190866,26551.557236998633,320.20727368995813
1693956615,375,,Aggregated,16.100000,0.700000,5200,8300,10000,11000,14000,15000,17000,18000,22000,24000,27000,60446,1117,5200.0,5942.414139338654,15.018099002190866,26551.557236998633,320.203255798564
1693956616,375,,Aggregated,15.800000,0.700000,5200,8300,10000,11000,14000,15000,17000,18000,22000,24000,27000,60464,1119,5200.0,5944.850714308139,15.018099002190866,26551.557236998633,320.24268986504364
1693956618,375,,Aggregated,15.100000,0.600000,5200,8300,10000,11000,14000,15000,17000,18000,22000,24000,27000,60482,1119,5200.0,5947.914158372049,15.018099002190866,26551.557236998633,320.2347805958798
1693956619,375,,Aggregated,14.600000,0.600000,5200,8300,10000,11000,14000,15000,17000,18000,22000,24000,27000,60500,1120,5200.0,5950.736051638632,15.018099002190866,26551.557236998633,320.25054545454543
1693956620,375,,Aggregated,14.400000,0.600000,5200,8300,10000,11000,14000,15000,17000,18000,22000,24000,27000,60511,1120,5200.0,5952.478085014216,15.018099002190866,26551.557236998633,320.24574044388623
1693956621,375,,Aggregated,14.400000,0.600000,5200,8300,10000,11000,14000,15000,17000,18000,22000,24000,27000,60531,1120,5200.0,5955.772035871508,15.018099002190866,26551.557236998633,320.2370355685517
1693956622,375,,Aggregated,13.800000,0.600000,5200,8300,10000,11000,14000,15000,17000,18000,22000,24000,27000,60545,1120,5200.0,5958.012636632474,15.018099002190866,26551.557236998633,320.2309521843257
1693956623,375,,Aggregated,14.400000,0.400000,5200,8300,10000,11000,14000,15000,17000,18000,22000,24000,27000,60559,1120,5200.0,5960.449790196621,15.018099002190866,26551.557236998633,320.2247725358741
1693956624,375,,Aggregated,14.600000,0.400000,5200,8300,10000,11000,14000,15000,17000,18000,22000,24000,27000,60575,1122,5200.0,5963.122616146616,15.018099002190866,26551.557236998633,320.26502682624846
1693956625,375,,Aggregated,14.400000,0.400000,5200,8300,10000,11000,14000,15000,17000,18000,22000,24000,27000,60592,1124,5200.0,5965.967533543196,15.018099002190866,26551.557236998633,320.30479271190916
1693956626,375,,Aggregated,14.100000,0.500000,5200,8300,10000,11000,14000,15000,17000,18000,22000,24000,27000,60608,1124,5200.0,5969.227501564831,15.018099002190866,26551.557236998633,320.29781546990495
1693956627,375,,Aggregated,14.700000,0.600000,5200,8300,10000,11000,14000,15000,17000,18000,22000,24000,27000,60624,1124,5200.0,5971.721955337,15.018099002190866,26551.557236998633,320.2907594352072
1693956628,375,,Aggregated,15.400000,0.700000,5200,8300,10000,11000,14000,15000,17000,18000,22000,24000,27000,60643,1124,5200.0,5974.890634003502,15.018099002190866,26551.557236998633,320.282456342859
1693956629,375,,Aggregated,15.200000,0.500000,5200,8300,10000,11000,14000,15000,17000,18000,22000,24000,27000,60650,1124,5200.0,5976.308950707242,15.018099002190866,26551.557236998633,320.2793734542457
1693956630,375,,Aggregated,14.800000,0.500000,5200,8300,10000,11000,14000,15000,17000,18000,22000,24000,27000,60660,1125,5200.0,5978.0857382131935,15.018099002190866,26551.557236998633,320.2985987471151
1693956631,375,,Aggregated,14.900000,0.400000,5200,8300,10000,11000,14000,15000,17000,18000,22000,24000,27000,60678,1125,5200.0,5980.996198026687,15.018099002190866,26551.557236998633,320.29074788226376
1693956632,375,,Aggregated,14.500000,0.400000,5200,8300,10000,11000,14000,15000,17000,18000,22000,24000,27000,60701,1127,5200.0,5984.865780202705,15.018099002190866,26551.557236998633,320.3277870216306
1693956633,375,,Aggregated,14.200000,0.500000,5200,8300,10000,11000,14000,15000,17000,18000,22000,24000,27000,60713,1127,5200.0,5986.895653600899,15.018099002190866,26551.557236998633,320.322566830827
1693956634,375,,Aggregated,13.800000,0.500000,5200,8300,10000,11000,14000,15000,17000,18000,22000,24000,27000,60730,1129,5200.0,5989.72780580307,15.018099002190866,26551.557236998633,320.3621933146715
1693956636,375,,Aggregated,14.700000,0.600000,5200,8300,10000,11000,14000,15000,17000,18000,22000,24000,27000,60749,1131,5200.0,5993.019440206199,15.018099002190866,26551.557236998633,320.40101071622576
1693956637,375,,Aggregated,14.500000,0.600000,5200,8400,10000,11000,14000,15000,17000,18000,22000,24000,27000,60767,1131,5200.0,5996.133684074091,15.018099002190866,26551.557236998633,320.3931410140372
1693956638,375,,Aggregated,14.500000,0.600000,5200,8400,10000,11000,14000,15000,17000,18000,22000,24000,27000,60787,1133,5200.0,5999.676518747469,15.018099002190866,26551.557236998633,320.43142448220834
1693956639,375,,Aggregated,15.000000,0.700000,5200,8400,10000,11000,14000,15000,17000,18000,22000,24000,27000,60810,1136,5200.0,6003.85020598772,15.018099002190866,26551.557236998633,320.49187633612894
1693956640,375,,Aggregated,15.700000,0.900000,5200,8400,10000,11000,14000,15000,17000,18000,22000,24000,27000,60823,1137,5200.0,6006.044186964409,15.018099002190866,26551.557236998633,320.50970849842986
1693956641,375,,Aggregated,15.900000,1.100000,5200,8400,10000,11000,14000,15000,17000,18000,22000,24000,27000,60840,1137,5200.0,6009.207604930364,15.018099002190866,26551.557236998633,320.50228468113085
1693956642,375,,Aggregated,16.500000,1.200000,5200,8400,10000,11000,14000,15000,17000,18000,22000,24000,27000,60856,1139,5200.0,6011.968266715432,15.018099002190866,26551.557236998633,320.54228013671616
1693956643,375,,Aggregated,16.400000,1.200000,5200,8400,10000,11000,14000,15000,17000,19000,22000,24000,27000,60872,1139,5200.0,6014.710903814552,15.018099002190866,26551.557236998633,320.5352214482849
1693956644,375,,Aggregated,16.700000,1.400000,5200,8400,10000,11000,14000,15000,17000,19000,22000,24000,27000,60884,1139,5200.0,6016.946447501469,15.018099002190866,26551.557236998633,320.52994218513896
1693956645,375,,Aggregated,16.200000,1.200000,5200,8400,10000,11000,14000,15000,17000,19000,22000,24000,27000,60894,1139,5200.0,6018.584307570389,15.018099002190866,26551.557236998633,320.52551975564097
1693956646,375,,Aggregated,16.200000,1.100000,5200,8400,10000,11000,14000,15000,17000,19000,22000,24000,27000,60913,1139,5200.0,6021.831480196234,15.018099002190866,26551.557236998633,320.51719665752796
1693956647,380,,Aggregated,15.700000,1.000000,5200,8400,10000,11000,14000,15000,17000,19000,22000,24000,27000,60930,1139,5200.0,6024.713602709439,15.018099002190866,26551.557236998633,320.509732479895
1693956648,380,,Aggregated,15.100000,0.800000,5200,8400,10000,11000,14000,15000,17000,19000,22000,24000,27000,60945,1140,5200.0,6027.221497790487,15.018099002190866,26551.557236998633,320.52660595619
1693956649,380,,Aggregated,15.400000,0.800000,5200,8400,10000,11000,14000,15000,17000,19000,22000,24000,27000,60957,1142,5200.0,6029.140365927427,15.018099002190866,26551.557236998633,320.56815460078417
1693956650,380,,Aggregated,14.600000,0.600000,5200,8400,10000,11000,14000,15000,17000,19000,22000,24000,27000,60979,1142,5200.0,6033.19366333043,15.018099002190866,26551.557236998633,320.55850374719165
1693956651,380,,Aggregated,14.000000,0.500000,5200,8400,10000,11000,14000,16000,17000,19000,22000,25000,27000,60999,1142,5200.0,6036.786491063157,15.018099002190866,26551.557236998633,320.54973032344793
1693956653,380,,Aggregated,14.300000,0.600000,5200,8400,10000,11000,14000,16000,17000,19000,22000,25000,27000,61014,1143,5200.0,6039.45188998098,15.018099002190866,26551.557236998633,320.56660766381486
1693956654,380,,Aggregated,15.000000,0.500000,5200,8400,10000,11000,14000,16000,17000,19000,22000,25000,27000,61029,1145,5200.0,6041.799728793551,15.018099002190866,26551.557236998633,320.6069081911878
1693956655,380,,Aggregated,15.000000,0.400000,5200,8400,10000,11000,14000,16000,17000,19000,22000,25000,27000,61048,1146,5200.0,6044.927980346607,15.018099002190866,26551.557236998633,320.62200235879965
1693956656,380,,Aggregated,15.200000,0.600000,5200,8400,10000,11000,14000,16000,17000,19000,22000,25000,27000,61060,1146,5200.0,6046.893499042299,15.018099002190866,26551.557236998633,320.616737635113
1693956657,380,,Aggregated,16.000000,0.600000,5200,8400,10000,11000,14000,16000,17000,19000,22000,25000,27000,61075,1147,5200.0,6049.546389947729,15.018099002190866,26551.557236998633,320.6335816618911
1693956658,380,,Aggregated,15.900000,0.700000,5200,8400,10000,11000,14000,16000,17000,19000,22000,25000,27000,61094,1147,5200.0,6052.655449348031,15.018099002190866,26551.557236998633,320.625184142469
1693956659,380,,Aggregated,15.200000,0.800000,5300,8400,10000,11000,14000,16000,17000,19000,22000,25000,27000,61111,1149,5300.0,6055.522938103445,15.018099002190866,26551.557236998633,320.664544844627
1693956660,380,,Aggregated,15.500000,0.800000,5300,8400,10000,11000,14000,16000,17000,19000,22000,25000,27000,61128,1149,5300.0,6058.554860233848,15.018099002190866,26551.557236998633,320.6570475068708
1693956661,380,,Aggregated,15.600000,0.800000,5300,8400,10000,11000,14000,16000,17000,19000,22000,25000,27000,61142,1152,5300.0,6060.964645341937,15.018099002190866,26551.557236998633,320.7210755290962
1693956662,380,,Aggregated,15.600000,0.700000,5300,8400,10000,11000,14000,16000,17000,19000,22000,25000,27000,61153,1153,5300.0,6063.020430605165,15.018099002190866,26551.557236998633,320.73963664906057
1693956663,380,,Aggregated,15.200000,0.900000,5300,8400,10000,11000,14000,16000,17000,19000,22000,25000,27000,61166,1153,5300.0,6065.555440682513,15.018099002190866,26551.557236998633,320.73387175882027
1693956664,380,,Aggregated,14.700000,1.000000,5300,8400,10000,11000,14000,16000,17000,19000,22000,25000,27000,61176,1153,5300.0,6067.213637334551,15.018099002190866,26551.557236998633,320.7294854191186
1693956665,380,,Aggregated,14.700000,1.000000,5300,8400,10000,11000,14000,16000,17000,19000,22000,25000,27000,61195,1154,5300.0,6070.533997275142,15.018099002190866,26551.557236998633,320.74443990522104
1693956666,380,,Aggregated,14.400000,0.800000,5300,8400,10000,11000,14000,16000,17000,19000,22000,25000,27000,61214,1154,5300.0,6074.032970202167,15.018099002190866,26551.557236998633,320.7360571111184
1693956667,380,,Aggregated,13.300000,0.800000,5300,8400,10000,11000,14000,16000,17000,19000,22000,25000,27000,61229,1156,5300.0,6076.632745589827,15.018099002190866,26551.557236998633,320.77615182348234
1693956668,380,,Aggregated,14.600000,0.800000,5300,8500,10000,11000,14000,16000,17000,19000,22000,25000,27000,61262,1156,5300.0,6082.324142899636,15.018099002190866,26551.557236998633,320.76164669778984
1693956669,380,,Aggregated,14.400000,0.800000,5300,8500,10000,11000,14000,16000,17000,19000,22000,25000,27000,61278,1158,5300.0,6084.49810465633,15.018099002190866,26551.557236998633,320.80121740265673
1693956671,380,,Aggregated,14.300000,0.900000,5300,8500,10000,11000,14000,16000,17000,19000,22000,25000,27000,61304,1159,5300.0,6088.398937542957,15.018099002190866,26551.557236998633,320.8130301448519
1693956672,380,,Aggregated,16.100000,0.800000,5300,8500,10000,11000,14000,16000,17000,19000,22000,25000,27000,61324,1163,5300.0,6091.512803223771,15.018099002190866,26551.557236998633,320.8975115778488
1693956673,380,,Aggregated,16.900000,0.800000,5300,8500,10000,11000,14000,16000,18000,19000,22000,25000,27000,61340,1163,5300.0,6094.159643392655,15.018099002190866,26551.557236998633,320.8904140854255
1693956674,380,,Aggregated,17.800000,1.100000,5300,8500,10000,11000,14000,16000,18000,19000,22000,25000,27000,61358,1165,5300.0,6096.724366446323,15.018099002190866,26551.557236998633,320.9291045992373
1693956675,380,,Aggregated,17.700000,1.000000,5300,8500,10000,11000,14000,16000,18000,19000,22000,25000,27000,61382,1166,5300.0,6100.525509454637,15.018099002190866,26551.557236998633,320.94180704441044
1693956676,380,,Aggregated,18.300000,1.200000,5300,8500,10000,11000,14000,16000,18000,19000,22000,25000,27000,61397,1168,5300.0,6102.403295689408,15.018099002190866,26551.557236998633,320.9817254914735
1693956677,380,,Aggregated,19.200000,1.200000,5300,8500,10000,11000,14000,16000,18000,19000,22000,25000,27000,61418,1171,5300.0,6105.3350828183375,15.018099002190866,26551.557236998633,321.04226773909926
1693956678,380,,Aggregated,18.900000,1.400000,5300,8500,10000,11000,14000,16000,18000,19000,22000,25000,27000,61433,1174,5300.0,6107.542867687866,15.018099002190866,26551.557236998633,321.1054482118731
1693956679,380,,Aggregated,19.200000,1.500000,5300,8500,10000,11000,14000,16000,18000,19000,22000,25000,27000,61450,1175,5300.0,6109.972424619021,15.018099002190866,26551.557236998633,321.1211716842962
1693956680,380,,Aggregated,19.600000,1.700000,5300,8500,10000,11000,14000,16000,18000,19000,22000,25000,27000,61467,1175,5300.0,6112.444128787851,15.018099002190866,26551.557236998633,321.1136056745896
1693956681,380,,Aggregated,17.500000,1.900000,5300,8500,10000,11000,14000,16000,18000,19000,22000,25000,27000,61477,1175,5300.0,6113.795425836832,15.018099002190866,26551.557236998633,321.10917904256877
1693956682,380,,Aggregated,18.300000,1.700000,5300,8500,10000,11000,14000,16000,18000,19000,22000,25000,27000,61496,1175,5300.0,6116.667329348457,15.018099002190866,26551.557236998633,321.100738259399
1693956683,380,,Aggregated,16.700000,1.600000,5300,8500,10000,11000,14000,16000,18000,19000,22000,25000,27000,61506,1175,5300.0,6118.288894118145,15.018099002190866,26551.557236998633,321.09633206516435
1693956684,380,,Aggregated,15.900000,1.200000,5300,8500,10000,11000,14000,16000,18000,19000,22000,25000,27000,61517,1175,5300.0,6120.087443080947,15.018099002190866,26551.557236998633,321.09145439472013
1693956685,380,,Aggregated,16.300000,1.200000,5300,8500,10000,11000,14000,16000,18000,19000,22000,25000,27000,61527,1176,5300.0,6121.364863533662,15.018099002190866,26551.557236998633,321.1102280299706
1693956686,380,,Aggregated,15.200000,1.000000,5300,8500,10000,11000,14000,16000,18000,19000,22000,25000,27000,61538,1177,5300.0,6122.983354021735,15.018099002190866,26551.557236998633,321.128603464526
1693956687,380,,Aggregated,14.700000,1.000000,5300,8500,10000,11000,14000,16000,18000,19000,22000,25000,27000,61554,1177,5300.0,6125.309189296579,15.018099002190866,26551.557236998633,321.12145433278096
1693956689,380,,Aggregated,13.700000,0.900000,5300,8500,10000,11000,14000,16000,18000,19000,22000,25000,27000,61567,1180,5300.0,6127.149394605286,15.018099002190866,26551.557236998633,321.18534279727777
1693956690,380,,Aggregated,12.700000,0.400000,5300,8500,10000,11000,14000,16000,18000,19000,22000,25000,27000,61586,1181,5300.0,6129.980976077202,15.018099002190866,26551.557236998633,321.2000779397915
1693956691,380,,Aggregated,12.700000,0.500000,5300,8500,10000,11000,14000,16000,18000,19000,22000,25000,27000,61604,1181,5300.0,6132.850337477608,15.018099002190866,26551.557236998633,321.1920816830076
1693956692,380,,Aggregated,12.400000,0.600000,5300,8500,10000,12000,14000,16000,18000,19000,22000,25000,27000,61627,1181,5300.0,6136.782548755487,15.018099002190866,26551.557236998633,321.1818196569685
1693956693,380,,Aggregated,13.000000,0.600000,5300,8500,10000,12000,14000,16000,18000,19000,22000,25000,27000,61643,1181,5300.0,6139.3579592742135,15.018099002190866,26551.557236998633,321.1746832568175
1693956694,380,,Aggregated,14.100000,0.600000,5300,8500,10000,12000,14000,16000,18000,19000,22000,25000,27000,61665,1182,5300.0,6142.90388301945,15.018099002190866,26551.557236998633,321.1880969755939
1693956695,380,,Aggregated,13.400000,0.600000,5300,8500,10000,12000,14000,16000,18000,19000,22000,25000,27000,61679,1182,5300.0,6145.144547839367,15.018099002190866,26551.557236998633,321.1818609251123
1693956696,380,,Aggregated,15.000000,0.700000,5300,8500,10000,12000,14000,16000,18000,19000,22000,25000,27000,61695,1182,5300.0,6147.685479716807,15.018099002190866,26551.557236998633,321.1747143204474
1693956697,380,,Aggregated,15.600000,0.700000,5300,8500,10000,12000,14000,16000,18000,19000,22000,25000,27000,61722,1186,5300.0,6152.053984465206,15.018099002190866,26551.557236998633,321.2554356631347
1693956698,380,,Aggregated,15.700000,0.500000,5300,8500,10000,12000,14000,16000,18000,19000,22000,25000,27000,61738,1188,5300.0,6154.806483188562,15.018099002190866,26551.557236998633,321.29468074767567
1693956699,380,,Aggregated,16.800000,0.600000,5400,8600,10000,12000,14000,16000,18000,19000,22000,25000,27000,61760,1189,5400.0,6158.48713628487,15.018099002190866,26551.557236998633,321.30804727979273
1693956700,380,,Aggregated,17.500000,1.000000,5400,8600,10000,12000,14000,16000,18000,19000,22000,25000,27000,61769,1190,5400.0,6159.975888802435,15.018099002190866,26551.557236998633,321.3272191552397
1693956701,380,,Aggregated,18.000000,0.800000,5400,8600,10000,12000,14000,16000,18000,19000,22000,25000,27000,61784,1192,5400.0,6162.444763735588,15.018099002190866,26551.557236998633,321.3668101773922
1693956702,380,,Aggregated,17.700000,0.800000,5400,8600,10000,12000,14000,16000,18000,19000,22000,25000,27000,61804,1193,5400.0,6165.725270135275,15.018099002190866,26551.557236998633,321.3810594783509
1693956703,380,,Aggregated,17.200000,0.900000,5400,8600,10000,12000,14000,16000,18000,19000,22000,25000,27000,61822,1196,5400.0,6168.824011610051,15.018099002190866,26551.557236998633,321.44246384782116
1693956704,380,,Aggregated,16.300000,1.100000,5400,8600,10000,12000,14000,16000,18000,19000,22000,25000,27000,61836,1197,5400.0,6171.474138670458,15.018099002190866,26551.557236998633,321.4593440714147
1693956705,380,,Aggregated,17.400000,1.400000,5400,8600,10000,12000,14000,16000,18000,19000,22000,25000,27000,61848,1198,5400.0,6173.428105675535,15.018099002190866,26551.557236998633,321.47704048635364
1693956707,380,,Aggregated,16.400000,1.400000,5400,8600,10000,12000,14000,16000,18000,19000,22000,25000,27000,61870,1199,5400.0,6177.186351010386,15.018099002190866,26551.557236998633,321.49031840956843
1693956708,385,,Aggregated,16.100000,1.500000,5400,8600,10000,12000,14000,16000,18000,19000,22000,25000,27000,61881,1200,5400.0,6179.0255621244905,15.018099002190866,26551.557236998633,321.50847594576686
1693956709,385,,Aggregated,16.400000,1.600000,5400,8600,10000,12000,14000,16000,18000,19000,22000,25000,27000,61894,1201,5400.0,6181.151902552034,15.018099002190866,26551.557236998633,321.52575370795233
1693956710,385,,Aggregated,15.200000,1.300000,5400,8600,10000,12000,14000,16000,18000,19000,22000,25000,27000,61915,1203,5400.0,6184.648088077242,15.018099002190866,26551.557236998633,321.5625777275297
1693956711,385,,Aggregated,14.400000,1.200000,5400,8600,10000,12000,14000,16000,18000,19000,22000,25000,27000,61929,1204,5400.0,6186.766677883069,15.018099002190866,26551.557236998633,321.5794215956983
1693956712,385,,Aggregated,15.000000,1.400000,5400,8600,10000,12000,14000,16000,18000,19000,22000,25000,27000,61947,1207,5400.0,6189.83868980723,15.018099002190866,26551.557236998633,321.64061213618095
1693956713,385,,Aggregated,15.100000,1.400000,5400,8600,10000,12000,14000,16000,18000,19000,22000,25000,27000,61959,1207,5400.0,6192.022730765319,15.018099002190866,26551.557236998633,321.63517810164785
1693956714,385,,Aggregated,15.600000,1.500000,5400,8600,10000,12000,14000,16000,18000,19000,22000,25000,27000,61974,1208,5400.0,6194.4756151089405,15.018099002190866,26551.557236998633,321.651402200923
1693956715,385,,Aggregated,14.600000,1.200000,5400,8600,10000,12000,14000,16000,18000,19000,22000,25000,27000,61984,1208,5400.0,6196.163818674263,15.018099002190866,26551.557236998633,321.6468443469282
1693956716,385,,Aggregated,14.700000,1.200000,5400,8600,10000,12000,14000,16000,18000,19000,22000,25000,27000,61996,1208,5400.0,6198.410405825675,15.018099002190866,26551.557236998633,321.6413962191109
1693956717,385,,Aggregated,14.200000,1.100000,5400,8600,10000,12000,14000,16000,18000,19000,22000,25000,27000,62009,1208,5400.0,6200.6635855,15.018099002190866,26551.557236998633,321.63558515699333
1693956718,385,,Aggregated,14.100000,1.000000,5400,8600,10000,12000,14000,16000,18000,19000,22000,25000,27000,62029,1210,5400.0,6203.987740622829,15.018099002190866,26551.557236998633,321.6727175998323
1693956719,385,,Aggregated,13.100000,0.900000,5400,8600,10000,12000,14000,16000,18000,19000,22000,25000,27000,62042,1210,5400.0,6206.271473865855,15.018099002190866,26551.557236998633,321.66690306566517
1693956720,385,,Aggregated,13.500000,0.900000,5400,8600,10000,12000,14000,16000,18000,19000,22000,25000,27000,62061,1211,5400.0,6209.578922115606,15.018099002190866,26551.557236998633,321.68142633860236
1693956721,385,,Aggregated,14.400000,1.000000,5400,8600,10000,12000,14000,16000,18000,19000,22000,25000,27000,62079,1211,5400.0,6212.85907348286,15.018099002190866,26551.557236998633,321.67331948001737
1693956722,385,,Aggregated,13.300000,0.700000,5400,8600,11000,12000,14000,16000,18000,19000,22000,25000,27000,62108,1212,5400.0,6217.88111450722,15.018099002190866,26551.557236998633,321.6833580215109
1693956723,385,,Aggregated,14.100000,0.700000,5400,8600,11000,12000,14000,16000,18000,19000,22000,25000,27000,62129,1214,5400.0,6221.570874371555,15.018099002190866,26551.557236998633,321.72000193146516
1693956725,385,,Aggregated,14.000000,0.400000,5400,8600,11000,12000,14000,16000,18000,19000,22000,25000,27000,62145,1214,5400.0,6224.193633025173,15.018099002190866,26551.557236998633,321.7127524338241
1693956726,385,,Aggregated,16.000000,0.600000,5400,8600,11000,12000,14000,16000,18000,19000,22000,25000,27000,62162,1216,5400.0,6227.075942750399,15.018099002190866,26551.557236998633,321.7511341333934
1693956727,385,,Aggregated,16.000000,0.600000,5400,8600,11000,12000,14000,16000,18000,19000,22000,25000,27000,62181,1217,5400.0,6230.756750453005,15.018099002190866,26551.557236998633,321.76561972306655
1693956728,385,,Aggregated,17.200000,0.800000,5400,8600,11000,12000,14000,16000,18000,19000,23000,25000,27000,62199,1218,5400.0,6233.989132478181,15.018099002190866,26551.557236998633,321.78051094069036
1693956729,385,,Aggregated,18.000000,0.900000,5400,8700,11000,12000,14000,16000,18000,19000,23000,25000,27000,62216,1218,5400.0,6237.070762110909,15.018099002190866,26551.557236998633,321.7729040761219
1693956730,385,,Aggregated,17.800000,0.900000,5400,8700,11000,12000,14000,16000,18000,19000,23000,25000,27000,62228,1218,5400.0,6238.994954480802,15.018099002190866,26551.557236998633,321.76751623063575
1693956731,385,,Aggregated,17.800000,0.800000,5400,8700,11000,12000,14000,16000,18000,19000,23000,25000,27000,62244,1218,5400.0,6241.848451023799,15.018099002190866,26551.557236998633,321.7603142471564
1693956732,385,,Aggregated,17.900000,0.800000,5400,8700,11000,12000,14000,16000,18000,19000,23000,25000,27000,62266,1218,5400.0,6245.869446970133,15.018099002190866,26551.557236998633,321.75042559342177
1693956733,385,,Aggregated,17.100000,0.700000,5400,8700,11000,12000,14000,16000,18000,19000,23000,25000,27000,62281,1219,5400.0,6248.261268407305,15.018099002190866,26551.557236998633,321.76663830060534
1693956734,385,,Aggregated,17.500000,0.700000,5400,8700,11000,12000,14000,16000,18000,19000,23000,25000,27000,62321,1222,5400.0,6254.060273188367,15.018099002190866,26551.557236998633,321.8175414386804
1693956735,385,,Aggregated,16.600000,0.700000,5400,8700,11000,12000,14000,16000,18000,19000,23000,25000,27000,62332,1225,5400.0,6255.412737658862,15.018099002190866,26551.557236998633,321.8814252711288
1693956736,385,,Aggregated,16.500000,0.600000,5400,8700,11000,12000,14000,16000,18000,19000,23000,25000,27000,62349,1225,5400.0,6257.660785864509,15.018099002190866,26551.557236998633,321.8737429629986
1693956737,385,,Aggregated,18.100000,0.800000,5500,8700,11000,12000,14000,16000,18000,19000,23000,25000,27000,62367,1225,5500.0,6260.273900614561,15.018099002190866,26551.557236998633,321.8656020010583
1693956738,385,,Aggregated,17.500000,0.900000,5500,8700,11000,12000,14000,16000,18000,19000,23000,25000,27000,62386,1226,5500.0,6263.06703289346,15.018099002190866,26551.557236998633,321.8799730708813
1693956739,385,,Aggregated,17.100000,0.800000,5500,8700,11000,12000,14000,16000,18000,19000,23000,25000,27000,62400,1227,5500.0,6264.905596698596,15.018099002190866,26551.557236998633,321.8965865384615
1693956740,385,,Aggregated,17.800000,0.700000,5500,8700,11000,12000,14000,16000,18000,19000,23000,25000,27000,62415,1227,5500.0,6267.291596271593,15.018099002190866,26551.557236998633,321.88981815268767
1693956741,385,,Aggregated,17.300000,0.800000,5500,8700,11000,12000,14000,16000,18000,19000,23000,25000,27000,62433,1228,5500.0,6269.815216302667,15.018099002190866,26551.557236998633,321.90463376739865
1693956743,385,,Aggregated,18.000000,0.900000,5500,8700,11000,12000,14000,16000,18000,19000,23000,25000,27000,62448,1228,5500.0,6271.981367802483,15.018099002190866,26551.557236998633,321.8978670253651
1693956744,385,,Aggregated,17.500000,1.000000,5500,8700,11000,12000,14000,16000,18000,19000,23000,25000,27000,62466,1229,5500.0,6274.5166331008295,15.018099002190866,26551.557236998633,321.9126564851279
1693956745,385,,Aggregated,17.100000,0.900000,5500,8700,11000,12000,14000,16000,18000,19000,23000,25000,27000,62483,1232,5500.0,6276.895016508273,15.018099002190866,26551.557236998633,321.97365683465904
1693956746,385,,Aggregated,17.100000,0.900000,5500,8700,11000,12000,14000,16000,18000,19000,23000,25000,27000,62498,1233,5500.0,6279.121006137853,15.018099002190866,26551.557236998633,321.9897756728215
1693956747,385,,Aggregated,15.600000,0.900000,5500,8700,11000,12000,14000,16000,18000,19000,23000,25000,27000,62510,1233,5500.0,6280.755683954895,15.018099002190866,26551.557236998633,321.9843864981603
1693956748,385,,Aggregated,16.200000,0.800000,5500,8700,11000,12000,14000,16000,18000,19000,23000,25000,27000,62520,1233,5500.0,6282.213014575184,15.018099002190866,26551.557236998633,321.9798624440179
1693956749,385,,Aggregated,15.400000,0.800000,5500,8700,11000,12000,14000,16000,18000,19000,23000,25000,27000,62534,1234,5500.0,6284.1094430373805,15.018099002190866,26551.557236998633,321.99641794863595
1693956750,385,,Aggregated,14.500000,0.800000,5500,8700,11000,12000,14000,16000,18000,19000,23000,25000,27000,62551,1235,5500.0,6286.7894945073385,15.018099002190866,26551.557236998633,322.01167047689086
1693956751,385,,Aggregated,14.300000,0.800000,5500,8700,11000,12000,14000,16000,18000,19000,23000,25000,27000,62566,1235,5500.0,6289.011199060314,15.018099002190866,26551.557236998633,322.00484288591247
1693956752,385,,Aggregated,14.400000,0.700000,5500,8700,11000,12000,14000,16000,18000,19000,23000,25000,27000,62582,1238,5500.0,6291.586447172519,15.018099002190866,26551.557236998633,322.0661851650634
1693956753,385,,Aggregated,14.500000,0.800000,5500,8700,11000,12000,14000,16000,18000,19000,23000,25000,27000,62604,1238,5500.0,6295.097905004226,15.018099002190866,26551.557236998633,322.0562743594659
1693956754,385,,Aggregated,13.600000,0.800000,5500,8800,11000,12000,14000,16000,18000,19000,23000,25000,27000,62629,1238,5500.0,6299.113229159329,15.018099002190866,26551.557236998633,322.04497916300755
1693956755,385,,Aggregated,14.300000,1.000000,5500,8800,11000,12000,14000,16000,18000,19000,23000,25000,27000,62651,1239,5500.0,6302.6016527712045,15.018099002190866,26551.557236998633,322.0578921326076
1693956756,385,,Aggregated,15.100000,0.900000,5500,8800,11000,12000,14000,16000,18000,19000,23000,25000,27000,62666,1240,5500.0,6304.836698527219,15.018099002190866,26551.557236998633,322.07393163757064
1693956757,385,,Aggregated,15.500000,0.700000,5500,8800,11000,12000,14000,16000,18000,19000,23000,25000,27000,62679,1240,5500.0,6307.044917527843,15.018099002190866,26551.557236998633,322.06810893600726
1693956758,385,,Aggregated,15.700000,0.600000,5500,8800,11000,12000,14000,16000,18000,19000,23000,25000,27000,62697,1241,5500.0,6310.030365002417,15.018099002190866,26551.557236998633,322.08274718088586
1693956760,385,,Aggregated,16.300000,0.700000,5500,8800,11000,12000,14000,16000,18000,19000,23000,25000,27000,62716,1241,5500.0,6313.223241564859,15.018099002190866,26551.557236998633,322.0741118693794
1693956761,385,,Aggregated,16.800000,0.700000,5500,8800,11000,12000,14000,16000,18000,19000,23000,25000,27000,62736,1242,5500.0,6316.491243418319,15.018099002190866,26551.557236998633,322.08786023973477
1693956762,385,,Aggregated,17.100000,0.700000,5500,8800,11000,12000,14000,16000,18000,19000,23000,25000,27000,62750,1242,5500.0,6318.782000422801,15.018099002190866,26551.557236998633,322.081561752988
1693956763,385,,Aggregated,17.400000,0.600000,5500,8800,11000,12000,14000,16000,18000,19000,23000,25000,27000,62761,1242,5500.0,6320.529176502616,15.018099002190866,26551.557236998633,322.0765443507911
1693956764,385,,Aggregated,17.900000,0.600000,5500,8800,11000,12000,14000,16000,18000,19000,23000,25000,27000,62773,1242,5500.0,6322.652389645017,15.018099002190866,26551.557236998633,322.0711611680181
1693956765,385,,Aggregated,16.900000,0.400000,5500,8800,11000,12000,14000,16000,18000,19000,23000,25000,27000,62789,1243,5500.0,6325.523688338479,15.018099002190866,26551.557236998633,322.0867349376483
1693956766,385,,Aggregated,15.400000,0.400000,5500,8800,11000,12000,14000,16000,18000,19000,23000,25000,27000,62804,1243,5500.0,6328.3251698951435,15.018099002190866,26551.557236998633,322.0799630596777
1693956767,390,,Aggregated,15.000000,0.500000,5500,8800,11000,12000,14000,16000,18000,19000,23000,25000,27000,62816,1245,5500.0,6330.172395115967,15.018099002190866,26551.557236998633,322.1201286296485
1693956768,390,,Aggregated,14.400000,0.400000,5500,8800,11000,12000,14000,16000,18000,19000,23000,25000,27000,62831,1247,5500.0,6332.605913082453,15.018099002190866,26551.557236998633,322.1588387897694
1693956769,390,,Aggregated,14.200000,0.500000,5500,8800,11000,12000,14000,16000,18000,19000,23000,25000,27000,62848,1248,5500.0,6335.653397210998,15.018099002190866,26551.557236998633,322.1739593940937
1693956770,390,,Aggregated,14.300000,0.600000,5500,8800,11000,12000,14000,16000,18000,19000,23000,25000,27000,62859,1249,5500.0,6337.605639154899,15.018099002190866,26551.557236998633,322.1917466074866
1693956771,390,,Aggregated,14.100000,0.700000,5500,8800,11000,12000,14000,16000,18000,19000,23000,25000,27000,62875,1251,5500.0,6340.465417041539,15.018099002190866,26551.557236998633,322.2300119284294
1693956772,390,,Aggregated,13.700000,0.700000,5500,8800,11000,12000,14000,16000,18000,19000,23000,25000,27000,62900,1252,5500.0,6345.208147967753,15.018099002190866,26551.557236998633,322.2414467408585
1693956773,390,,Aggregated,13.100000,0.800000,5500,8800,11000,12000,14000,16000,18000,19000,23000,25000,27000,62919,1254,5500.0,6348.179019152063,15.018099002190866,26551.557236998633,322.27832610181343
1693956774,390,,Aggregated,13.600000,1.000000,5600,8800,11000,12000,14000,16000,18000,19000,23000,25000,27000,62934,1254,5600.0,6350.67256494098,15.018099002190866,26551.557236998633,322.27150665776844
1693956775,390,,Aggregated,14.600000,1.100000,5600,8800,11000,12000,14000,16000,18000,19000,23000,25000,27000,62951,1255,5600.0,6353.542987489503,15.018099002190866,26551.557236998633,322.2865403250147
1693956776,390,,Aggregated,15.700000,1.200000,5600,8800,11000,12000,14000,16000,18000,19000,23000,25000,27000,62968,1257,5600.0,6356.350327758666,15.018099002190866,26551.557236998633,322.3242599415576
1693956778,390,,Aggregated,15.400000,1.200000,5600,8800,11000,12000,14000,16000,18000,19000,23000,25000,27000,62984,1257,5600.0,6359.004938741739,15.018099002190866,26551.557236998633,322.31703289724373
1693956779,390,,Aggregated,15.700000,1.200000,5600,8800,11000,12000,14000,16000,18000,19000,23000,25000,27000,62999,1257,5600.0,6361.5912589908985,15.018099002190866,26551.557236998633,322.3102588929983
1693956780,390,,Aggregated,15.800000,1.100000,5600,8800,11000,12000,14000,16000,18000,19000,23000,25000,27000,63020,1257,5600.0,6365.262535734332,15.018099002190866,26551.557236998633,322.30074579498574
1693956781,390,,Aggregated,16.000000,0.900000,5600,8800,11000,12000,14000,16000,18000,19000,23000,25000,27000,63031,1258,5600.0,6367.048016911324,15.018099002190866,26551.557236998633,322.3184782091352
1693956782,390,,Aggregated,16.400000,0.900000,5600,8800,11000,12000,14000,16000,18000,19000,23000,25000,27000,63049,1258,5600.0,6370.3023692642355,15.018099002190866,26551.557236998633,322.3102983393868
1693956783,390,,Aggregated,16.100000,0.900000,5600,8800,11000,12000,14000,16000,18000,19000,23000,25000,27000,63063,1258,5600.0,6372.532422425872,15.018099002190866,26551.557236998633,322.30399758971186
1693956784,390,,Aggregated,16.000000,0.600000,5600,8800,11000,12000,14000,16000,18000,19000,23000,25000,27000,63087,1262,5600.0,6376.694202817455,15.018099002190866,26551.557236998633,322.38383502147826
1693956785,390,,Aggregated,15.700000,0.500000,5600,8800,11000,12000,14000,16000,18000,19000,23000,25000,27000,63107,1264,5600.0,6380.424269846637,15.018099002190866,26551.557236998633,322.42012771958736
1693956786,390,,Aggregated,15.400000,0.700000,5600,8800,11000,12000,14000,16000,18000,19000,23000,25000,27000,63127,1265,5600.0,6384.276568815402,15.018099002190866,26551.557236998633,322.4337446734361
1693956787,390,,Aggregated,16.300000,0.900000,5600,8900,11000,12000,14000,16000,18000,19000,23000,25000,27000,63141,1265,5600.0,6386.833290753312,15.018099002190866,26551.557236998633,322.4273293105906
1693956788,390,,Aggregated,16.200000,0.900000,5600,8900,11000,12000,14000,16000,18000,19000,23000,25000,27000,63156,1265,5600.0,6389.574927298054,15.018099002190866,26551.557236998633,322.42051428209516
1693956789,390,,Aggregated,16.600000,0.800000,5600,8900,11000,12000,14000,16000,18000,19000,23000,25000,27000,63168,1265,5600.0,6391.869361187973,15.018099002190866,26551.557236998633,322.41506775582576
1693956790,390,,Aggregated,16.200000,0.800000,5600,8900,11000,12000,14000,16000,18000,19000,23000,25000,27000,63179,1265,5600.0,6393.999253780272,15.018099002190866,26551.557236998633,322.4101046233717
1693956791,390,,Aggregated,16.200000,0.800000,5600,8900,11000,12000,14000,16000,18000,19000,23000,25000,27000,63193,1266,5600.0,6396.176190616379,15.018099002190866,26551.557236998633,322.4264396373016
1693956792,390,,Aggregated,15.200000,0.800000,5600,8900,11000,12000,14000,16000,18000,19000,23000,25000,27000,63210,1267,5600.0,6399.024370433918,15.018099002190866,26551.557236998633,322.44138585666826
1693956793,390,,Aggregated,15.500000,0.700000,5600,8900,11000,12000,14000,16000,18000,20000,23000,25000,27000,63221,1267,5600.0,6401.072991787696,15.018099002190866,26551.557236998633,322.4364214422423
1693956794,390,,Aggregated,15.000000,0.800000,5600,8900,11000,12000,14000,16000,18000,20000,23000,25000,27000,63234,1267,5600.0,6403.474318493009,15.018099002190866,26551.557236998633,322.43051206629343
1693956796,390,,Aggregated,14.200000,0.600000,5600,8900,11000,12000,14000,16000,18000,20000,23000,25000,27000,63259,1272,5600.0,6407.593251741949,15.018099002190866,26551.557236998633,322.53222466368425
1693956797,390,,Aggregated,13.500000,0.400000,5600,8900,11000,12000,15000,16000,18000,20000,23000,25000,27000,63273,1272,5600.0,6410.114282150157,15.018099002190866,26551.557236998633,322.5259115262434
1693956798,390,,Aggregated,14.200000,0.800000,5600,8900,11000,12000,15000,16000,18000,20000,23000,25000,27000,63293,1273,5600.0,6413.197083922566,15.018099002190866,26551.557236998633,322.5394435403599
1693956799,390,,Aggregated,13.800000,0.700000,5600,8900,11000,12000,15000,16000,18000,20000,23000,25000,27000,63321,1274,5600.0,6418.235201899654,15.018099002190866,26551.557236998633,322.54932802703684
1693956800,390,,Aggregated,14.300000,0.800000,5600,8900,11000,12000,15000,16000,18000,20000,23000,25000,27000,63351,1276,5600.0,6423.312701390409,15.018099002190866,26551.557236998633,322.58085902353554
1693956801,390,,Aggregated,15.000000,0.900000,5600,8900,11000,12000,15000,16000,18000,20000,23000,25000,29000,63370,1279,5600.0,6426.177790375267,15.018099002190866,28900.87495899934,322.63990847404136
1693956802,390,,Aggregated,17.800000,1.100000,5600,8900,11000,12000,15000,16000,18000,20000,23000,25000,29000,63394,1281,5600.0,6429.671433605401,15.018099002190866,28900.87495899934,322.67411742436195
1693956803,390,,Aggregated,17.900000,1.200000,5600,8900,11000,12000,15000,16000,18000,20000,23000,25000,29000,63416,1282,5600.0,6432.754923781614,15.018099002190866,28900.87495899934,322.68664059543335
1693956804,390,,Aggregated,19.200000,1.300000,5600,8900,11000,12000,15000,16000,18000,20000,23000,25000,29000,63438,1284,5600.0,6435.84187587378,15.018099002190866,28900.87495899934,322.7216810113812
1693956805,390,,Aggregated,19.300000,1.500000,5600,8900,11000,12000,15000,16000,18000,20000,23000,25000,29000,63452,1287,5600.0,6437.684731919953,15.018099002190866,28900.87495899934,322.78295404400177
1693956806,390,,Aggregated,20.700000,1.700000,5600,8900,11000,12000,15000,16000,18000,20000,23000,25000,29000,63463,1288,5600.0,6439.082373105556,15.018099002190866,28900.87495899934,322.8004821707136
1693956807,390,,Aggregated,21.000000,1.800000,5600,8900,11000,12000,15000,16000,18000,20000,23000,25000,29000,63478,1289,5600.0,6441.108703109155,15.018099002190866,28900.87495899934,322.8161725322159
1693956808,390,,Aggregated,19.900000,1.600000,5600,8900,11000,12000,15000,16000,18000,20000,23000,25000,29000,63494,1289,5600.0,6443.348970918353,15.018099002190866,28900.87495899934,322.80883233061394
1693956809,390,,Aggregated,19.600000,1.700000,5600,8900,11000,12000,15000,16000,18000,20000,23000,25000,29000,63507,1291,5600.0,6444.894734636542,15.018099002190866,28900.87495899934,322.84796951517154
1693956810,390,,Aggregated,19.200000,1.600000,5600,8900,11000,12000,15000,16000,18000,20000,23000,25000,29000,63521,1291,5600.0,6447.288424600649,15.018099002190866,28900.87495899934,322.8415327214622
1693956812,390,,Aggregated,16.100000,1.500000,5700,8900,11000,12000,15000,16000,18000,20000,23000,25000,29000,63539,1292,5700.0,6449.878173223591,15.018099002190866,28900.87495899934,322.85580509608275
1693956813,390,,Aggregated,16.000000,1.400000,5700,8900,11000,12000,15000,16000,18000,20000,23000,25000,29000,63552,1292,5700.0,6451.918787798728,15.018099002190866,28900.87495899934,322.84988670694867
1693956814,390,,Aggregated,15.200000,1.300000,5700,8900,11000,12000,15000,16000,18000,20000,23000,25000,29000,63564,1293,5700.0,6453.6545669872685,15.018099002190866,28900.87495899934,322.866890063558
1693956815,390,,Aggregated,14.300000,1.000000,5700,8900,11000,12000,15000,16000,18000,20000,23000,25000,29000,63577,1294,5700.0,6455.602271584153,15.018099002190866,28900.87495899934,322.8833697720874
1693956816,390,,Aggregated,13.500000,0.900000,5700,8900,11000,12000,15000,16000,18000,20000,23000,25000,29000,63589,1294,5700.0,6457.789220116777,15.018099002190866,28900.87495899934,322.8778562329963
1693956817,390,,Aggregated,13.100000,0.900000,5700,8900,11000,12000,15000,16000,18000,20000,23000,25000,29000,63597,1294,5700.0,6459.218220007101,15.018099002190866,28900.87495899934,322.87414500683997
1693956818,390,,Aggregated,13.000000,0.600000,5700,8900,11000,12000,15000,16000,18000,20000,23000,25000,29000,63607,1294,5700.0,6460.707675896219,15.018099002190866,28900.87495899934,322.86958982501926
1693956819,390,,Aggregated,12.400000,0.500000,5700,9000,11000,12000,15000,16000,18000,20000,23000,25000,29000,63621,1295,5700.0,6462.686746400086,15.018099002190866,28900.87495899934,322.8856352462237
1693956820,390,,Aggregated,12.400000,0.500000,5700,9000,11000,12000,15000,16000,18000,20000,23000,25000,29000,63631,1295,5700.0,6464.247244808879,15.018099002190866,28900.87495899934,322.8810485455203
1693956821,390,,Aggregated,12.000000,0.500000,5700,9000,11000,12000,15000,16000,18000,20000,23000,25000,29000,63647,1296,5700.0,6466.518049842817,15.018099002190866,28900.87495899934,322.89620877653306
1693956822,390,,Aggregated,11.900000,0.400000,5700,9000,11000,12000,15000,16000,18000,20000,23000,25000,29000,63666,1297,5700.0,6469.613638220728,15.018099002190866,28900.87495899934,322.9099519366695
1693956823,390,,Aggregated,11.900000,0.500000,5700,9000,11000,12000,15000,16000,18000,20000,23000,25000,29000,63693,1299,5700.0,6474.368606640666,15.018099002190866,28900.87495899934,322.9425682571083
1693956824,390,,Aggregated,11.700000,0.500000,5700,9000,11000,12000,15000,16000,18000,20000,23000,25000,29000,63705,1300,5700.0,6476.482797197033,15.018099002190866,28900.87495899934,322.95950082411116
1693956825,390,,Aggregated,12.500000,0.700000,5700,9000,11000,12000,15000,16000,18000,20000,23000,25000,29000,63735,1302,5700.0,6481.765334293731,15.018099002190866,28900.87495899934,322.9906487801051
1693956826,390,,Aggregated,13.500000,0.600000,5700,9000,11000,12000,15000,16000,18000,20000,23000,26000,29000,63748,1304,5700.0,6483.99825818093,15.018099002190866,28900.87495899934,323.0296009286566
1693956827,395,,Aggregated,13.700000,0.600000,5700,9000,11000,12000,15000,17000,18000,20000,23000,26000,29000,63759,1306,5700.0,6485.989798841167,15.018099002190866,28900.87495899934,323.06941765084144
1693956828,395,,Aggregated,15.100000,0.900000,5700,9000,11000,12000,15000,17000,18000,20000,23000,26000,29000,63776,1308,5700.0,6489.099856411047,15.018099002190866,28900.87495899934,323.10645070245863
1693956830,395,,Aggregated,15.500000,1.200000,5700,9000,11000,12000,15000,17000,18000,20000,23000,26000,29000,63792,1308,5700.0,6492.461579183816,15.018099002190866,28900.87495899934,323.099056308001
1693956831,395,,Aggregated,16.200000,1.400000,5700,9000,11000,12000,15000,17000,18000,20000,23000,26000,29000,63809,1310,5700.0,6495.406915444375,15.018099002190866,28900.87495899934,323.1360779827297
1693956832,395,,Aggregated,16.400000,1.300000,5700,9000,11000,12000,15000,17000,18000,20000,23000,26000,29000,63821,1310,5700.0,6497.916405227559,15.018099002190866,28900.87495899934,323.13058397706084
1693956833,395,,Aggregated,16.600000,1.300000,5700,9000,11000,12000,15000,17000,19000,20000,23000,26000,29000,63838,1310,5700.0,6501.475145336242,15.018099002190866,28900.87495899934,323.12277953569975
1693956834,395,,Aggregated,16.100000,1.300000,5700,9000,11000,12000,15000,17000,19000,20000,23000,26000,29000,63854,1311,5700.0,6504.631861857521,15.018099002190866,28900.87495899934,323.13781438907506
1693956835,395,,Aggregated,16.300000,1.100000,5700,9000,11000,12000,15000,17000,19000,20000,23000,26000,29000,63863,1311,5700.0,6506.438898072156,15.018099002190866,28900.87495899934,323.1336611183314
1693956836,395,,Aggregated,15.100000,1.100000,5700,9000,11000,12000,15000,17000,19000,20000,23000,26000,29000,63883,1311,5700.0,6510.400123142387,15.018099002190866,28900.87495899934,323.1244149460733
1693956837,395,,Aggregated,14.800000,1.100000,5700,9000,11000,12000,15000,17000,19000,20000,23000,26000,29000,63896,1313,5700.0,6512.588873461126,15.018099002190866,28900.87495899934,323.1631870539627
1693956838,395,,Aggregated,13.800000,0.800000,5700,9000,11000,12000,15000,17000,19000,20000,23000,26000,29000,63906,1313,5700.0,6514.7449864562495,15.018099002190866,28900.87495899934,323.15852971551965
1693956839,395,,Aggregated,14.300000,0.800000,5700,9000,11000,12000,15000,17000,19000,20000,23000,26000,29000,63932,1317,5700.0,6520.09037186004,15.018099002190866,28900.87495899934,323.2360633172746
1693956840,395,,Aggregated,14.500000,0.700000,5700,9000,11000,12000,15000,17000,19000,20000,23000,26000,29000,63944,1317,5700.0,6522.103032568482,15.018099002190866,28900.87495899934,323.23049856124106
1693956841,395,,Aggregated,14.200000,0.800000,5700,9000,11000,12000,15000,17000,19000,20000,24000,26000,29000,63964,1318,5700.0,6525.695881372978,15.018099002190866,28900.87495899934,323.2436370458383
1693956842,395,,Aggregated,14.800000,0.900000,5700,9000,11000,12000,15000,17000,19000,20000,24000,26000,29000,63978,1319,5700.0,6528.340901642161,15.018099002190866,28900.87495899934,323.2595110819344
1693956843,395,,Aggregated,14.400000,0.800000,5700,9000,11000,12000,15000,17000,19000,20000,24000,26000,29000,63991,1319,5700.0,6530.7058026415,15.018099002190866,28900.87495899934,323.25348877185854
1693956844,395,,Aggregated,15.500000,0.900000,5700,9000,11000,12000,15000,17000,19000,20000,24000,26000,29000,64007,1320,5700.0,6533.595224360323,15.018099002190866,28900.87495899934,323.2684862593154
1693956845,395,,Aggregated,14.300000,0.900000,5700,9000,11000,12000,15000,17000,19000,20000,24000,26000,29000,64028,1320,5700.0,6537.333055809697,15.018099002190866,28900.87495899934,323.2588086462173
1693956847,395,,Aggregated,14.600000,0.900000,5700,9000,11000,12000,15000,17000,19000,20000,24000,26000,29000,64046,1322,5700.0,6540.502750238974,15.018099002190866,28900.87495899934,323.2951472379227
1693956848,395,,Aggregated,15.300000,0.900000,5700,9000,11000,12000,15000,17000,19000,20000,24000,26000,29000,64066,1324,5700.0,6544.083165069215,15.018099002190866,28900.87495899934,323.3305497455749
1693956849,395,,Aggregated,15.400000,1.000000,5700,9100,11000,12000,15000,17000,19000,20000,24000,26000,29000,64077,1324,5700.0,6546.234449640627,15.018099002190866,28900.87495899934,323.3254990090048
1693956850,395,,Aggregated,15.900000,1.100000,5700,9100,11000,12000,15000,17000,19000,20000,24000,27000,29000,64099,1324,5700.0,6550.43041631001,15.018099002190866,29362.419602002774,323.31535593378993
1693956851,395,,Aggregated,15.800000,0.800000,5700,9100,11000,12000,15000,17000,19000,20000,24000,27000,29000,64115,1324,5700.0,6553.5305130091765,15.018099002190866,29362.419602002774,323.30794665834827
1693956852,395,,Aggregated,15.700000,0.700000,5700,9100,11000,12000,15000,17000,19000,20000,24000,27000,29000,64129,1324,5700.0,6556.117473114916,15.018099002190866,29362.419602002774,323.30150166071513
1693956853,395,,Aggregated,16.100000,0.700000,5800,9100,11000,12000,15000,17000,19000,20000,24000,27000,29000,64142,1324,5800.0,6558.594277263811,15.018099002190866,29362.419602002774,323.2955317888435
1693956854,395,,Aggregated,15.400000,0.500000,5800,9100,11000,12000,15000,17000,19000,20000,24000,27000,29000,64158,1325,5800.0,6561.596755200901,15.018099002190866,29362.419602002774,323.3104834938745
1693956855,395,,Aggregated,15.800000,0.500000,5800,9100,11000,12000,15000,17000,19000,20000,24000,27000,29000,64178,1325,5800.0,6564.911496532026,15.018099002190866,29362.419602002774,323.301287045405
1693956856,395,,Aggregated,15.800000,0.500000,5800,9100,11000,12000,15000,17000,19000,20000,24000,27000,29000,64195,1325,5800.0,6567.824518954223,15.018099002190866,29362.419602002774,323.29346522314825
1693956857,395,,Aggregated,16.100000,0.500000,5800,9100,11000,12000,15000,17000,19000,20000,24000,27000,29000,64212,1325,5800.0,6570.834377884606,15.018099002190866,29362.419602002774,323.28556967545006
1693956858,395,,Aggregated,15.500000,0.500000,5800,9100,11000,12000,15000,17000,19000,20000,24000,27000,29000,64226,1326,5800.0,6573.259146793531,15.018099002190866,29362.419602002774,323.30143555569396
1693956859,395,,Aggregated,15.700000,0.300000,5800,9100,11000,12000,15000,17000,19000,20000,24000,27000,29000,64248,1326,5800.0,6577.003484000519,15.018099002190866,29362.419602002774,323.29133980824304
1693956860,395,,Aggregated,15.400000,0.200000,5800,9100,11000,12000,15000,17000,19000,20000,24000,27000,29000,64267,1327,5800.0,6579.9331235134705,15.018099002190866,29362.419602002774,323.30482207042496
1693956861,395,,Aggregated,15.600000,0.200000,5800,9100,11000,12000,15000,17000,19000,20000,24000,27000,29000,64280,1328,5800.0,6582.079317199567,15.018099002190866,29362.419602002774,323.32109520846296
1693956862,395,,Aggregated,15.600000,0.200000,5800,9100,11000,12000,15000,17000,19000,20000,24000,27000,29000,64297,1329,5800.0,6585.01384208859,15.018099002190866,29362.419602002774,323.3354433332815
1693956863,395,,Aggregated,15.700000,0.300000,5800,9100,11000,12000,15000,17000,19000,20000,24000,27000,29000,64317,1329,5800.0,6587.880191379574,15.018099002190866,29362.419602002774,323.3262900943763
1693956865,395,,Aggregated,16.200000,0.500000,5800,9100,11000,12000,15000,17000,19000,20000,24000,27000,29000,64339,1331,5800.0,6591.350380252629,15.018099002190866,29362.419602002774,323.3606210851894
1693956866,395,,Aggregated,16.400000,0.500000,5800,9100,11000,12000,15000,17000,19000,20000,24000,27000,29000,64369,1334,5800.0,6595.577934166259,15.018099002190866,29362.419602002774,323.41347543071976
1693956867,395,,Aggregated,16.400000,0.600000,5800,9100,11000,12000,15000,17000,19000,20000,24000,27000,29000,64387,1334,5800.0,6597.999928976391,15.018099002190866,29362.419602002774,323.4051749576778
1693956868,395,,Aggregated,18.400000,0.900000,5800,9100,11000,12000,15000,17000,19000,20000,24000,27000,29000,64399,1334,5800.0,6599.899160092313,15.018099002190866,29362.419602002774,323.3996180064908
1693956869,395,,Aggregated,18.200000,0.900000,5800,9100,11000,12000,15000,17000,19000,20000,24000,27000,29000,64415,1335,5800.0,6602.284718298918,15.018099002190866,29362.419602002774,323.41448420398973
1693956870,395,,Aggregated,18.100000,0.800000,5800,9100,11000,12000,15000,17000,19000,20000,24000,27000,29000,64439,1336,5800.0,6605.712180412494,15.018099002190866,29362.419602002774,323.4257049302441
1693956871,395,,Aggregated,18.200000,0.900000,5800,9100,11000,12000,15000,17000,19000,20000,24000,27000,29000,64458,1336,5800.0,6608.523852417073,15.018099002190866,29362.419602002774,323.4169226473052
1693956872,395,,Aggregated,17.600000,0.900000,5800,9100,11000,12000,15000,17000,19000,20000,24000,27000,29000,64471,1336,5800.0,6610.3020210174145,15.018099002190866,29362.419602002774,323.4108979230972
1693956873,395,,Aggregated,18.200000,0.900000,5800,9100,11000,12000,15000,17000,19000,20000,24000,27000,29000,64487,1338,5800.0,6612.371374889306,15.018099002190866,29362.419602002774,323.44784220075366
1693956874,395,,Aggregated,18.700000,0.800000,5800,9100,11000,12000,15000,17000,19000,20000,24000,27000,29000,64500,1338,5800.0,6614.213908157872,15.018099002190866,29362.419602002774,323.44187596899224
1693956875,395,,Aggregated,17.900000,0.800000,5800,9100,11000,12000,15000,17000,19000,20000,24000,27000,29000,64520,1342,5800.0,6616.594533653311,15.018099002190866,29362.419602002774,323.52140421574705
1693956876,395,,Aggregated,17.600000,0.900000,5800,9200,11000,12000,15000,17000,19000,20000,24000,27000,29000,64539,1344,5800.0,6619.048503175548,15.018099002190866,29362.419602002774,323.5569810502177
1693956877,395,,Aggregated,17.100000,0.800000,5800,9200,11000,12000,15000,17000,19000,20000,24000,27000,29000,64553,1345,5800.0,6621.038836680925,15.018099002190866,29362.419602002774,323.57266122411045
1693956878,395,,Aggregated,15.600000,0.800000,5800,9200,11000,12000,15000,17000,19000,20000,24000,27000,29000,64565,1345,5800.0,6622.917464968479,15.018099002190866,29362.419602002774,323.56714938434135
1693956879,395,,Aggregated,15.900000,1.100000,5800,9200,11000,12000,15000,17000,19000,20000,24000,27000,29000,64583,1347,5800.0,6625.588302809993,15.018099002190866,29362.419602002774,323.60313085486894
1693956880,395,,Aggregated,15.700000,1.100000,5800,9200,11000,12000,15000,17000,19000,20000,24000,27000,29000,64601,1347,5800.0,6628.300899162442,15.018099002190866,29362.419602002774,323.5948514728874
1693956882,395,,Aggregated,15.500000,1.000000,5800,9200,11000,12000,15000,17000,19000,20000,24000,27000,29000,64609,1348,5800.0,6629.533948496942,15.018099002190866,29362.419602002774,323.6132736925196
1693956883,395,,Aggregated,15.100000,1.100000,5800,9200,11000,12000,15000,17000,19000,20000,24000,27000,29000,64626,1349,5800.0,6632.123656268915,15.018099002190866,29362.419602002774,323.62758023086684
1693956884,395,,Aggregated,14.100000,1.200000,5800,9200,11000,12000,15000,17000,19000,20000,24000,27000,29000,64645,1352,5800.0,6635.052186047983,15.018099002190866,29362.419602002774,323.6852038053987
1693956885,395,,Aggregated,14.500000,1.200000,5800,9200,11000,12000,15000,17000,19000,20000,24000,27000,29000,64666,1352,5800.0,6638.3381079375085,15.018099002190866,29362.419602002774,323.6754708811431
1693956886,395,,Aggregated,14.900000,1.400000,5800,9200,11000,12000,15000,17000,19000,20000,24000,27000,29000,64676,1352,5800.0,6639.853828420682,15.018099002190866,29362.419602002774,323.67086709134765
1693956887,395,,Aggregated,15.700000,1.300000,5800,9200,11000,12000,15000,17000,19000,20000,24000,27000,29000,64697,1352,5800.0,6642.996324270895,15.018099002190866,29362.419602002774,323.6611434842419
1693956888,400,,Aggregated,15.100000,1.000000,5800,9200,11000,12000,15000,17000,19000,20000,24000,27000,29000,64712,1353,5800.0,6645.228028794553,15.018099002190866,29362.419602002774,323.6762733341575
1693956889,400,,Aggregated,14.600000,0.700000,5800,9200,11000,12000,15000,17000,19000,20000,24000,27000,29000,64730,1356,5800.0,6648.243319634559,15.018099002190866,29362.419602002774,323.7342036150162
1693956890,400,,Aggregated,15.100000,0.700000,5800,9200,11000,12000,15000,17000,19000,20000,24000,27000,29000,64741,1356,5800.0,6650.108716594323,15.018099002190866,29362.419602002774,323.7291206499745
1693956891,400,,Aggregated,15.200000,0.800000,5900,9200,11000,12000,15000,17000,19000,20000,24000,27000,29000,64752,1356,5900.0,6651.8618170523705,15.018099002190866,29362.419602002774,323.7240239683716
1693956892,400,,Aggregated,15.100000,0.900000,5900,9200,11000,12000,15000,17000,19000,20000,24000,27000,29000,64769,1356,5900.0,6654.793883239698,15.018099002190866,29362.419602002774,323.7162068273402
1693956893,400,,Aggregated,14.500000,0.900000,5900,9200,11000,12000,15000,17000,19000,20000,24000,27000,29000,64785,1359,5900.0,6657.183011231567,15.018099002190866,29362.419602002774,323.7750559543104
1693956894,400,,Aggregated,15.300000,0.800000,5900,9200,11000,12000,15000,17000,19000,20000,24000,27000,29000,64810,1361,5900.0,6661.0938111814685,15.018099002190866,29362.419602002774,323.80752970220647
1693956895,400,,Aggregated,15.000000,0.800000,5900,9200,11000,12000,15000,17000,19000,20000,24000,27000,29000,64824,1361,5900.0,6663.399583706529,15.018099002190866,29362.419602002774,323.8010304825373
1693956896,400,,Aggregated,14.900000,0.800000,5900,9200,11000,12000,15000,17000,19000,20000,24000,27000,29000,64846,1364,5900.0,6666.989524439997,15.018099002190866,29362.419602002774,323.8569996607347
1693956897,400,,Aggregated,15.000000,0.900000,5900,9200,11000,12000,15000,17000,19000,20000,24000,27000,29000,64864,1364,5900.0,6670.127210346989,15.018099002190866,29362.419602002774,323.84865256536756
1693956899,400,,Aggregated,15.800000,1.200000,5900,9200,11000,12000,15000,17000,19000,20000,24000,27000,29000,64883,1366,5900.0,6673.126181146264,15.018099002190866,29362.419602002774,323.8839449470585
1693956900,400,,Aggregated,15.800000,1.200000,5900,9200,11000,12000,15000,17000,19000,20000,24000,27000,29000,64905,1369,5900.0,6676.792259305954,15.018099002190866,29362.419602002774,323.93989677220554
1693956901,400,,Aggregated,16.100000,1.200000,5900,9200,11000,12000,15000,17000,19000,20000,24000,27000,29000,64917,1369,5900.0,6678.802242564243,15.018099002190866,29362.419602002774,323.934300722461
1693956902,400,,Aggregated,16.700000,1.300000,5900,9200,11000,12000,15000,17000,19000,20000,24000,27000,29000,64934,1369,5900.0,6681.73343082519,15.018099002190866,29362.419602002774,323.92640219299597
1693956903,400,,Aggregated,17.000000,1.300000,5900,9200,11000,12000,15000,17000,19000,20000,24000,27000,29000,64950,1370,5900.0,6684.438400667759,15.018099002190866,29362.419602002774,323.94098537336413
1693956904,400,,Aggregated,16.600000,1.300000,5900,9300,11000,12000,15000,17000,19000,20000,24000,27000,29000,64969,1373,5900.0,6687.238158831351,15.018099002190866,29362.419602002774,323.9982453169973
1693956905,400,,Aggregated,17.300000,1.300000,5900,9300,11000,12000,15000,17000,19000,20000,24000,27000,29000,64985,1373,5900.0,6690.0064778314845,15.018099002190866,29362.419602002774,323.990797876433
1693956906,400,,Aggregated,17.500000,1.300000,5900,9300,11000,12000,15000,17000,19000,20000,24000,27000,29000,65001,1374,5900.0,6692.8865957509415,15.018099002190866,29362.419602002774,324.00535376378826
1693956907,400,,Aggregated,16.700000,1.200000,5900,9300,11000,12000,15000,17000,19000,20000,24000,27000,29000,65021,1377,5900.0,6696.025157752016,15.018099002190866,29362.419602002774,324.06205687393305
1693956908,400,,Aggregated,16.700000,1.300000,5900,9300,11000,12000,15000,17000,19000,20000,24000,27000,29000,65041,1380,5900.0,6699.479254820696,15.018099002190866,29362.419602002774,324.11867898710045
1693956909,400,,Aggregated,16.500000,1.100000,5900,9300,11000,12000,15000,17000,19000,20000,24000,27000,29000,65055,1381,5900.0,6701.845056186869,15.018099002190866,29362.419602002774,324.13408654215664
1693956910,400,,Aggregated,16.500000,1.400000,5900,9300,11000,12000,15000,17000,19000,20000,24000,27000,29000,65076,1382,5900.0,6705.459407446091,15.018099002190866,29362.419602002774,324.1462597578216
1693956911,400,,Aggregated,16.500000,1.600000,5900,9300,11000,12000,15000,17000,19000,20000,24000,27000,29000,65092,1383,5900.0,6708.467409123069,15.018099002190866,29362.419602002774,324.1607417194125
1693956912,400,,Aggregated,16.600000,1.300000,5900,9300,11000,12000,15000,17000,19000,20000,24000,27000,29000,65107,1383,5900.0,6710.943972983947,15.018099002190866,29362.419602002774,324.1537469089345
1693956913,400,,Aggregated,16.400000,1.300000,5900,9300,11000,12000,15000,17000,19000,20000,24000,27000,29000,65122,1383,5900.0,6713.068588759419,15.018099002190866,29362.419602002774,324.1467706765763
1693956914,400,,Aggregated,16.700000,1.400000,5900,9300,11000,12000,15000,17000,19000,20000,24000,27000,29000,65137,1385,5900.0,6715.108047014814,15.018099002190866,29362.419602002774,324.18368976157944
1693956915,400,,Aggregated,16.100000,1.300000,5900,9300,11000,12000,15000,17000,19000,20000,24000,27000,29000,65146,1386,5900.0,6716.633395021275,15.018099002190866,29362.419602002774,324.20147054308785
1693956917,400,,Aggregated,15.800000,1.100000,5900,9300,11000,12000,15000,17000,19000,20000,24000,27000,29000,65159,1386,5900.0,6718.618954441013,15.018099002190866,29362.419602002774,324.19538360011666
1693956918,400,,Aggregated,15.300000,1.200000,5900,9300,11000,12000,15000,17000,19000,20000,24000,27000,29000,65177,1386,5900.0,6721.489518773754,15.018099002190866,29362.419602002774,324.1869984810593
1693956919,400,,Aggregated,14.600000,1.100000,5900,9300,11000,12000,15000,17000,19000,20000,24000,27000,29000,65192,1387,5900.0,6723.799129759202,15.018099002190866,29362.419602002774,324.20198797398456
1693956920,400,,Aggregated,14.700000,0.800000,5900,9300,11000,12000,15000,17000,19000,20000,24000,27000,29000,65208,1387,5900.0,6726.314366509675,15.018099002190866,29362.419602002774,324.1945313458471
1693956921,400,,Aggregated,14.200000,0.600000,5900,9300,11000,12000,15000,17000,19000,20000,24000,27000,29000,65225,1389,5900.0,6728.830777184818,15.018099002190866,29362.419602002774,324.2304637792258
1693956922,400,,Aggregated,13.600000,0.500000,5900,9300,11000,12000,15000,17000,19000,20000,24000,27000,29000,65241,1390,5900.0,6731.22003297593,15.018099002190866,29362.419602002774,324.2449073435416
1693956923,400,,Aggregated,14.200000,0.700000,5900,9300,11000,13000,15000,17000,19000,20000,24000,27000,29000,65255,1391,5900.0,6733.206138971384,15.018099002190866,29362.419602002774,324.2603018925753
1693956924,400,,Aggregated,14.200000,0.700000,5900,9300,11000,13000,15000,17000,19000,20000,24000,27000,29000,65274,1393,5900.0,6736.118504630461,15.018099002190866,29362.419602002774,324.29524772497473
1693956925,400,,Aggregated,13.900000,0.800000,5900,9300,11000,13000,15000,17000,19000,20000,24000,27000,29000,65298,1394,5900.0,6740.292282734901,15.018099002190866,29362.419602002774,324.30595117767774
1693956926,400,,Aggregated,14.100000,0.700000,6000,9300,11000,13000,15000,17000,19000,20000,24000,27000,29000,65313,1395,6000.0,6742.48179865602,15.018099002190866,29362.419602002774,324.32083964907446
1693956927,400,,Aggregated,14.600000,0.800000,6000,9300,11000,13000,15000,17000,19000,20000,24000,27000,29000,65339,1396,6000.0,6746.9886183607305,15.018099002190866,29362.419602002774,324.330614181423
1693956928,400,,Aggregated,15.700000,0.800000,6000,9300,11000,13000,15000,17000,19000,20000,24000,27000,29000,65354,1397,6000.0,6749.341196106892,15.018099002190866,29362.419602002774,324.34547235058295
1693956929,400,,Aggregated,16.600000,0.900000,6000,9300,11000,13000,15000,17000,19000,20000,24000,27000,29000,65374,1398,6000.0,6752.719148354085,15.018099002190866,29362.419602002774,324.3579863554318
1693956930,400,,Aggregated,16.700000,1.000000,6000,9400,11000,13000,15000,17000,19000,20000,24000,27000,29000,65400,1399,6000.0,6757.1155075629495,15.018099002190866,29362.419602002774,324.3677370030581
1693956931,400,,Aggregated,17.300000,1.100000,6000,9400,11000,13000,15000,17000,19000,20000,24000,27000,29000,65426,1400,6000.0,6761.061493524118,15.018099002190866,29362.419602002774,324.3774951854003
1693956932,400,,Aggregated,17.300000,1.100000,6000,9400,11000,13000,15000,17000,19000,20000,24000,27000,29000,65439,1400,6000.0,6762.870826863019,15.018099002190866,29362.419602002774,324.3713993184492
1693956934,400,,Aggregated,18.300000,1.000000,6000,9400,11000,13000,15000,17000,19000,20000,24000,27000,29000,65452,1400,6000.0,6764.673173821028,15.018099002190866,29362.419602002774,324.3652753162623
1693956935,400,,Aggregated,19.200000,0.900000,6000,9400,11000,13000,15000,17000,19000,20000,24000,27000,29000,65470,1400,6000.0,6766.998531885566,15.018099002190866,29362.419602002774,324.3568657400336
1693956936,400,,Aggregated,18.700000,0.900000,6000,9400,11000,13000,15000,17000,19000,20000,24000,27000,29000,65480,1401,6000.0,6768.366377454293,15.018099002190866,29362.419602002774,324.3740226023213
1693956937,400,,Aggregated,18.600000,0.700000,6000,9400,11000,13000,15000,17000,19000,20000,24000,27000,29000,65496,1402,6000.0,6770.336703998962,15.018099002190866,29362.419602002774,324.38839013069503
1693956938,400,,Aggregated,17.600000,0.600000,6000,9400,11000,13000,15000,17000,19000,20000,24000,27000,29000,65514,1404,6000.0,6772.571693012331,15.018099002190866,29362.419602002774,324.42364990689015
1693956939,400,,Aggregated,16.400000,0.600000,6000,9400,11000,13000,15000,17000,19000,20000,24000,27000,29000,65528,1404,6000.0,6774.959656262023,15.018099002190866,29362.419602002774,324.41713465999266
1693956940,400,,Aggregated,16.600000,0.800000,6000,9400,11000,13000,15000,17000,19000,20000,24000,27000,29000,65544,1404,6000.0,6777.456421350708,15.018099002190866,29362.419602002774,324.4096484804101
1693956941,400,,Aggregated,15.900000,0.600000,6000,9400,11000,13000,15000,17000,19000,20000,24000,27000,29000,65560,1404,6000.0,6779.9449477183925,15.018099002190866,29362.419602002774,324.4021964612569
1693956942,400,,Aggregated,15.900000,0.600000,6000,9400,11000,13000,15000,17000,19000,20000,24000,27000,29000,65583,1406,6000.0,6783.720109037341,15.018099002190866,29362.419602002774,324.43505176646386
1693956943,400,,Aggregated,15.000000,0.500000,6000,9400,11000,13000,15000,17000,19000,20000,24000,27000,29000,65594,1407,6000.0,6785.478105316857,15.018099002190866,29362.419602002774,324.4517181449523
1693956944,400,,Aggregated,14.200000,0.400000,6000,9400,11000,13000,15000,17000,19000,20000,24000,27000,29000,65605,1407,6000.0,6787.3042191391805,15.018099002190866,29362.419602002774,324.4465665726698
1693956945,400,,Aggregated,15.100000,0.600000,6000,9400,11000,13000,15000,17000,19000,20000,24000,27000,29000,65621,1407,6000.0,6789.729174004845,15.018099002190866,29362.419602002774,324.43909724021273
1693956946,400,,Aggregated,14.900000,0.700000,6000,9400,11000,13000,15000,17000,19000,20000,24000,27000,29000,65638,1410,6000.0,6792.17884886162,15.018099002190866,29362.419602002774,324.49652640238884
1693956947,405,,Aggregated,14.300000,0.700000,6000,9400,11000,13000,15000,17000,19000,20000,24000,27000,29000,65645,1410,6000.0,6793.537719499535,15.018099002190866,29362.419602002774,324.49325919719706
1693956948,405,,Aggregated,14.600000,0.900000,6000,9400,11000,13000,15000,17000,19000,20000,24000,27000,29000,65655,1410,6000.0,6795.037979567863,15.018099002190866,29362.419602002774,324.4885994973726
1693956949,405,,Aggregated,15.100000,0.900000,6000,9400,11000,13000,15000,17000,19000,20000,24000,27000,29000,65665,1410,6000.0,6796.571481769694,15.018099002190866,29362.419602002774,324.48392598796926
1693956950,405,,Aggregated,13.700000,0.600000,6000,9400,11000,13000,15000,17000,19000,20000,24000,27000,29000,65681,1410,6000.0,6798.946175674837,15.018099002190866,29362.419602002774,324.4764848281847
1693956952,405,,Aggregated,13.500000,0.600000,6000,9400,11000,13000,15000,17000,19000,20000,24000,27000,29000,65701,1411,6000.0,6802.009070570522,15.018099002190866,29362.419602002774,324.4888966682395
1693956953,405,,Aggregated,12.600000,0.600000,6000,9400,11000,13000,15000,17000,19000,20000,24000,27000,29000,65718,1411,6000.0,6804.701552977708,15.018099002190866,29362.419602002774,324.4809336863569
1693956954,405,,Aggregated,13.200000,0.700000,6000,9400,11000,13000,15000,17000,19000,20000,24000,27000,29000,65733,1411,6000.0,6807.444105021375,15.018099002190866,29362.419602002774,324.4739476366513
1693956955,405,,Aggregated,12.700000,0.500000,6000,9400,11000,13000,15000,17000,19000,20000,24000,27000,29000,65744,1413,6000.0,6809.365810058668,15.018099002190866,29362.419602002774,324.5122900949136
1693956956,405,,Aggregated,13.000000,0.400000,6000,9400,11000,13000,15000,17000,19000,20000,24000,27000,29000,65761,1416,6000.0,6812.45996453462,15.018099002190866,29362.419602002774,324.5695777132343
1693956957,405,,Aggregated,13.000000,0.500000,6000,9400,11000,13000,15000,17000,19000,20000,24000,27000,29000,65775,1416,6000.0,6814.775284908751,15.018099002190866,29362.419602002774,324.5630102622577
1693956958,405,,Aggregated,13.200000,0.700000,6000,9400,11000,13000,15000,17000,19000,20000,24000,27000,29000,65791,1417,6000.0,6817.873403275845,15.018099002190866,29362.419602002774,324.57726740739616
1693956959,405,,Aggregated,13.300000,0.600000,6000,9400,11000,13000,15000,17000,19000,20000,24000,27000,29000,65812,1419,6000.0,6821.906078549888,15.018099002190866,29362.419602002774,324.6109372150976
1693956960,405,,Aggregated,13.600000,0.600000,6000,9400,12000,13000,15000,17000,19000,20000,24000,27000,29000,65830,1421,6000.0,6825.434708358243,15.018099002190866,29362.419602002774,324.6459820750418
1693956961,405,,Aggregated,14.400000,0.800000,6000,9400,12000,13000,15000,17000,19000,21000,24000,27000,29000,65858,1424,6000.0,6830.646686949817,15.018099002190866,29362.419602002774,324.6980017613654
1693956962,405,,Aggregated,15.600000,1.000000,6000,9400,12000,13000,15000,17000,19000,21000,24000,27000,29000,65868,1425,6000.0,6832.544042349412,15.018099002190866,29362.419602002774,324.7149905872351
1693956963,405,,Aggregated,16.400000,1.200000,6000,9400,12000,13000,15000,17000,19000,21000,24000,27000,29000,65890,1429,6000.0,6836.5164488300825,15.018099002190866,29362.419602002774,324.79145545606315
1693956964,405,,Aggregated,16.300000,1.400000,6000,9400,12000,13000,15000,17000,19000,21000,24000,27000,29000,65906,1429,6000.0,6839.681224559602,15.018099002190866,29362.419602002774,324.78390434861774
1693956965,405,,Aggregated,15.900000,1.700000,6000,9500,12000,13000,15000,17000,19000,21000,24000,27000,29000,65924,1430,6000.0,6843.183933760302,15.018099002190866,29362.419602002774,324.7971148595352
1693956966,405,,Aggregated,16.300000,1.800000,6000,9500,12000,13000,15000,17000,19000,21000,24000,27000,29000,65941,1431,6000.0,6846.279559875755,15.018099002190866,29362.419602002774,324.8108157292125
1693956967,405,,Aggregated,16.800000,1.800000,6000,9500,12000,13000,15000,17000,19000,21000,24000,27000,29000,65957,1433,6000.0,6849.030508716286,15.018099002190866,29362.419602002774,324.8466425095138
1693956969,405,,Aggregated,17.100000,1.400000,6000,9500,12000,13000,15000,17000,19000,21000,24000,27000,29000,65973,1434,6000.0,6852.017669106985,15.018099002190866,29362.419602002774,324.8607309050672
1693956970,405,,Aggregated,17.500000,1.700000,6000,9500,12000,13000,15000,17000,19000,21000,24000,27000,29000,65987,1434,6000.0,6854.778577508585,15.018099002190866,29362.419602002774,324.85413793626014
1693956971,405,,Aggregated,17.300000,1.600000,6100,9500,12000,13000,15000,17000,19000,21000,24000,27000,29000,66005,1435,6100.0,6857.794425912748,15.018099002190866,29362.419602002774,324.867343383077
1693956972,405,,Aggregated,16.500000,1.400000,6100,9500,12000,13000,15000,17000,19000,21000,24000,27000,29000,66015,1436,6100.0,6859.500107518048,15.018099002190866,29362.419602002774,324.88431417102174
1693956973,405,,Aggregated,15.800000,1.300000,6100,9500,12000,13000,15000,17000,19000,21000,24000,27000,29000,66040,1437,6100.0,6863.997041681269,15.018099002190866,29362.419602002774,324.89424591156876
1693956974,405,,Aggregated,14.900000,1.100000,6100,9500,12000,13000,15000,17000,19000,21000,24000,27000,29000,66053,1437,6100.0,6866.106077686783,15.018099002190866,29362.419602002774,324.88810500658565
1693956975,405,,Aggregated,15.700000,0.900000,6100,9500,12000,13000,15000,17000,19000,21000,24000,27000,29000,66075,1439,6100.0,6869.708353766735,15.018099002190866,29362.419602002774,324.9210594021945
1693956976,405,,Aggregated,15.600000,0.800000,6100,9500,12000,13000,15000,17000,19000,21000,24000,27000,29000,66095,1440,6100.0,6872.989640987141,15.018099002190866,29362.419602002774,324.9332173386792
1693956977,405,,Aggregated,15.700000,0.700000,6100,9500,12000,13000,15000,17000,19000,21000,24000,27000,29000,66108,1440,6100.0,6875.421321220291,15.018099002190866,29362.419602002774,324.92705875234464
1693956978,405,,Aggregated,15.700000,0.900000,6100,9500,12000,13000,15000,17000,19000,21000,24000,27000,29000,66121,1441,6100.0,6877.441050783335,15.018099002190866,29362.419602002774,324.94259009996824
1693956979,405,,Aggregated,16.300000,0.900000,6100,9500,12000,13000,15000,17000,19000,21000,24000,27000,29000,66136,1441,6100.0,6879.496912879703,15.018099002190866,29362.419602002774,324.9354965525584
1693956980,405,,Aggregated,15.800000,0.800000,6100,9500,12000,13000,15000,17000,19000,21000,24000,27000,29000,66160,1442,6100.0,6883.9433370394045,15.018099002190866,29362.419602002774,324.9458131801693
1693956981,405,,Aggregated,15.400000,0.700000,6100,9500,12000,13000,15000,17000,19000,21000,24000,27000,29000,66172,1444,6100.0,6885.730935954164,15.018099002190866,29362.419602002774,324.9834068790425
1693956982,405,,Aggregated,15.600000,0.700000,6100,9500,12000,13000,15000,17000,19000,21000,24000,27000,29000,66185,1444,6100.0,6887.858747566534,15.018099002190866,29362.419602002774,324.9773060361109
1693956983,405,,Aggregated,15.900000,0.700000,6100,9500,12000,13000,15000,17000,19000,21000,24000,27000,29000,66197,1446,6100.0,6889.834234520613,15.018099002190866,29362.419602002774,325.01486472196626
1693956984,405,,Aggregated,16.500000,0.800000,6100,9500,12000,13000,15000,17000,19000,21000,24000,27000,29000,66218,1446,6100.0,6893.252234946567,15.018099002190866,29362.419602002774,325.00493823431697
1693956985,405,,Aggregated,15.300000,0.700000,6100,9500,12000,13000,15000,17000,19000,21000,24000,27000,29000,66241,1448,6100.0,6896.810768654244,15.018099002190866,29362.419602002774,325.0372729880286
1693956987,405,,Aggregated,15.100000,0.900000,6100,9500,12000,13000,15000,17000,19000,21000,24000,27000,29000,66256,1449,6100.0,6899.240986406074,15.018099002190866,29362.419602002774,325.0517538034291
1693956988,405,,Aggregated,15.600000,0.900000,6100,9500,12000,13000,15000,17000,19000,21000,24000,27000,29000,66270,1450,6100.0,6901.546049733662,15.018099002190866,29362.419602002774,325.0667270258035
1693956989,405,,Aggregated,14.900000,0.800000,6100,9500,12000,13000,15000,17000,19000,21000,24000,27000,29000,66287,1452,6100.0,6904.056474449467,15.018099002190866,29362.419602002774,325.1018600932309
1693956990,405,,Aggregated,15.200000,0.800000,6100,9500,12000,13000,15000,17000,19000,21000,24000,27000,29000,66303,1452,6100.0,6906.516274344612,15.018099002190866,29362.419602002774,325.0943245403677
1693956991,405,,Aggregated,15.600000,1.000000,6100,9500,12000,13000,15000,17000,19000,21000,24000,27000,29000,66319,1454,6100.0,6908.806051737914,15.018099002190866,29362.419602002774,325.129902441231
1693956992,405,,Aggregated,15.800000,1.100000,6100,9500,12000,13000,15000,17000,19000,21000,24000,27000,29000,66336,1456,6100.0,6911.498785165018,15.018099002190866,29362.419602002774,325.16497829233
1693956993,405,,Aggregated,15.300000,1.100000,6100,9500,12000,13000,15000,17000,19000,21000,24000,27000,29000,66353,1458,6100.0,6914.103341879624,15.018099002190866,29362.419602002774,325.2000813829066
1693956994,405,,Aggregated,15.000000,1.000000,6100,9500,12000,13000,15000,17000,19000,21000,24000,27000,29000,66366,1459,6100.0,6916.238750101419,15.018099002190866,29362.419602002774,325.215486845674
1693956995,405,,Aggregated,16.100000,1.400000,6100,9500,12000,13000,16000,17000,19000,21000,24000,27000,29000,66388,1459,6100.0,6919.946718379117,15.018099002190866,29362.419602002774,325.205082243779
1693956996,405,,Aggregated,16.400000,1.300000,6100,9500,12000,13000,16000,17000,19000,21000,25000,27000,29000,66422,1460,6100.0,6925.5906592503525,15.018099002190866,29362.419602002774,325.2105326548433
1693956997,405,,Aggregated,16.100000,1.300000,6100,9600,12000,13000,16000,18000,19000,21000,25000,27000,29000,66438,1460,6100.0,6928.053091755424,15.018099002190866,29362.419602002774,325.2029561395587
1693956998,405,,Aggregated,15.600000,1.100000,6100,9600,12000,13000,16000,18000,19000,21000,25000,27000,29000,66458,1461,6100.0,6930.75762138567,15.018099002190866,29362.419602002774,325.2150531162539
1693956999,405,,Aggregated,17.300000,1.200000,6100,9600,12000,13000,16000,18000,19000,21000,25000,27000,29000,66482,1463,6100.0,6933.960107084624,15.018099002190866,29362.419602002774,325.2467284377726
1693957000,405,,Aggregated,18.100000,1.100000,6100,9600,12000,13000,16000,18000,19000,21000,25000,27000,29000,66498,1464,6100.0,6936.308567262954,15.018099002190866,29362.419602002774,325.2606995699119
1693957001,405,,Aggregated,18.000000,1.000000,6100,9600,12000,13000,16000,18000,19000,21000,25000,27000,29000,66520,1464,6100.0,6939.3713517336255,15.018099002190866,29362.419602002774,325.25031569452796
1693957002,405,,Aggregated,18.600000,1.100000,6100,9600,12000,13000,16000,18000,19000,21000,25000,27000,29000,66537,1465,6100.0,6941.964576226711,15.018099002190866,29362.419602002774,325.26377804830395
1693957004,405,,Aggregated,19.500000,1.000000,6100,9600,12000,13000,16000,18000,20000,21000,25000,27000,29000,66552,1465,6100.0,6944.174890704889,15.018099002190866,29362.419602002774,325.2566564490924
1693957005,405,,Aggregated,19.500000,1.000000,6100,9600,12000,13000,16000,18000,20000,21000,25000,27000,29000,66568,1468,6100.0,6946.121164085651,15.018099002190866,29362.419602002774,325.31354404518686
1693957006,405,,Aggregated,18.800000,0.600000,6100,9600,12000,13000,16000,18000,20000,21000,25000,27000,29000,66587,1470,6100.0,6948.846784109988,15.018099002190866,29362.419602002774,325.3475453166534
1693957007,405,,Aggregated,18.900000,0.900000,6100,9600,12000,13000,16000,18000,20000,21000,25000,27000,29000,66604,1470,6100.0,6951.140241322198,15.018099002190866,29362.419602002774,325.3395141432947
1693957008,410,,Aggregated,18.500000,1.100000,6100,9600,12000,13000,16000,18000,20000,21000,25000,27000,29000,66610,1471,6100.0,6952.0126425439385,15.018099002190866,29362.419602002774,325.3581444227593
1693957009,410,,Aggregated,17.300000,1.000000,6100,9600,12000,13000,16000,18000,20000,21000,25000,27000,29000,66626,1472,6100.0,6954.302979484282,15.018099002190866,29362.419602002774,325.37200192117194
1693957010,410,,Aggregated,16.100000,1.000000,6200,9600,12000,13000,16000,18000,20000,21000,25000,27000,29000,66644,1472,6200.0,6956.959297429336,15.018099002190866,29362.419602002774,325.3634985895204
1693957011,410,,Aggregated,16.000000,1.100000,6200,9600,12000,13000,16000,18000,20000,21000,25000,27000,29000,66657,1472,6200.0,6958.933095827215,15.018099002190866,29362.419602002774,325.35738182036397
1693957012,410,,Aggregated,15.100000,0.900000,6200,9600,12000,13000,16000,18000,20000,21000,25000,28000,29000,66672,1473,6200.0,6961.1412705982375,15.018099002190866,29362.419602002774,325.3716702663787
1693957013,410,,Aggregated,15.300000,0.800000,6200,9600,12000,13000,16000,18000,20000,21000,25000,28000,29000,66688,1474,6200.0,6963.514214212703,15.018099002190866,29362.419602002774,325.3854816458733
1693957014,410,,Aggregated,14.200000,0.900000,6200,9600,12000,13000,16000,18000,20000,21000,25000,28000,29000,66704,1475,6200.0,6965.991905204903,15.018099002190866,29362.419602002774,325.39936135763975
1693957015,410,,Aggregated,14.200000,0.900000,6200,9600,12000,13000,16000,18000,20000,21000,25000,28000,29000,66722,1475,6200.0,6968.633788887246,15.018099002190866,29362.419602002774,325.39078564791225
1693957016,410,,Aggregated,14.100000,1.000000,6200,9600,12000,13000,16000,18000,20000,21000,25000,28000,29000,66740,1477,6200.0,6971.1545650970465,15.018099002190866,29362.419602002774,325.4251273599041
1693957017,410,,Aggregated,13.900000,0.700000,6200,9600,12000,13000,16000,18000,20000,21000,25000,28000,29000,66754,1478,6200.0,6973.217194586856,15.018099002190866,29362.419602002774,325.4398987326602
1693957018,410,,Aggregated,14.300000,0.700000,6200,9600,12000,13000,16000,18000,20000,21000,25000,28000,29000,66774,1479,6200.0,6976.319130567226,15.018099002190866,29362.419602002774,325.4518674933357
1693957019,410,,Aggregated,14.200000,0.700000,6200,9600,12000,13000,16000,18000,20000,21000,25000,28000,29000,66791,1480,6200.0,6978.856981429594,15.018099002190866,29362.419602002774,325.46525729514457
1693957021,410,,Aggregated,15.100000,0.700000,6200,9600,12000,13000,16000,18000,20000,21000,25000,28000,29000,66804,1481,6200.0,6980.755297162415,15.018099002190866,29362.419602002774,325.4804652416023
1693957022,410,,Aggregated,15.400000,0.800000,6200,9600,12000,13000,16000,18000,20000,21000,25000,28000,29000,66824,1483,6200.0,6983.966935692579,15.018099002190866,29362.419602002774,325.5137974380462
1693957023,410,,Aggregated,15.000000,0.900000,6200,9600,12000,13000,16000,18000,20000,21000,25000,28000,29000,66841,1483,6200.0,6986.896218704521,15.018099002190866,29362.419602002774,325.50566269206024
1693957024,410,,Aggregated,15.800000,1.000000,6200,9600,12000,13000,16000,18000,20000,21000,25000,28000,29000,66853,1483,6200.0,6988.62798886337,15.018099002190866,29362.419602002774,325.5000074790959
1693957025,410,,Aggregated,15.900000,0.900000,6200,9700,12000,13000,16000,18000,20000,21000,25000,28000,29000,66875,1484,6200.0,6992.18481832704,15.018099002190866,29362.419602002774,325.51095327102803
1693957026,410,,Aggregated,16.000000,0.800000,6200,9700,12000,13000,16000,18000,20000,21000,25000,28000,29000,66890,1486,6200.0,6994.718314247642,15.018099002190866,29362.419602002774,325.54656899387055
1693957027,410,,Aggregated,16.200000,0.900000,6200,9700,12000,13000,16000,18000,20000,21000,25000,28000,29000,66901,1486,6200.0,6996.528342145139,15.018099002190866,29362.419602002774,325.54132225228324
1693957028,410,,Aggregated,16.300000,0.900000,6200,9700,12000,13000,16000,18000,20000,21000,25000,28000,29000,66924,1486,6200.0,7000.393790261085,15.018099002190866,29362.419602002774,325.5304524535294
1693957029,410,,Aggregated,15.400000,0.900000,6200,9700,12000,13000,16000,18000,20000,21000,25000,28000,29000,66938,1487,6200.0,7002.619664776925,15.018099002190866,29362.419602002774,325.54519107233557
1693957030,410,,Aggregated,16.100000,0.800000,6200,9700,12000,13000,16000,18000,20000,21000,25000,28000,29000,66947,1487,6200.0,7004.275371686826,15.018099002190866,29362.419602002774,325.5408756180262
1693957031,410,,Aggregated,15.500000,0.700000,6200,9700,12000,13000,16000,18000,20000,21000,25000,28000,29000,66960,1487,6200.0,7006.705884077045,15.018099002190866,29362.419602002774,325.53473715651137
1693957032,410,,Aggregated,15.000000,0.700000,6200,9700,12000,13000,16000,18000,20000,21000,25000,28000,29000,66973,1490,6200.0,7008.840441255788,15.018099002190866,29362.419602002774,325.592641810879
1693957033,410,,Aggregated,15.000000,0.600000,6200,9700,12000,13000,16000,18000,20000,21000,25000,28000,29000,66991,1490,6200.0,7012.138668048229,15.018099002190866,29362.419602002774,325.58409338567867
1693957034,410,,Aggregated,14.100000,0.600000,6200,9700,12000,13000,16000,18000,20000,21000,25000,28000,29000,67007,1491,6200.0,7015.193608338036,15.018099002190866,29362.419602002774,325.5978330622174
1693957035,410,,Aggregated,14.100000,0.700000,6200,9700,12000,13000,16000,18000,20000,21000,25000,28000,29000,67025,1491,6200.0,7018.496188159115,15.018099002190866,29362.419602002774,325.58927265945545
1693957036,410,,Aggregated,14.600000,0.800000,6200,9700,12000,13000,16000,18000,20000,21000,25000,28000,29000,67036,1493,6200.0,7020.437430806204,15.018099002190866,29362.419602002774,325.6267080374724
1693957037,410,,Aggregated,14.300000,0.700000,6200,9700,12000,13000,16000,18000,20000,21000,25000,28000,29000,67051,1493,6200.0,7023.175202292296,15.018099002190866,29362.419602002774,325.61954333268704
1693957039,410,,Aggregated,13.900000,0.500000,6200,9700,12000,13000,16000,18000,20000,21000,25000,28000,29000,67063,1495,6200.0,7025.292931624498,15.018099002190866,29362.419602002774,325.65648718369295
1693957040,410,,Aggregated,14.100000,0.700000,6200,9700,12000,13000,16000,18000,20000,21000,25000,28000,29000,67076,1495,6200.0,7027.749655741572,15.018099002190866,29362.419602002774,325.6503369312422
1693957041,410,,Aggregated,13.400000,0.900000,6200,9700,12000,13000,16000,18000,20000,21000,25000,28000,29000,67093,1496,6200.0,7030.865758801866,15.018099002190866,29362.419602002774,325.6634820324028
1693957042,410,,Aggregated,13.500000,0.800000,6200,9700,12000,13000,16000,18000,20000,21000,25000,28000,29000,67114,1497,6200.0,7034.827842904456,15.018099002190866,29362.419602002774,325.67483684477156
1693957043,410,,Aggregated,13.700000,0.800000,6200,9700,12000,13000,16000,18000,20000,21000,25000,28000,29000,67134,1497,6200.0,7038.014486115554,15.018099002190866,29362.419602002774,325.66532606428933
1693957044,410,,Aggregated,14.800000,0.800000,6200,9700,12000,13000,16000,18000,20000,21000,25000,28000,29000,67147,1498,6200.0,7040.348101046013,15.018099002190866,29362.419602002774,325.6804324839531
1693957045,410,,Aggregated,14.900000,0.700000,6200,9700,12000,13000,16000,18000,20000,21000,25000,28000,29000,67163,1499,6200.0,7043.129030487034,15.018099002190866,29362.419602002774,325.6940875184253
1693957046,410,,Aggregated,14.700000,0.600000,6200,9700,12000,13000,16000,18000,20000,21000,25000,28000,29000,67187,1500,6200.0,7047.916874871367,15.018099002190866,29362.419602002774,325.70400523910877
1693957047,410,,Aggregated,14.900000,0.800000,6200,9700,12000,13000,16000,18000,20000,21000,25000,28000,29000,67205,1502,6200.0,7051.097866445137,15.018099002190866,29362.419602002774,325.7380403243806
1693957048,410,,Aggregated,14.900000,0.900000,6200,9700,12000,13000,16000,18000,20000,21000,25000,28000,29000,67224,1502,6200.0,7054.642016545231,15.018099002190866,29362.419602002774,325.728980721171
1693957049,410,,Aggregated,16.100000,0.900000,6200,9800,12000,13000,16000,18000,20000,21000,25000,28000,29000,67237,1502,6200.0,7057.026333858092,15.018099002190866,29362.419602002774,325.7228311792614
1693957050,410,,Aggregated,16.400000,0.900000,6300,9800,12000,13000,16000,18000,20000,21000,25000,28000,29000,67255,1503,6300.0,7060.355531444018,15.018099002190866,29362.419602002774,325.73557356330383
1693957051,410,,Aggregated,16.600000,0.700000,6300,9800,12000,13000,16000,18000,20000,21000,25000,28000,29000,67270,1504,6300.0,7063.368846341318,15.018099002190866,29362.419602002774,325.7497249888509
1693957052,410,,Aggregated,16.300000,0.700000,6300,9800,12000,13000,16000,18000,20000,21000,25000,28000,29000,67289,1507,6300.0,7066.532653636678,15.018099002190866,29362.419602002774,325.8044851312993
1693957053,410,,Aggregated,16.600000,0.800000,6300,9800,12000,13000,16000,18000,20000,21000,25000,28000,29000,67309,1507,6300.0,7070.361886847975,15.018099002190866,29362.419602002774,325.7950051256147
1693957054,410,,Aggregated,16.200000,0.800000,6300,9800,12000,13000,16000,18000,20000,21000,25000,28000,29000,67323,1507,6300.0,7073.025354381598,15.018099002190866,29362.419602002774,325.7883189994504
1693957056,410,,Aggregated,16.400000,1.000000,6300,9800,12000,13000,16000,18000,20000,21000,25000,28000,29000,67336,1510,6300.0,7075.340276294006,15.018099002190866,29362.419602002774,325.8458773909944
1693957057,410,,Aggregated,16.200000,0.800000,6300,9800,12000,13000,16000,18000,20000,21000,25000,28000,29000,67353,1511,6300.0,7078.660054534336,15.018099002190866,29362.419602002774,325.8590263239945
1693957058,410,,Aggregated,15.900000,0.900000,6300,9800,12000,13000,16000,18000,20000,21000,25000,28000,29000,67371,1512,6300.0,7081.850745121135,15.018099002190866,29362.419602002774,325.87159163438275
1693957059,410,,Aggregated,15.300000,0.900000,6300,9800,12000,13000,16000,18000,20000,21000,25000,28000,29000,67377,1512,6300.0,7082.9965983335715,15.018099002190866,29362.419602002774,325.86875343218014
1693957060,410,,Aggregated,15.400000,1.000000,6300,9800,12000,13000,16000,18000,20000,21000,25000,28000,29000,67398,1512,6300.0,7086.380763534037,15.018099002190866,29362.419602002774,325.8587791922609
1693957061,410,,Aggregated,14.700000,1.000000,6300,9800,12000,13000,16000,18000,20000,21000,25000,28000,29000,67414,1512,6300.0,7089.098339898121,15.018099002190866,29362.419602002774,325.85118818049665
1693957062,410,,Aggregated,15.200000,1.000000,6300,9800,12000,13000,16000,18000,20000,21000,25000,28000,29000,67437,1514,6300.0,7092.87494679796,15.018099002190866,29362.419602002774,325.8826311965242
1693957063,410,,Aggregated,15.300000,0.900000,6300,9800,12000,13000,16000,18000,20000,21000,25000,28000,29000,67452,1514,6300.0,7095.244760039155,15.018099002190866,29362.419602002774,325.87554112554113
1693957064,410,,Aggregated,15.100000,0.900000,6300,9800,12000,13000,16000,18000,20000,21000,25000,28000,29000,67469,1514,6300.0,7097.979481055599,15.018099002190866,29362.419602002774,325.86746505802665
1693957065,410,,Aggregated,15.200000,0.700000,6300,9800,12000,13000,16000,18000,20000,21000,25000,28000,29000,67490,1515,6300.0,7101.100543137491,15.018099002190866,29362.419602002774,325.87866350570454
1693957066,410,,Aggregated,15.500000,0.700000,6300,9800,12000,13000,16000,18000,20000,21000,25000,28000,29000,67507,1516,6300.0,7103.69519247031,15.018099002190866,29446.318045000226,325.89174455982345
1693957067,415,,Aggregated,15.500000,0.800000,6300,9800,12000,13000,16000,18000,20000,21000,25000,28000,29000,67522,1516,6300.0,7106.254535677839,15.018099002190866,29446.318045000226,325.88461538461536
1693957068,415,,Aggregated,15.900000,0.700000,6300,9800,12000,13000,16000,18000,20000,21000,25000,28000,29000,67543,1519,6300.0,7109.107708303956,15.018099002190866,29446.318045000226,325.9381579142176
1693957069,415,,Aggregated,15.800000,0.500000,6300,9800,12000,13000,16000,18000,20000,21000,25000,28000,29000,67562,1520,6300.0,7112.186071562241,15.018099002190866,29446.318045000226,325.9502531008555
1693957070,415,,Aggregated,15.800000,0.400000,6300,9800,12000,13000,16000,18000,20000,21000,25000,28000,29000,67579,1520,6300.0,7114.6779662788,15.018099002190866,29446.318045000226,325.9421417896092
1693957071,415,,Aggregated,16.900000,0.800000,6300,9800,12000,13000,16000,18000,20000,21000,25000,28000,29000,67593,1523,6300.0,7116.869703489119,15.018099002190866,29446.318045000226,325.9989939786664
1693957073,415,,Aggregated,17.500000,0.800000,6300,9800,12000,13000,16000,18000,20000,21000,25000,28000,29000,67614,1523,6300.0,7119.853897714171,15.018099002190866,29446.318045000226,325.98905552104594
1693957074,415,,Aggregated,16.800000,0.900000,6300,9800,12000,13000,16000,18000,20000,21000,25000,28000,29000,67626,1523,6300.0,7121.945048778088,15.018099002190866,29446.318045000226,325.98336438647857
1693957075,415,,Aggregated,17.000000,0.900000,6300,9800,12000,13000,16000,18000,20000,21000,25000,28000,29000,67651,1526,6300.0,7125.667753535038,15.018099002190866,29446.318045000226,326.0348701423482
1693957076,415,,Aggregated,16.000000,0.900000,6300,9800,12000,13000,16000,18000,20000,21000,25000,28000,29000,67660,1527,6300.0,7126.866178389758,15.018099002190866,29446.318045000226,326.05172923440733
1693957077,415,,Aggregated,16.000000,0.900000,6300,9900,12000,13000,16000,18000,20000,21000,25000,28000,29000,67676,1528,6300.0,7129.11473587239,15.018099002190866,29446.318045000226,326.0652668597435
1693957078,415,,Aggregated,16.500000,1.100000,6300,9900,12000,13000,16000,18000,20000,21000,25000,28000,29000,67688,1530,6300.0,7130.81014865032,15.018099002190866,29446.318045000226,326.1018053421581
1693957079,415,,Aggregated,16.700000,1.200000,6300,9900,12000,13000,16000,18000,20000,21000,25000,28000,29000,67708,1531,6300.0,7133.935181412711,15.018099002190866,29446.318045000226,326.11339871211675
1693957080,415,,Aggregated,15.700000,1.400000,6300,9900,12000,13000,16000,18000,20000,21000,25000,28000,29000,67728,1531,6300.0,7136.892291829226,15.018099002190866,29446.318045000226,326.10384183793997
1693957081,415,,Aggregated,15.700000,1.100000,6300,9900,12000,13000,16000,18000,20000,21000,25000,28000,29000,67740,1532,6300.0,7138.869884095007,15.018099002190866,29446.318045000226,326.119205786832
1693957082,415,,Aggregated,15.400000,1.100000,6300,9900,12000,13000,16000,18000,20000,21000,25000,28000,29000,67761,1534,6300.0,7142.321149285367,15.018099002190866,29446.318045000226,326.1513997727306
1693957083,415,,Aggregated,14.900000,1.100000,6300,9900,12000,13000,16000,18000,20000,21000,25000,28000,29000,67775,1534,6300.0,7144.723454185891,15.018099002190866,29446.318045000226,326.14471412762816
1693957084,415,,Aggregated,15.900000,1.000000,6300,9900,12000,13000,16000,18000,20000,21000,25000,28000,29000,67785,1536,6300.0,7146.330014830694,15.018099002190866,29446.318045000226,326.1821641956185
1693957085,415,,Aggregated,15.500000,1.100000,6300,9900,12000,13000,16000,18000,20000,21000,25000,28000,29000,67797,1536,6300.0,7148.527033782374,15.018099002190866,29446.318045000226,326.1764532353939
1693957086,415,,Aggregated,15.400000,1.200000,6300,9900,12000,13000,16000,18000,20000,21000,25000,28000,29000,67811,1537,6300.0,7150.73436538626,15.018099002190866,29446.318045000226,326.1908834849803
1693957087,415,,Aggregated,14.100000,1.000000,6300,9900,12000,13000,16000,18000,20000,21000,25000,28000,29000,67827,1537,6300.0,7153.369428076205,15.018099002190866,29446.318045000226,326.1832750969378
1693957088,415,,Aggregated,14.300000,0.900000,6300,9900,12000,13000,16000,18000,20000,21000,25000,28000,29000,67848,1538,6300.0,7156.782526428748,15.018099002190866,29446.318045000226,326.1943167079354
1693957090,415,,Aggregated,13.900000,0.900000,6400,9900,12000,13000,16000,18000,20000,21000,25000,28000,29000,67859,1539,6400.0,7158.588366643786,15.018099002190866,29446.318045000226,326.210126880738
1693957091,415,,Aggregated,14.600000,0.700000,6400,9900,12000,13000,16000,18000,20000,21000,25000,28000,29000,67880,1541,6400.0,7161.984036262677,15.018099002190866,29446.318045000226,326.24222156747203
1693957092,415,,Aggregated,14.600000,0.700000,6400,9900,12000,13000,16000,18000,20000,21000,25000,28000,29000,67896,1541,6400.0,7164.787576978801,15.018099002190866,29446.318045000226,326.234564628255
1693957093,415,,Aggregated,14.800000,1.000000,6400,9900,12000,13000,16000,18000,20000,21000,25000,28000,29000,67918,1543,6400.0,7168.214264663825,15.018099002190866,29446.318045000226,326.2661886392414
1693957094,415,,Aggregated,14.400000,0.800000,6400,9900,12000,13000,16000,18000,20000,21000,25000,28000,29000,67941,1544,6400.0,7172.054590015159,15.018099002190866,29446.318045000226,326.27623967854464
1693957095,415,,Aggregated,14.700000,0.800000,6400,9900,12000,13000,16000,18000,20000,21000,25000,28000,29000,67957,1544,6400.0,7175.014361247802,15.018099002190866,29446.318045000226,326.2686110334476
1693957096,415,,Aggregated,15.700000,0.800000,6400,9900,12000,13000,16000,18000,20000,21000,25000,28000,29000,67975,1544,6400.0,7178.191375087751,15.018099002190866,29446.318045000226,326.2600073556455
1693957097,415,,Aggregated,16.500000,0.800000,6400,9900,12000,13000,16000,18000,20000,21000,25000,28000,29000,67990,1546,6400.0,7180.7241326756275,15.018099002190866,29446.318045000226,326.2948963082806
1693957098,415,,Aggregated,16.300000,0.800000,6400,9900,12000,13000,16000,18000,20000,21000,25000,28000,29000,68000,1546,6400.0,7182.362814760189,15.018099002190866,29446.318045000226,326.2901029411765
1693957099,415,,Aggregated,17.000000,0.800000,6400,9900,12000,13000,16000,18000,20000,21000,25000,29000,29000,68020,1549,6400.0,7185.9057665466335,15.018099002190866,29446.318045000226,326.3436342252279
1693957100,415,,Aggregated,16.500000,0.900000,6400,9900,12000,13000,16000,18000,20000,22000,25000,29000,29000,68037,1549,6400.0,7189.070793627966,15.018099002190866,29446.318045000226,326.33544982876964
1693957101,415,,Aggregated,16.200000,0.900000,6400,9900,12000,13000,16000,18000,20000,22000,25000,29000,29000,68052,1549,6400.0,7191.711941854037,15.018099002190866,29446.318045000226,326.3283224592958
1693957102,415,,Aggregated,16.800000,1.000000,6400,9900,12000,13000,16000,18000,20000,22000,25000,29000,29000,68066,1549,6400.0,7194.05226277789,15.018099002190866,29446.318045000226,326.3216143155173
1693957103,415,,Aggregated,16.300000,0.800000,6400,9900,12000,13000,16000,18000,20000,22000,25000,29000,29000,68075,1550,6400.0,7195.709399772718,15.018099002190866,29446.318045000226,326.33827396254134
1693957104,415,,Aggregated,15.800000,0.800000,6400,9900,12000,13000,16000,18000,20000,22000,25000,29000,29000,68089,1551,6400.0,7197.993300713385,15.018099002190866,29446.318045000226,326.35261202249995
1693957105,415,,Aggregated,15.000000,0.700000,6400,9900,12000,13000,16000,18000,20000,22000,25000,29000,29000,68110,1552,6400.0,7201.823874946436,15.018099002190866,29446.318045000226,326.36358831302306
1693957106,415,,Aggregated,14.500000,0.700000,6400,10000,12000,13000,16000,18000,20000,22000,25000,29000,30000,68134,1553,6400.0,7206.029845704844,15.018099002190866,29845.074357999692,326.3730589720257
1693957108,415,,Aggregated,14.900000,0.800000,6400,10000,12000,13000,16000,18000,20000,22000,25000,29000,30000,68149,1553,6400.0,7208.766236028199,15.018099002190866,29845.074357999692,326.36590412185063
1693957109,415,,Aggregated,14.900000,0.800000,6400,10000,12000,13000,16000,18000,20000,22000,25000,29000,30000,68164,1553,6400.0,7211.432646674926,15.018099002190866,29845.074357999692,326.35870840913094
1693957110,415,,Aggregated,15.300000,0.700000,6400,10000,12000,13000,16000,18000,20000,22000,25000,29000,30000,68176,1554,6400.0,7213.361529208059,15.018099002190866,29845.074357999692,326.3739439098803
1693957111,415,,Aggregated,15.300000,0.600000,6400,10000,12000,13000,16000,18000,20000,22000,25000,29000,30000,68188,1554,6400.0,7215.272050560724,15.018099002190866,29845.074357999692,326.3682319469701
1693957112,415,,Aggregated,14.700000,0.500000,6400,10000,12000,13000,16000,18000,20000,22000,25000,29000,30000,68203,1555,6400.0,7217.719739114533,15.018099002190866,29845.074357999692,326.3820653050452
1693957113,415,,Aggregated,14.200000,0.500000,6400,10000,12000,13000,16000,18000,20000,22000,25000,29000,30000,68221,1556,6400.0,7220.559965213358,15.018099002190866,29845.074357999692,326.39440934609576
1693957114,415,,Aggregated,14.300000,0.600000,6400,10000,12000,13000,16000,18000,20000,22000,25000,29000,30000,68241,1557,6400.0,7223.892595322529,15.018099002190866,29845.074357999692,326.40579710144925
1693957115,415,,Aggregated,15.200000,0.600000,6400,10000,12000,13000,16000,18000,20000,22000,25000,29000,30000,68255,1557,6400.0,7226.106286808683,15.018099002190866,29845.074357999692,326.3991502454033
1693957116,415,,Aggregated,15.400000,0.700000,6400,10000,12000,13000,16000,18000,20000,22000,25000,29000,30000,68270,1557,6400.0,7228.787184494196,15.018099002190866,29845.074357999692,326.391973048191
1693957117,415,,Aggregated,15.100000,0.600000,6400,10000,12000,13000,16000,18000,20000,22000,25000,29000,30000,68283,1557,6400.0,7230.923708882325,15.018099002190866,29845.074357999692,326.3857914854356
1693957118,415,,Aggregated,14.900000,0.500000,6400,10000,12000,13000,16000,18000,20000,22000,25000,29000,30000,68305,1558,6400.0,7234.656091580551,15.018099002190866,29845.074357999692,326.3961789034478
1693957119,415,,Aggregated,14.100000,0.400000,6400,10000,12000,13000,16000,18000,20000,22000,25000,29000,30000,68321,1559,6400.0,7237.344966459531,15.018099002190866,29845.074357999692,326.40943487361136
1693957120,415,,Aggregated,14.200000,0.400000,6400,10000,12000,13000,16000,18000,20000,22000,25000,29000,30000,68344,1559,6400.0,7241.750701693942,15.018099002190866,29845.074357999692,326.39842561161186
1693957121,415,,Aggregated,14.900000,0.500000,6400,10000,12000,13000,16000,18000,20000,22000,25000,29000,30000,68364,1560,6400.0,7245.0942031154955,15.018099002190866,29845.074357999692,326.40983558598094
1693957122,415,,Aggregated,15.500000,0.500000,6400,10000,12000,13000,16000,18000,20000,22000,25000,29000,30000,68373,1560,6400.0,7246.879449082485,15.018099002190866,29845.074357999692,326.4055548242727
1693957123,415,,Aggregated,16.500000,0.500000,6400,10000,12000,13000,16000,18000,20000,22000,25000,29000,30000,68389,1564,6400.0,7249.344998158136,15.018099002190866,29845.074357999692,326.48158329555923
1693957125,415,,Aggregated,17.200000,0.500000,6400,10000,12000,13000,16000,18000,20000,22000,25000,29000,30000,68411,1564,6400.0,7253.148167478004,15.018099002190866,29845.074357999692,326.4710938299396
1693957126,415,,Aggregated,15.500000,0.700000,6400,10000,12000,13000,16000,18000,20000,22000,25000,29000,30000,68430,1565,6400.0,7256.51244005497,15.018099002190866,29845.074357999692,326.48290223586145
1693957127,415,,Aggregated,16.500000,0.700000,6400,10000,12000,13000,16000,18000,20000,22000,25000,29000,30000,68448,1568,6400.0,7259.494732572062,15.018099002190866,29845.074357999692,326.5370061944834
1693957128,420,,Aggregated,16.500000,0.800000,6400,10000,12000,13000,16000,18000,20000,22000,25000,29000,30000,68477,1569,6400.0,7263.970166143807,15.018099002190866,29845.074357999692,326.54402208040653
1693957129,420,,Aggregated,16.500000,0.900000,6400,10000,12000,13000,16000,18000,20000,22000,25000,29000,30000,68490,1571,6400.0,7265.668191836172,15.018099002190866,29845.074357999692,326.5795736603884
1693957130,420,,Aggregated,18.300000,1.200000,6500,10000,12000,13000,16000,18000,20000,22000,25000,29000,30000,68507,1571,6500.0,7268.5253788579885,15.018099002190866,29845.074357999692,326.57140146262424
1693957131,420,,Aggregated,17.400000,1.200000,6500,10000,12000,13000,16000,18000,20000,22000,25000,29000,30000,68528,1572,6500.0,7271.971703027686,15.018099002190866,29845.074357999692,326.5821853840766
1693957132,420,,Aggregated,16.900000,1.200000,6500,10000,12000,13000,16000,18000,20000,22000,25000,29000,30000,68540,1574,6500.0,7273.717781376996,15.018099002190866,29845.074357999692,326.6181937554713
1693957133,420,,Aggregated,17.300000,1.300000,6500,10000,12000,13000,16000,18000,20000,22000,25000,29000,30000,68554,1574,6500.0,7275.841387147349,15.018099002190866,29845.074357999692,326.6114741663506
1693957134,420,,Aggregated,16.700000,1.400000,6500,10000,12000,13000,16000,18000,20000,22000,26000,29000,30000,68572,1574,6500.0,7278.564209139231,15.018099002190866,29845.074357999692,326.6027824768127
1693957135,420,,Aggregated,17.100000,1.400000,6500,10000,12000,13000,16000,18000,20000,22000,26000,29000,30000,68587,1575,6500.0,7280.714025413684,15.018099002190866,29845.074357999692,326.61647250936767
1693957136,420,,Aggregated,17.300000,1.000000,6500,10000,12000,13000,16000,18000,20000,22000,26000,29000,30000,68608,1575,6500.0,7283.842381519012,15.018099002190866,29845.074357999692,326.6064453125
1693957137,420,,Aggregated,16.700000,1.000000,6500,10000,12000,13000,16000,18000,20000,22000,26000,29000,30000,68622,1575,6500.0,7285.828876238049,15.018099002190866,29845.074357999692,326.59976392410596
1693957138,420,,Aggregated,16.700000,1.000000,6500,10000,12000,13000,16000,18000,20000,22000,26000,29000,30000,68637,1578,6500.0,7288.124139303662,15.018099002190866,29845.074357999692,326.6551277008028
1693957139,420,,Aggregated,17.500000,0.900000,6500,10000,12000,13000,16000,18000,20000,22000,26000,29000,30000,68653,1578,6500.0,7290.479201940169,15.018099002190866,29845.074357999692,326.6475172243019
1693957140,420,,Aggregated,15.300000,0.700000,6500,10000,12000,13000,16000,18000,20000,22000,26000,29000,30000,68662,1578,6500.0,7291.772878251688,15.018099002190866,29845.074357999692,326.6432378899537
1693957142,420,,Aggregated,15.400000,0.800000,6500,10000,12000,13000,16000,18000,20000,22000,26000,29000,30000,68682,1580,6500.0,7294.478496944618,15.018099002190866,29845.074357999692,326.67535890043973
1693957143,420,,Aggregated,14.000000,0.600000,6500,10000,12000,13000,16000,18000,20000,22000,26000,29000,30000,68703,1580,6500.0,7297.84799822305,15.018099002190866,29845.074357999692,326.6652984585826
1693957144,420,,Aggregated,14.600000,0.600000,6500,10000,12000,13000,16000,18000,20000,22000,26000,29000,30000,68714,1580,6500.0,7299.549092475134,15.018099002190866,29845.074357999692,326.6600692726373
1693957145,420,,Aggregated,15.800000,0.600000,6500,10000,12000,13000,16000,18000,20000,22000,26000,29000,30000,68728,1581,6500.0,7301.612181023854,15.018099002190866,29845.074357999692,326.6742084739844
1693957146,420,,Aggregated,15.100000,0.600000,6500,10000,12000,13000,16000,18000,20000,22000,26000,29000,30000,68740,1581,6500.0,7303.749727596588,15.018099002190866,29845.074357999692,326.6684899621763
1693957147,420,,Aggregated,14.900000,0.700000,6500,10000,12000,13000,16000,18000,20000,22000,26000,29000,30000,68758,1581,6500.0,7306.589293537996,15.018099002190866,29845.074357999692,326.6598941214113
1693957148,420,,Aggregated,13.800000,0.600000,6500,10000,12000,13000,16000,18000,20000,22000,26000,29000,30000,68770,1582,6500.0,7308.73922649111,15.018099002190866,29845.074357999692,326.674960011633
1693957149,420,,Aggregated,13.800000,0.600000,6500,10000,12000,13000,16000,18000,20000,22000,26000,29000,30000,68787,1584,6500.0,7311.6882428403105,15.018099002190866,29845.074357999692,326.7083460537602
1693957150,420,,Aggregated,14.000000,0.600000,6500,10000,12000,13000,16000,18000,20000,22000,26000,29000,30000,68802,1585,6500.0,7314.439112709288,15.018099002190866,29845.074357999692,326.7219557571001
1693957151,420,,Aggregated,13.900000,0.400000,6500,10000,12000,13000,16000,18000,20000,22000,26000,29000,30000,68816,1588,6500.0,7316.729446229501,15.018099002190866,29845.074357999692,326.7776098581725
1693957152,420,,Aggregated,14.200000,0.600000,6500,10000,12000,13000,16000,18000,20000,22000,26000,29000,30000,68832,1588,6500.0,7319.494576181868,15.018099002190866,29845.074357999692,326.76993258949324
1693957153,420,,Aggregated,14.700000,0.800000,6500,10000,12000,13000,16000,18000,20000,22000,26000,29000,30000,68848,1588,6500.0,7322.125449328003,15.018099002190866,29845.074357999692,326.7622734138973
1693957154,420,,Aggregated,14.000000,0.800000,6500,10000,12000,13000,16000,18000,20000,22000,26000,29000,30000,68871,1589,6500.0,7326.080342729119,15.018099002190866,29845.074357999692,326.77202305760045
1693957155,420,,Aggregated,13.200000,0.800000,6500,10000,12000,13000,16000,18000,20000,22000,26000,29000,30000,68894,1590,6500.0,7330.055306737193,15.018099002190866,29845.074357999692,326.7817807065927
1693957156,420,,Aggregated,14.000000,0.800000,6500,10000,12000,14000,16000,18000,20000,22000,26000,29000,30000,68917,1591,6500.0,7333.980609787327,15.018099002190866,29845.074357999692,326.7914883120275
1693957157,420,,Aggregated,14.900000,0.800000,6500,10000,12000,14000,16000,18000,20000,22000,26000,29000,30000,68928,1591,6500.0,7335.948470362904,15.018099002190866,29845.074357999692,326.78622620705664
1693957159,420,,Aggregated,16.500000,0.900000,6500,10000,12000,14000,16000,18000,20000,22000,26000,29000,30000,68944,1591,6500.0,7338.9563220645205,15.018099002190866,29845.074357999692,326.7786029241123
1693957160,420,,Aggregated,16.200000,0.900000,6500,10000,12000,14000,16000,18000,20000,22000,26000,29000,30000,68953,1591,6500.0,7340.680612353448,15.018099002190866,29845.074357999692,326.7742375241106
1693957161,420,,Aggregated,16.500000,0.900000,6500,10000,12000,14000,16000,18000,20000,22000,26000,29000,30000,68968,1591,6500.0,7343.494753281976,15.018099002190866,29845.074357999692,326.76710938406217
1693957162,420,,Aggregated,15.700000,0.700000,6500,10000,12000,14000,16000,18000,20000,22000,26000,29000,31000,68981,1591,6500.0,7346.05918208494,15.018099002190866,30663.81518599883,326.76089068004234
1693957163,420,,Aggregated,15.800000,0.500000,6500,10000,12000,14000,16000,18000,20000,22000,26000,29000,31000,68996,1593,6500.0,7348.66942199154,15.018099002190866,30663.81518599883,326.7952200127544
1693957164,420,,Aggregated,15.800000,0.300000,6500,10000,12000,14000,16000,18000,21000,22000,26000,29000,31000,69015,1594,6500.0,7352.232821255151,15.018099002190866,30663.81518599883,326.80689705136564
1693957165,420,,Aggregated,15.800000,0.500000,6500,10000,12000,14000,16000,18000,21000,22000,26000,29000,31000,69032,1594,6500.0,7355.15210350293,15.018099002190866,30663.81518599883,326.79873102329356
1693957166,420,,Aggregated,15.600000,0.500000,6500,10000,12000,14000,16000,18000,21000,22000,26000,29000,31000,69046,1594,6500.0,7357.888284634204,15.018099002190866,30663.81518599883,326.7920661587927
1693957167,420,,Aggregated,14.900000,0.500000,6500,10000,12000,14000,16000,18000,21000,22000,26000,29000,31000,69061,1594,6500.0,7360.571113426888,15.018099002190866,30663.81518599883,326.78484238571696
1693957168,420,,Aggregated,14.000000,0.400000,6500,10000,12000,14000,16000,18000,21000,22000,26000,29000,31000,69079,1595,6500.0,7363.94002072209,15.018099002190866,30663.81518599883,326.7968992023625
1693957169,420,,Aggregated,13.900000,0.300000,6600,10000,12000,14000,16000,18000,21000,22000,26000,29000,31000,69094,1595,6600.0,7366.852375330552,15.018099002190866,30663.81518599883,326.7897067762758
1693957170,420,,Aggregated,14.300000,0.300000,6600,10000,12000,14000,16000,18000,21000,22000,26000,29000,31000,69111,1597,6600.0,7369.859400050499,15.018099002190866,30663.81518599883,326.8229804227981
1693957171,420,,Aggregated,14.100000,0.400000,6600,10000,12000,14000,16000,18000,21000,22000,26000,29000,31000,69127,1597,6600.0,7372.999578433508,15.018099002190866,30663.81518599883,326.81535434779465
1693957172,420,,Aggregated,15.200000,0.500000,6600,10000,12000,14000,16000,18000,21000,22000,26000,29000,31000,69138,1598,6600.0,7375.233055559259,15.018099002190866,30663.81518599883,326.83075877231045
1693957173,420,,Aggregated,15.100000,0.600000,6600,10000,12000,14000,16000,18000,21000,22000,26000,29000,31000,69160,1600,6600.0,7379.272532182969,15.018099002190866,30663.81518599883,326.8615384615385
1693957174,420,,Aggregated,15.000000,0.600000,6600,10000,12000,14000,16000,18000,21000,22000,26000,29000,31000,69170,1601,6600.0,7380.88708448952,15.018099002190866,30663.81518599883,326.87740349862656
1693957176,420,,Aggregated,15.100000,0.500000,6600,10000,12000,14000,16000,18000,21000,22000,26000,29000,31000,69187,1602,6600.0,7384.096665859251,15.018099002190866,30663.81518599883,326.88996487779497
1693957177,420,,Aggregated,14.500000,0.700000,6600,10000,12000,14000,16000,18000,21000,22000,26000,29000,31000,69206,1603,6600.0,7387.219761361948,15.018099002190866,30663.81518599883,326.9015692281016
1693957178,420,,Aggregated,14.900000,0.800000,6600,10000,12000,14000,16000,18000,21000,22000,26000,29000,31000,69224,1604,6600.0,7390.353331740569,15.018099002190866,30663.81518599883,326.91354154628453
1693957179,420,,Aggregated,14.700000,0.900000,6600,10000,12000,14000,16000,19000,21000,22000,26000,29000,31000,69238,1606,6600.0,7392.696183576304,15.018099002190866,30663.81518599883,326.94813541696755
1693957180,420,,Aggregated,14.800000,1.000000,6600,10000,12000,14000,16000,19000,21000,22000,26000,29000,31000,69259,1607,6600.0,7396.687016661878,15.018099002190866,30663.81518599883,326.9587634820023
1693957181,420,,Aggregated,15.100000,1.000000,6600,10000,12000,14000,16000,19000,21000,22000,26000,29000,31000,69271,1608,6600.0,7398.89776863178,15.018099002190866,30663.81518599883,326.9736975068932
1693957182,420,,Aggregated,14.600000,1.000000,6600,10000,12000,14000,16000,19000,21000,22000,26000,29000,31000,69284,1611,6600.0,7400.990492007072,15.018099002190866,30663.81518599883,327.02938629409385
1693957183,420,,Aggregated,14.800000,1.000000,6600,10000,12000,14000,16000,19000,21000,22000,26000,29000,31000,69298,1613,6600.0,7403.526051985988,15.018099002190866,30663.81518599883,327.0639556697163
1693957184,420,,Aggregated,14.900000,1.300000,6600,10000,12000,14000,16000,19000,21000,22000,26000,29000,31000,69316,1613,6600.0,7407.18652522214,15.018099002190866,30663.81518599883,327.0553119048993
1693957185,420,,Aggregated,14.800000,1.400000,6600,10000,12000,14000,16000,19000,21000,22000,26000,29000,31000,69334,1614,6600.0,7410.2829770633725,15.018099002190866,30663.81518599883,327.0673118527707
1693957186,420,,Aggregated,14.500000,1.300000,6600,10000,12000,14000,16000,19000,21000,22000,26000,29000,31000,69350,1617,6600.0,7413.0213956785565,15.018099002190866,30663.81518599883,327.1215284787311
1693957187,425,,Aggregated,15.600000,1.300000,6600,10000,12000,14000,16000,19000,21000,22000,26000,29000,31000,69366,1617,6600.0,7416.0148278730185,15.018099002190866,30663.81518599883,327.1138021509097
1693957188,425,,Aggregated,15.300000,1.200000,6600,10000,12000,14000,16000,19000,21000,22000,26000,29000,32000,69391,1619,6600.0,7420.448421010432,15.018099002190866,32026.400164002553,327.14298684267413
1693957189,425,,Aggregated,15.100000,1.400000,6600,10000,12000,14000,17000,19000,21000,22000,26000,29000,32000,69401,1620,6600.0,7422.150478830434,15.018099002190866,32026.400164002553,327.1587585193297
1693957190,425,,Aggregated,15.500000,1.300000,6600,10000,12000,14000,17000,19000,21000,22000,26000,29000,32000,69421,1621,6600.0,7425.645606675703,15.018099002190866,32026.400164002553,327.1697613114187
1693957191,425,,Aggregated,15.600000,1.400000,6600,10000,12000,14000,17000,19000,21000,22000,26000,29000,32000,69439,1622,6600.0,7429.006845352856,15.018099002190866,32026.400164002553,327.1817422485923
1693957193,425,,Aggregated,15.500000,1.400000,6600,10000,12000,14000,17000,19000,21000,22000,26000,29000,32000,69463,1625,6600.0,7433.326007949037,15.018099002190866,32026.400164002553,327.23200840735353
1693957194,425,,Aggregated,16.000000,1.200000,6600,10000,12000,14000,17000,19000,21000,22000,26000,29000,32000,69492,1625,6600.0,7438.437377581233,15.018099002190866,32026.400164002553,327.21811143728775
1693957195,425,,Aggregated,17.100000,1.300000,6600,10000,12000,14000,17000,19000,21000,22000,26000,29000,32000,69507,1625,6600.0,7440.703838192744,15.018099002190866,32026.400164002553,327.21092839570116
1693957196,425,,Aggregated,18.400000,1.200000,6600,10000,12000,14000,17000,19000,21000,22000,26000,29000,32000,69525,1625,6600.0,7443.410858545388,15.018099002190866,32026.400164002553,327.2022869471413
1693957197,425,,Aggregated,17.800000,1.100000,6600,10000,12000,14000,17000,19000,21000,22000,26000,29000,32000,69545,1628,6600.0,7446.2412750561225,15.018099002190866,32026.400164002553,327.2543389172478
1693957198,425,,Aggregated,18.100000,1.100000,6600,10000,12000,14000,17000,19000,21000,22000,26000,29000,32000,69554,1628,6600.0,7447.530384454885,15.018099002190866,32026.400164002553,327.25002156597753
1693957199,425,,Aggregated,18.100000,0.900000,6600,10000,12000,14000,17000,19000,21000,22000,26000,29000,32000,69573,1630,6600.0,7450.201797945916,15.018099002190866,32026.400164002553,327.2819915771923
1693957200,425,,Aggregated,17.800000,1.100000,6600,10000,12000,14000,17000,19000,21000,22000,26000,29000,32000,69591,1630,6600.0,7452.969725210606,15.018099002190866,32026.400164002553,327.2732968343608
1693957201,425,,Aggregated,17.400000,1.000000,6600,10000,12000,14000,17000,19000,21000,22000,26000,29000,32000,69597,1631,6600.0,7453.916694326756,15.018099002190866,32026.400164002553,327.2909608172766
1693957202,425,,Aggregated,17.600000,0.900000,6600,10000,12000,14000,17000,19000,21000,22000,26000,29000,32000,69619,1631,6600.0,7457.646664228133,15.018099002190866,32026.400164002553,327.2804119565061
1693957203,425,,Aggregated,17.300000,1.000000,6600,10000,12000,14000,17000,19000,21000,22000,26000,29000,32000,69633,1631,6600.0,7459.935774216283,15.018099002190866,32026.400164002553,327.27367771028105
1693957204,425,,Aggregated,17.000000,0.900000,6600,10000,12000,14000,17000,19000,21000,22000,26000,29000,32000,69648,1631,6600.0,7462.483329046612,15.018099002190866,32026.400164002553,327.26648288536643
1693957205,425,,Aggregated,16.500000,0.600000,6600,10000,12000,14000,17000,19000,21000,22000,26000,29000,32000,69668,1632,6600.0,7466.190657879663,15.018099002190866,32026.400164002553,327.2773296204857
1693957206,425,,Aggregated,15.000000,0.600000,6600,10000,12000,14000,17000,19000,21000,22000,26000,29000,32000,69681,1633,6600.0,7468.284607819051,15.018099002190866,32026.400164002553,327.2916146438771
1693957207,425,,Aggregated,14.900000,0.600000,6700,10000,12000,14000,17000,19000,21000,22000,26000,29000,32000,69694,1633,6700.0,7470.403668433986,15.018099002190866,32026.400164002553,327.2853186787959
1693957208,425,,Aggregated,14.900000,0.700000,6700,10000,12000,14000,17000,19000,21000,22000,26000,29000,32000,69704,1634,6700.0,7472.150201355692,15.018099002190866,32026.400164002553,327.3010300700103
1693957210,425,,Aggregated,14.800000,0.700000,6700,10000,12000,14000,17000,19000,21000,22000,26000,29000,32000,69719,1635,6700.0,7474.430654496237,15.018099002190866,32026.400164002553,327.31434759534704
1693957211,425,,Aggregated,14.300000,0.500000,6700,10000,12000,14000,17000,19000,21000,22000,26000,29000,32000,69739,1636,6700.0,7477.4338919843,15.018099002190866,32026.400164002553,327.32526993504354
1693957212,425,,Aggregated,13.700000,0.500000,6700,10000,13000,14000,17000,19000,21000,22000,26000,29000,32000,69757,1638,6700.0,7480.200510792239,15.018099002190866,32026.400164002553,327.3576271915363
1693957213,425,,Aggregated,14.500000,0.500000,6700,10000,13000,14000,17000,19000,21000,22000,26000,29000,32000,69777,1639,6700.0,7483.35048185851,15.018099002190866,32026.400164002553,327.3685025151554
1693957214,425,,Aggregated,14.400000,0.600000,6700,10000,13000,14000,17000,19000,21000,22000,26000,29000,32000,69792,1640,6700.0,7485.6595262576975,15.018099002190866,32026.400164002553,327.3817916093535
1693957215,425,,Aggregated,14.900000,0.800000,6700,10000,13000,14000,17000,19000,21000,22000,26000,29000,32000,69802,1642,6700.0,7487.132330552065,15.018099002190866,32026.400164002553,327.41793931405977
1693957216,425,,Aggregated,15.200000,0.900000,6700,10000,13000,14000,17000,19000,21000,22000,26000,29000,32000,69819,1642,6700.0,7489.739910787152,15.018099002190866,32026.400164002553,327.40973087554966
1693957217,425,,Aggregated,14.700000,1.100000,6700,10000,13000,14000,17000,19000,21000,22000,26000,29000,32000,69843,1644,6700.0,7493.990657837652,15.018099002190866,32026.400164002553,327.4390991223172
1693957218,425,,Aggregated,14.100000,1.000000,6700,10000,13000,14000,17000,19000,21000,22000,26000,29000,32000,69858,1645,6700.0,7496.460500366588,15.018099002190866,32026.400164002553,327.4523605027341
1693957219,425,,Aggregated,14.900000,1.100000,6700,10000,13000,14000,17000,19000,21000,22000,26000,29000,32000,69874,1645,6700.0,7499.085646553425,15.018099002190866,32026.400164002553,327.4446432149297
1693957220,425,,Aggregated,15.900000,1.200000,6700,10000,13000,14000,17000,19000,21000,22000,26000,29000,32000,69888,1645,6700.0,7501.69110012603,15.018099002190866,32026.400164002553,327.4378720238095
1693957221,425,,Aggregated,16.400000,1.100000,6700,10000,13000,14000,17000,19000,21000,22000,26000,29000,32000,69903,1646,6700.0,7504.193891495043,15.018099002190866,32026.400164002553,327.4511394360757
1693957222,425,,Aggregated,16.000000,1.000000,6700,10000,13000,14000,17000,19000,21000,22000,26000,29000,32000,69916,1647,6700.0,7506.582403212928,15.018099002190866,32026.400164002553,327.4653584301161
1693957223,425,,Aggregated,15.500000,1.000000,6700,10000,13000,14000,17000,19000,21000,22000,26000,29000,32000,69931,1648,6700.0,7509.126279697689,15.018099002190866,32026.400164002553,327.4786003346155
1693957224,425,,Aggregated,15.400000,0.900000,6700,10000,13000,14000,17000,19000,21000,22000,26000,29000,32000,69947,1649,6700.0,7512.30926599817,15.018099002190866,32026.400164002553,327.4913434457518
1693957225,425,,Aggregated,14.100000,0.800000,6700,10000,13000,14000,17000,19000,21000,22000,26000,29000,32000,69959,1649,6700.0,7514.828637931817,15.018099002190866,32026.400164002553,327.4855701196415
1693957227,425,,Aggregated,14.400000,0.800000,6700,10000,13000,14000,17000,19000,21000,22000,26000,29000,32000,69971,1649,6700.0,7516.870643499665,15.018099002190866,32026.400164002553,327.4797987737777
1693957228,425,,Aggregated,14.800000,0.700000,6700,10000,13000,14000,17000,19000,21000,22000,26000,29000,32000,69987,1650,6700.0,7519.994350500023,15.018099002190866,32026.400164002553,327.4925486161716
1693957229,425,,Aggregated,13.800000,0.500000,6700,10000,13000,14000,17000,19000,21000,22000,26000,29000,32000,70001,1652,6700.0,7522.7423059820585,15.018099002190866,32026.400164002553,327.52666390480135
1693957230,425,,Aggregated,13.200000,0.500000,6700,10000,13000,14000,17000,19000,21000,22000,26000,29000,32000,70018,1653,6700.0,7525.932287961667,15.018099002190866,32026.400164002553,327.5388757176726
1693957231,425,,Aggregated,13.200000,0.700000,6700,10000,13000,14000,17000,19000,21000,22000,26000,29000,32000,70033,1653,6700.0,7529.113795430626,15.018099002190866,32026.400164002553,327.5315779703854
1693957232,425,,Aggregated,13.600000,0.800000,6700,10000,13000,14000,17000,19000,21000,22000,26000,29000,32000,70051,1655,6700.0,7532.408804750311,15.018099002190866,32026.400164002553,327.5637035873863
1693957233,425,,Aggregated,13.600000,0.700000,6700,10000,13000,14000,17000,19000,21000,22000,26000,29000,32000,70071,1656,6700.0,7536.426003399794,15.018099002190866,32026.400164002553,327.5744744616175
1693957234,425,,Aggregated,14.200000,0.900000,6700,10000,13000,14000,17000,19000,21000,23000,26000,29000,32000,70088,1656,6700.0,7539.7080790672735,15.018099002190866,32026.400164002553,327.56625955941104
1693957235,425,,Aggregated,14.800000,0.800000,6700,10000,13000,14000,17000,19000,21000,23000,26000,29000,32000,70104,1657,6700.0,7542.715671291682,15.018099002190866,32026.400164002553,327.57895412529956
1693957236,425,,Aggregated,14.400000,0.800000,6700,10000,13000,14000,17000,19000,21000,23000,27000,29000,32000,70119,1659,6700.0,7545.62061131689,15.018099002190866,32026.400164002553,327.61253012735494
1693957237,425,,Aggregated,14.600000,0.800000,6700,10000,13000,14000,17000,19000,21000,23000,27000,29000,32000,70132,1659,6700.0,7548.26679260573,15.018099002190866,32026.400164002553,327.6062425141162
1693957238,425,,Aggregated,15.200000,0.900000,6700,10000,13000,14000,17000,19000,21000,23000,27000,29000,32000,70147,1659,6700.0,7551.061557612017,15.018099002190866,32026.400164002553,327.59901350022096
1693957239,425,,Aggregated,15.400000,1.000000,6700,10000,13000,14000,17000,19000,21000,23000,27000,29000,32000,70162,1660,6700.0,7553.698006181554,15.018099002190866,32026.400164002553,327.61215472763035
1693957240,425,,Aggregated,15.200000,0.900000,6700,10000,13000,14000,17000,19000,21000,23000,27000,29000,32000,70175,1661,6700.0,7555.885408011273,15.018099002190866,32026.400164002553,327.6262486640542
1693957241,425,,Aggregated,15.700000,0.700000,6700,10000,13000,14000,17000,19000,21000,23000,27000,29000,32000,70180,1661,6700.0,7557.050466903065,15.018099002190866,32026.400164002553,327.6238529495583
1693957242,425,,Aggregated,14.900000,0.700000,6700,10000,13000,14000,17000,19000,21000,23000,27000,29000,32000,70204,1663,6700.0,7561.766351855494,15.018099002190866,32026.400164002553,327.65303971283686
1693957243,425,,Aggregated,14.500000,0.800000,6700,10000,13000,14000,17000,19000,21000,23000,27000,29000,32000,70220,1665,6700.0,7564.689233944848,15.018099002190866,32026.400164002553,327.68607234406153
1693957245,425,,Aggregated,13.900000,0.800000,6700,10000,13000,14000,17000,19000,21000,23000,27000,30000,32000,70240,1665,6700.0,7569.0969493683115,15.018099002190866,32026.400164002553,327.676423690205
1693957246,425,,Aggregated,14.100000,0.900000,6700,10000,13000,14000,17000,19000,21000,23000,27000,30000,32000,70255,1666,6700.0,7571.943361202095,15.018099002190866,32026.400164002553,327.68954522809764
1693957247,425,,Aggregated,14.100000,0.900000,6700,10000,13000,14000,17000,19000,21000,23000,27000,30000,32000,70276,1668,6700.0,7576.199882529077,15.018099002190866,32026.400164002553,327.72013205077127
1693957248,430,,Aggregated,14.200000,0.800000,6700,10000,13000,14000,17000,19000,21000,23000,27000,30000,32000,70294,1669,6700.0,7579.88830759017,15.018099002190866,32026.400164002553,327.7318121034512
1693957249,430,,Aggregated,15.100000,0.900000,6700,10000,13000,14000,17000,19000,21000,23000,27000,30000,32000,70310,1669,6700.0,7583.216316475984,15.018099002190866,32026.400164002553,327.7240648556393
1693957250,430,,Aggregated,15.100000,0.900000,6700,10000,13000,14000,17000,19000,21000,23000,27000,30000,32000,70317,1669,6700.0,7584.749614387211,15.018099002190866,32026.400164002553,327.72070765248804
1693957251,430,,Aggregated,14.800000,1.000000,6700,10000,13000,14000,17000,19000,21000,23000,27000,30000,32000,70331,1671,6700.0,7587.532446301754,15.018099002190866,32026.400164002553,327.7545890148014
1693957252,430,,Aggregated,15.000000,0.900000,6800,10000,13000,14000,17000,19000,21000,23000,27000,30000,32000,70350,1672,6800.0,7591.366804761616,15.018099002190866,32026.400164002553,327.76577114427863
1693957253,430,,Aggregated,14.900000,0.900000,6800,10000,13000,14000,17000,19000,21000,23000,27000,30000,32000,70364,1673,6800.0,7593.943800466029,15.018099002190866,32026.400164002553,327.7793473935535
1693957254,430,,Aggregated,15.700000,1.000000,6800,10000,13000,14000,17000,19000,21000,23000,27000,30000,32000,70376,1673,6800.0,7596.701056471389,15.018099002190866,32026.400164002553,327.77358758667725
1693957255,430,,Aggregated,15.100000,0.900000,6800,10000,13000,14000,17000,19000,21000,23000,27000,30000,32000,70386,1674,6800.0,7598.618257207121,15.018099002190866,32026.400164002553,327.7890773733413
1693957256,430,,Aggregated,14.800000,0.800000,6800,10000,13000,14000,17000,19000,21000,23000,27000,30000,32000,70401,1677,6800.0,7601.289703863899,15.018099002190866,32026.400164002553,327.8427721197142
1693957257,430,,Aggregated,14.300000,0.900000,6800,10000,13000,14000,17000,19000,21000,23000,27000,30000,32000,70418,1677,6800.0,7604.890266242854,15.018099002190866,32026.400164002553,327.83458774745094
1693957258,430,,Aggregated,13.500000,0.900000,6800,10000,13000,14000,17000,19000,21000,23000,27000,30000,32000,70455,1680,6800.0,7611.628600950115,15.018099002190866,32026.400164002553,327.87763820878575
1693957259,430,,Aggregated,12.700000,0.900000,6800,10000,13000,14000,17000,19000,21000,23000,27000,30000,32000,70478,1680,6800.0,7615.668629173578,15.018099002190866,32026.400164002553,327.86651153551463
1693957261,430,,Aggregated,13.100000,1.000000,6800,10000,13000,14000,17000,19000,21000,23000,27000,30000,32000,70502,1681,6800.0,7619.697290536546,15.018099002190866,32026.400164002553,327.8752375819126
1693957262,430,,Aggregated,16.400000,1.100000,6800,10000,13000,14000,17000,19000,21000,23000,27000,30000,32000,70519,1681,6800.0,7622.722744769161,15.018099002190866,32026.400164002553,327.867014563451
1693957263,430,,Aggregated,16.400000,1.100000,6800,10000,13000,14000,17000,19000,21000,23000,27000,30000,32000,70533,1682,6800.0,7624.788025620838,15.018099002190866,32026.400164002553,327.8805098322771
1693957264,430,,Aggregated,17.800000,1.000000,6800,10000,13000,14000,17000,19000,21000,23000,27000,30000,32000,70549,1685,6800.0,7627.001737776204,15.018099002190866,32026.400164002553,327.93359225502843
1693957265,430,,Aggregated,17.800000,1.000000,6800,10000,13000,14000,17000,19000,21000,23000,27000,30000,32000,70567,1688,6800.0,7630.045264934494,15.018099002190866,32026.400164002553,327.985673190018
1693957266,430,,Aggregated,17.700000,1.100000,6800,10000,13000,14000,17000,19000,21000,23000,27000,30000,32000,70588,1689,6800.0,7633.43154789214,15.018099002190866,32026.400164002553,327.9957499858333
1693957267,430,,Aggregated,18.400000,1.300000,6800,10000,13000,14000,17000,19000,21000,23000,27000,30000,32000,70599,1689,6800.0,7635.477041035431,15.018099002190866,32026.400164002553,327.9904389580589
1693957268,430,,Aggregated,19.400000,1.400000,6800,11000,13000,14000,17000,19000,21000,23000,27000,30000,32000,70625,1691,6800.0,7639.704451304696,15.018099002190866,32026.400164002553,328.01837876106197
1693957269,430,,Aggregated,19.000000,1.200000,6800,11000,13000,14000,17000,19000,21000,23000,27000,30000,32000,70637,1691,6800.0,7641.42444031022,15.018099002190866,32026.400164002553,328.01251468776985
1693957270,430,,Aggregated,18.900000,1.100000,6800,11000,13000,14000,17000,19000,21000,23000,27000,30000,32000,70653,1692,6800.0,7643.975776176273,15.018099002190866,32026.400164002553,328.02496709269246
1693957271,430,,Aggregated,17.500000,1.100000,6800,11000,13000,14000,17000,19000,21000,23000,27000,30000,32000,70673,1693,6800.0,7647.3694840826265,15.018099002190866,32026.400164002553,328.035515684915
1693957272,430,,Aggregated,17.000000,1.100000,6800,11000,13000,14000,17000,19000,21000,23000,27000,30000,32000,70683,1693,6800.0,7649.248990795444,15.018099002190866,32026.400164002553,328.03067215596394
1693957273,430,,Aggregated,15.800000,1.200000,6800,11000,13000,14000,17000,19000,21000,23000,27000,30000,32000,70700,1694,6800.0,7651.860659590428,15.018099002190866,32026.400164002553,328.0427015558699
1693957274,430,,Aggregated,15.700000,1.200000,6800,11000,13000,14000,17000,19000,21000,23000,27000,30000,32000,70713,1696,6800.0,7653.578746325082,15.018099002190866,32026.400164002553,328.07684584164156
1693957275,430,,Aggregated,15.300000,1.100000,6800,11000,13000,14000,17000,19000,21000,23000,27000,30000,32000,70733,1698,6800.0,7657.055142600211,15.018099002190866,32026.400164002553,328.107573551242
1693957276,430,,Aggregated,15.800000,1.100000,6800,11000,13000,14000,17000,19000,21000,23000,27000,30000,32000,70750,1698,6800.0,7660.247893579118,15.018099002190866,32026.400164002553,328.0993356890459
1693957277,430,,Aggregated,15.300000,0.900000,6800,11000,13000,14000,17000,19000,21000,23000,27000,30000,32000,70762,1698,6800.0,7662.227170050885,15.018099002190866,32026.400164002553,328.0934823775473
1693957279,430,,Aggregated,15.700000,0.900000,6800,11000,13000,14000,17000,19000,21000,23000,27000,30000,32000,70778,1700,6800.0,7664.570975435667,15.018099002190866,32026.400164002553,328.1260985051852
1693957280,430,,Aggregated,15.300000,0.900000,6800,11000,13000,14000,17000,19000,21000,23000,27000,30000,32000,70792,1700,6800.0,7667.03446276569,15.018099002190866,32026.400164002553,328.1193213922477
1693957281,430,,Aggregated,14.600000,0.900000,6800,11000,13000,14000,17000,19000,21000,23000,27000,30000,32000,70809,1703,6800.0,7669.598866046123,15.018099002190866,32026.400164002553,328.1716730924035
1693957282,430,,Aggregated,14.000000,0.900000,6800,11000,13000,14000,17000,19000,21000,23000,27000,30000,32000,70825,1704,6800.0,7672.123762936167,15.018099002190866,32026.400164002553,328.18414401694315
1693957283,430,,Aggregated,14.600000,0.900000,6800,11000,13000,14000,17000,19000,21000,23000,27000,30000,32000,70839,1707,6800.0,7674.465738795435,15.018099002190866,32026.400164002553,328.23789155691077
1693957284,430,,Aggregated,14.500000,1.100000,6800,11000,13000,14000,17000,19000,21000,23000,27000,30000,32000,70855,1707,6800.0,7677.045323651127,15.018099002190866,32026.400164002553,328.2301037329758
1693957285,430,,Aggregated,15.000000,1.400000,6800,11000,13000,14000,17000,19000,21000,23000,27000,30000,32000,70874,1708,6800.0,7680.033603048987,15.018099002190866,32026.400164002553,328.2409910545475
1693957286,430,,Aggregated,14.800000,1.200000,6800,11000,13000,14000,17000,19000,21000,23000,27000,30000,32000,70886,1708,6800.0,7682.199332528962,15.018099002190866,32026.400164002553,328.2351098947606
1693957287,430,,Aggregated,14.900000,1.200000,6800,11000,13000,14000,17000,19000,21000,23000,27000,30000,32000,70898,1708,6800.0,7684.161103578506,15.018099002190866,32026.400164002553,328.22925893537194
1693957288,430,,Aggregated,14.400000,1.000000,6800,11000,13000,14000,17000,19000,21000,23000,27000,30000,32000,70915,1710,6800.0,7687.016847864174,15.018099002190866,32026.400164002553,328.26132694070367
1693957289,430,,Aggregated,14.500000,1.000000,6800,11000,13000,14000,17000,19000,22000,23000,27000,30000,32000,70940,1712,6800.0,7691.282751359797,15.018099002190866,32026.400164002553,328.28949816746547
1693957290,430,,Aggregated,14.200000,1.000000,6800,11000,13000,14000,17000,19000,22000,23000,27000,30000,32000,70951,1713,6800.0,7693.182087228536,15.018099002190866,32026.400164002553,328.3043227015828
1693957291,430,,Aggregated,15.000000,1.200000,6800,11000,13000,14000,17000,19000,22000,23000,27000,30000,32000,70974,1713,6800.0,7697.022437083762,15.018099002190866,32026.400164002553,328.2931777834136
1693957292,430,,Aggregated,15.400000,1.200000,6800,11000,13000,14000,17000,19000,22000,23000,27000,30000,32000,70989,1714,6800.0,7699.6503984399,15.018099002190866,32026.400164002553,328.30600515572837
1693957293,430,,Aggregated,15.100000,1.100000,6900,11000,13000,14000,17000,19000,22000,23000,27000,30000,32000,71011,1714,6900.0,7703.356691073342,15.018099002190866,32026.400164002553,328.29530636098633
1693957295,430,,Aggregated,15.600000,1.000000,6900,11000,13000,14000,17000,19000,22000,23000,27000,30000,32000,71031,1714,6900.0,7706.885752276136,15.018099002190866,32026.400164002553,328.28560769241597
1693957296,430,,Aggregated,16.000000,0.700000,6900,11000,13000,14000,17000,19000,22000,23000,27000,30000,32000,71050,1715,6900.0,7710.0231161261545,15.018099002190866,32026.400164002553,328.29652357494723
1693957297,430,,Aggregated,16.500000,0.600000,6900,11000,13000,14000,17000,19000,22000,23000,27000,30000,32000,71065,1716,6900.0,7712.591938300646,15.018099002190866,32026.400164002553,328.30933652290156
1693957298,430,,Aggregated,17.100000,0.700000,6900,11000,13000,14000,17000,19000,22000,23000,27000,31000,35000,71085,1716,6900.0,7715.841768224258,15.018099002190866,34758.623227997305,328.2996412745305
1693957299,430,,Aggregated,16.800000,0.700000,6900,11000,13000,14000,17000,19000,22000,23000,27000,31000,35000,71101,1717,6900.0,7717.805254377173,15.018099002190866,34758.623227997305,328.3120068634759
1693957300,430,,Aggregated,17.600000,0.800000,6900,11000,13000,14000,17000,19000,22000,23000,27000,31000,35000,71118,1718,6900.0,7720.295200268895,15.018099002190866,34758.623227997305,328.3238420652999
1693957301,430,,Aggregated,16.900000,0.400000,6900,11000,13000,14000,17000,19000,22000,23000,27000,31000,35000,71142,1719,6900.0,7724.3686490037535,15.018099002190866,34758.623227997305,328.3322650473701
1693957302,430,,Aggregated,17.100000,0.500000,6900,11000,13000,14000,17000,19000,22000,23000,27000,31000,35000,71157,1722,6900.0,7726.670205221045,15.018099002190866,34758.623227997305,328.38531697513946
1693957303,430,,Aggregated,17.400000,0.500000,6900,11000,13000,14000,17000,19000,22000,23000,27000,31000,35000,71172,1722,6900.0,7729.126167884293,15.018099002190866,34758.623227997305,328.37804192660036
1693957304,430,,Aggregated,17.300000,0.600000,6900,11000,13000,14000,17000,19000,22000,23000,27000,31000,35000,71185,1723,6900.0,7731.22637647445,15.018099002190866,34758.623227997305,328.39178197654
1693957305,430,,Aggregated,17.000000,0.800000,6900,11000,13000,14000,17000,19000,22000,23000,27000,31000,35000,71197,1724,6900.0,7732.886194262228,15.018099002190866,34758.623227997305,328.4060142983553
1693957306,430,,Aggregated,16.500000,0.900000,6900,11000,13000,14000,17000,19000,22000,23000,27000,31000,35000,71210,1724,6900.0,7735.22598647319,15.018099002190866,34758.623227997305,328.39970509759866
1693957307,435,,Aggregated,16.000000,0.900000,6900,11000,13000,14000,17000,19000,22000,23000,27000,31000,35000,71227,1725,6900.0,7738.058252857594,15.018099002190866,34758.623227997305,328.411501256546
1693957308,435,,Aggregated,15.000000,0.900000,6900,11000,13000,14000,17000,19000,22000,23000,27000,31000,35000,71236,1726,6900.0,7739.716196405733,15.018099002190866,34758.623227997305,328.42718569262735
1693957309,435,,Aggregated,15.300000,0.900000,6900,11000,13000,14000,17000,19000,22000,23000,27000,31000,35000,71253,1726,6900.0,7742.8782897809315,15.018099002190866,34758.623227997305,328.41892972927457
1693957310,435,,Aggregated,14.800000,0.900000,6900,11000,13000,14000,17000,19000,22000,23000,27000,31000,35000,71266,1726,6900.0,7745.233682371436,15.018099002190866,34758.623227997305,328.4126371621811
1693957312,435,,Aggregated,14.400000,1.000000,6900,11000,13000,14000,17000,19000,22000,23000,27000,31000,35000,71280,1726,6900.0,7747.650016580735,15.018099002190866,34758.623227997305,328.4058361391695
1693957313,435,,Aggregated,13.500000,0.800000,6900,11000,13000,14000,17000,19000,22000,23000,27000,31000,35000,71289,1726,6900.0,7749.09545182509,15.018099002190866,34758.623227997305,328.4014644615579
1693957314,435,,Aggregated,13.100000,0.600000,6900,11000,13000,14000,17000,19000,22000,23000,27000,31000,35000,71302,1726,6900.0,7751.384047658314,15.018099002190866,34758.623227997305,328.39519228072146
1693957315,435,,Aggregated,12.500000,0.400000,6900,11000,13000,14000,17000,19000,22000,23000,27000,31000,35000,71312,1727,6900.0,7753.275116579019,15.018099002190866,34758.623227997305,328.4104077855059
1693957316,435,,Aggregated,12.500000,0.300000,6900,11000,13000,14000,17000,19000,22000,23000,27000,31000,35000,71330,1727,6900.0,7756.666017932583,15.018099002190866,34758.623227997305,328.40161222487035
1693957317,435,,Aggregated,11.900000,0.400000,6900,11000,13000,14000,17000,19000,22000,23000,27000,31000,35000,71342,1730,6900.0,7758.45126137741,15.018099002190866,34758.623227997305,328.4559305878725
1693957318,435,,Aggregated,12.800000,0.300000,6900,11000,13000,14000,17000,19000,22000,23000,27000,31000,35000,71356,1730,6900.0,7760.904811280288,15.018099002190866,34758.623227997305,328.4491703570828
1693957319,435,,Aggregated,12.200000,0.500000,6900,11000,13000,14000,17000,19000,22000,23000,27000,31000,35000,71373,1733,6900.0,7763.699787653879,15.018099002190866,34758.623227997305,328.5010578229863
1693957320,435,,Aggregated,12.400000,0.500000,6900,11000,13000,14000,17000,19000,22000,23000,27000,31000,35000,71394,1734,6900.0,7767.452188806616,15.018099002190866,34758.623227997305,328.5108552539429
1693957321,435,,Aggregated,12.600000,0.500000,6900,11000,13000,14000,17000,19000,22000,23000,27000,31000,35000,71418,1737,6900.0,7771.318997630057,15.018099002190866,34758.623227997305,328.55918675964045
1693957322,435,,Aggregated,12.800000,0.700000,6900,11000,13000,14000,17000,19000,22000,23000,27000,31000,35000,71426,1737,6900.0,7772.905493449392,15.018099002190866,34758.623227997305,328.5552879903677
1693957323,435,,Aggregated,14.100000,1.000000,6900,11000,13000,14000,17000,19000,22000,23000,27000,31000,35000,71446,1739,6900.0,7776.325110361001,15.018099002190866,34758.623227997305,328.5854911401618
1693957324,435,,Aggregated,14.000000,1.100000,6900,11000,13000,14000,17000,19000,22000,23000,27000,31000,35000,71482,1741,6900.0,7782.12255651174,15.018099002190866,34758.623227997305,328.60788730029935
1693957325,435,,Aggregated,14.600000,1.200000,6900,11000,13000,14000,17000,19000,22000,23000,27000,31000,35000,71508,1744,6900.0,7786.77815289308,15.018099002190866,34758.623227997305,328.6552413715948
1693957326,435,,Aggregated,15.100000,1.400000,6900,11000,13000,14000,17000,19000,22000,23000,27000,31000,35000,71533,1744,6900.0,7790.781658634731,15.018099002190866,34758.623227997305,328.6430738260663
1693957327,435,,Aggregated,17.900000,1.600000,6900,11000,13000,14000,17000,19000,22000,23000,27000,31000,35000,71556,1745,6900.0,7795.040661221747,15.018099002190866,34758.623227997305,328.65185309408014
1693957329,435,,Aggregated,19.800000,1.500000,6900,11000,13000,14000,17000,19000,22000,23000,27000,31000,35000,71569,1746,6900.0,7797.31266175737,15.018099002190866,34758.623227997305,328.66549763165614
1693957330,435,,Aggregated,20.400000,1.500000,6900,11000,13000,14000,17000,19000,22000,23000,27000,31000,35000,71586,1746,6900.0,7800.143425752597,15.018099002190866,34758.623227997305,328.657251417875
1693957331,435,,Aggregated,20.300000,1.400000,6900,11000,13000,14000,17000,19000,22000,23000,27000,31000,35000,71609,1746,6900.0,7804.096805668691,15.018099002190866,34758.623227997305,328.646022148054
1693957332,435,,Aggregated,20.300000,1.400000,6900,11000,13000,14000,17000,19000,22000,23000,27000,31000,35000,71622,1746,6900.0,7806.428596859684,15.018099002190866,34758.623227997305,328.6397336014074
1693957333,435,,Aggregated,19.900000,1.000000,6900,11000,13000,14000,17000,19000,22000,23000,27000,31000,35000,71631,1746,6900.0,7807.800149275012,15.018099002190866,34758.623227997305,328.63532548756825
1693957334,435,,Aggregated,20.200000,0.900000,7000,11000,13000,14000,17000,19000,22000,23000,27000,31000,35000,71650,1746,7000.0,7810.968098869522,15.018099002190866,34758.623227997305,328.6260990928123
1693957335,435,,Aggregated,19.400000,0.800000,7000,11000,13000,14000,17000,19000,22000,23000,27000,31000,35000,71665,1747,7000.0,7813.400558519783,15.018099002190866,34758.623227997305,328.63877764599175
1693957336,435,,Aggregated,19.300000,0.600000,7000,11000,13000,14000,17000,19000,22000,23000,27000,31000,35000,71675,1747,7000.0,7815.0709614311445,15.018099002190866,34758.623227997305,328.6339169863969
1693957337,435,,Aggregated,17.400000,0.400000,7000,11000,13000,14000,17000,19000,22000,23000,27000,31000,35000,71692,1748,7000.0,7817.9070142514765,15.018099002190866,34758.623227997305,328.6455950454723
1693957338,435,,Aggregated,15.900000,0.300000,7000,11000,13000,14000,17000,19000,22000,23000,27000,31000,35000,71704,1749,7000.0,7819.545433665582,15.018099002190866,34758.623227997305,328.65964241883296
1693957339,435,,Aggregated,14.800000,0.400000,7000,11000,13000,14000,17000,19000,22000,23000,27000,31000,35000,71722,1749,7000.0,7822.43297010718,15.018099002190866,34758.623227997305,328.65088815147374
1693957340,435,,Aggregated,14.000000,0.300000,7000,11000,13000,14000,17000,19000,22000,23000,27000,31000,35000,71732,1750,7000.0,7823.981741365043,15.018099002190866,34758.623227997305,328.6659789215413
1693957341,435,,Aggregated,14.200000,0.400000,7000,11000,13000,14000,17000,19000,22000,23000,27000,31000,35000,71744,1751,7000.0,7825.798750676813,15.018099002190866,34758.623227997305,328.6800708073149
1693957342,435,,Aggregated,14.200000,0.400000,7000,11000,13000,14000,17000,19000,22000,23000,27000,31000,35000,71762,1751,7000.0,7829.037197183122,15.018099002190866,34758.623227997305,328.67131629553245
1693957343,435,,Aggregated,12.900000,0.400000,7000,11000,13000,14000,17000,19000,22000,23000,27000,31000,35000,71778,1751,7000.0,7831.524288165448,15.018099002190866,34758.623227997305,328.66355986513975
1693957344,435,,Aggregated,12.500000,0.500000,7000,11000,13000,14000,17000,19000,22000,23000,27000,31000,35000,71792,1753,7000.0,7833.480262980412,15.018099002190866,34758.623227997305,328.69658179184313
1693957346,435,,Aggregated,13.500000,0.500000,7000,11000,13000,14000,17000,19000,22000,23000,27000,31000,35000,71803,1754,7000.0,7835.209884507076,15.018099002190866,34758.623227997305,328.7111402030556
1693957347,435,,Aggregated,12.900000,0.600000,7000,11000,13000,14000,17000,19000,22000,23000,27000,31000,35000,71816,1757,7000.0,7836.977669403985,15.018099002190866,34758.623227997305,328.76452322602205
1693957348,435,,Aggregated,13.300000,0.700000,7000,11000,13000,14000,17000,20000,22000,23000,27000,31000,35000,71831,1759,7000.0,7839.306190006648,15.018099002190866,34758.623227997305,328.797037490777
1693957349,435,,Aggregated,12.700000,0.700000,7000,11000,13000,14000,17000,20000,22000,23000,27000,31000,35000,71851,1760,7000.0,7842.6301062550365,15.018099002190866,34758.623227997305,328.807184311979
1693957350,435,,Aggregated,13.300000,1.000000,7000,11000,13000,14000,17000,20000,22000,23000,27000,31000,35000,71867,1761,7000.0,7845.174067856439,15.018099002190866,34758.623227997305,328.8192633614872
1693957351,435,,Aggregated,13.600000,1.100000,7000,11000,13000,14000,17000,20000,22000,23000,28000,31000,35000,71883,1761,7000.0,7848.2988242232495,15.018099002190866,34758.623227997305,328.8114992418235
1693957352,435,,Aggregated,13.800000,1.100000,7000,11000,13000,14000,17000,20000,22000,23000,28000,31000,35000,71901,1762,7000.0,7851.108947894882,15.018099002190866,34758.623227997305,328.82267284182416
1693957353,435,,Aggregated,14.100000,1.100000,7000,11000,13000,14000,17000,20000,22000,23000,28000,31000,35000,71918,1762,7000.0,7853.939675795152,15.018099002190866,34758.623227997305,328.8143997330293
1693957354,435,,Aggregated,14.600000,1.000000,7000,11000,13000,14000,17000,20000,22000,23000,28000,31000,35000,71936,1762,7000.0,7857.041408751082,15.018099002190866,34758.623227997305,328.805618883452
1693957355,435,,Aggregated,14.700000,1.100000,7000,11000,13000,14000,17000,20000,22000,23000,28000,31000,35000,71955,1762,7000.0,7860.435274609809,15.018099002190866,34758.623227997305,328.7964005281078
1693957356,435,,Aggregated,14.700000,1.100000,7000,11000,13000,14000,17000,20000,22000,23000,28000,31000,35000,71977,1763,7000.0,7864.359034529458,15.018099002190866,34758.623227997305,328.8055489948178
1693957357,435,,Aggregated,15.400000,0.900000,7000,11000,13000,14000,17000,20000,22000,23000,28000,31000,35000,71990,1764,7000.0,7866.53975757541,15.018099002190866,34758.623227997305,328.81904431170994
1693957358,435,,Aggregated,16.200000,0.900000,7000,11000,13000,14000,17000,20000,22000,23000,27000,31000,35000,72006,1766,7000.0,7869.665233462446,15.018099002190866,34758.623227997305,328.8509707524373
1693957359,435,,Aggregated,17.400000,0.900000,7000,11000,13000,14000,17000,20000,22000,23000,27000,31000,35000,72019,1767,7000.0,7872.218129734384,15.018099002190866,34758.623227997305,328.86450797706163
1693957360,435,,Aggregated,16.500000,0.600000,7000,11000,13000,14000,17000,20000,22000,24000,27000,31000,35000,72046,1768,7000.0,7877.162623426628,15.018099002190866,34758.623227997305,328.8711795241929
1693957361,435,,Aggregated,16.300000,0.600000,7000,11000,13000,14000,17000,20000,22000,24000,28000,31000,35000,72059,1768,7000.0,7879.532014364406,15.018099002190866,34758.623227997305,328.8648607391166
1693957363,435,,Aggregated,15.800000,0.600000,7000,11000,13000,14000,17000,20000,22000,24000,28000,31000,35000,72071,1768,7000.0,7881.819197337023,15.018099002190866,34758.623227997305,328.8589724022145
1693957364,435,,Aggregated,16.600000,0.700000,7000,11000,13000,14000,17000,20000,22000,24000,28000,31000,35000,72092,1773,7000.0,7885.081162652963,15.018099002190866,34758.623227997305,328.9479831326638
1693957365,435,,Aggregated,16.100000,0.600000,7000,11000,13000,14000,17000,20000,22000,24000,28000,31000,35000,72112,1775,7000.0,7888.548617969196,15.018099002190866,34758.623227997305,328.9779093632128
1693957366,435,,Aggregated,16.200000,1.100000,7000,11000,13000,14000,17000,20000,22000,24000,28000,31000,35000,72125,1776,7000.0,7890.9555034582545,15.018099002190866,34758.623227997305,328.99138994800694
1693957367,435,,Aggregated,16.300000,1.300000,7000,11000,13000,14000,17000,20000,22000,24000,28000,31000,35000,72138,1776,7000.0,7893.372725268466,15.018099002190866,34758.623227997305,328.9850425573207
1693957368,440,,Aggregated,15.800000,1.300000,7000,11000,13000,14000,17000,20000,22000,24000,28000,31000,35000,72153,1777,7000.0,7895.697182538391,15.018099002190866,34758.623227997305,328.9975607389852
1693957369,440,,Aggregated,14.800000,1.200000,7000,11000,13000,14000,17000,20000,22000,24000,28000,31000,35000,72176,1779,7000.0,7899.812174317938,15.018099002190866,34758.623227997305,329.0259920195079
1693957370,440,,Aggregated,15.500000,1.200000,7000,11000,13000,14000,17000,20000,22000,24000,28000,31000,35000,72191,1779,7000.0,7902.378337189394,15.018099002190866,34758.623227997305,329.01860342701997
1693957371,440,,Aggregated,15.500000,1.300000,7000,11000,13000,14000,17000,20000,22000,24000,28000,31000,35000,72203,1779,7000.0,7904.73298806956,15.018099002190866,34758.623227997305,329.01275570267165
1693957372,440,,Aggregated,16.100000,1.200000,7000,11000,13000,14000,18000,20000,22000,24000,28000,31000,35000,72220,1780,7000.0,7907.524565628252,15.018099002190866,34758.623227997305,329.0242592079756
1693957373,440,,Aggregated,15.000000,1.100000,7000,11000,13000,14000,18000,20000,22000,24000,28000,31000,35000,72234,1780,7000.0,7909.990119765465,15.018099002190866,34758.623227997305,329.017443309245
1693957374,440,,Aggregated,15.500000,1.100000,7000,11000,13000,14000,18000,20000,22000,24000,28000,31000,35000,72254,1782,7000.0,7913.531986635479,15.018099002190866,34758.623227997305,329.0472776593683
1693957375,440,,Aggregated,15.500000,1.200000,7100,11000,13000,14000,18000,20000,22000,24000,28000,31000,35000,72271,1783,7100.0,7916.548011842677,15.018099002190866,34758.623227997305,329.0587926000747
1693957376,440,,Aggregated,15.000000,0.700000,7100,11000,13000,14000,18000,20000,22000,24000,28000,31000,35000,72287,1785,7100.0,7918.9350969012685,15.018099002190866,34758.623227997305,329.0905833690705
1693957377,440,,Aggregated,14.800000,0.800000,7100,11000,13000,14000,18000,20000,22000,24000,28000,31000,35000,72306,1788,7100.0,7922.169316823723,15.018099002190866,34758.623227997305,329.1406660581418
1693957379,440,,Aggregated,15.100000,0.700000,7100,11000,13000,14000,18000,20000,22000,24000,28000,31000,35000,72327,1788,7100.0,7925.76085239027,15.018099002190866,34758.623227997305,329.1304077315525
1693957380,440,,Aggregated,15.700000,0.900000,7100,11000,13000,14000,18000,20000,22000,24000,28000,31000,35000,72344,1789,7100.0,7928.504098738194,15.018099002190866,34758.623227997305,329.14189151830146
1693957381,440,,Aggregated,16.300000,0.900000,7100,11000,13000,14000,18000,20000,22000,24000,28000,31000,35000,72361,1791,7100.0,7931.214215937396,15.018099002190866,34758.623227997305,329.1731042965133
1693957382,440,,Aggregated,16.300000,0.900000,7100,11000,13000,14000,18000,20000,22000,24000,28000,31000,35000,72376,1791,7100.0,7933.647270231927,15.018099002190866,34758.623227997305,329.1657593677462
1693957383,440,,Aggregated,16.100000,1.100000,7100,11000,13000,15000,18000,20000,22000,24000,28000,31000,35000,72391,1794,7100.0,7936.07240385954,15.018099002190866,34758.623227997305,329.21760992388556
1693957384,440,,Aggregated,16.200000,1.200000,7100,11000,13000,15000,18000,20000,22000,24000,28000,31000,35000,72403,1794,7100.0,7938.092694165929,15.018099002190866,34758.623227997305,329.21173155808464
1693957385,440,,Aggregated,16.400000,1.400000,7100,11000,13000,15000,18000,20000,22000,24000,28000,31000,35000,72412,1795,7100.0,7939.4749615371875,15.018099002190866,34758.623227997305,329.2270894326907
1693957386,440,,Aggregated,16.000000,1.400000,7100,11000,13000,15000,18000,20000,22000,24000,28000,31000,35000,72431,1795,7100.0,7942.76058272861,15.018099002190866,34758.623227997305,329.2177934862145
1693957387,440,,Aggregated,15.000000,1.200000,7100,11000,13000,15000,18000,20000,22000,24000,28000,31000,35000,72447,1796,7100.0,7945.351358481399,15.018099002190866,34758.623227997305,329.22971275553164
1693957388,440,,Aggregated,15.100000,1.200000,7100,11000,13000,15000,18000,20000,22000,24000,28000,31000,35000,72460,1796,7100.0,7947.562149810598,15.018099002190866,34758.623227997305,329.22336461495996
1693957389,440,,Aggregated,15.000000,1.100000,7100,11000,13000,15000,18000,20000,22000,24000,28000,31000,35000,72482,1800,7100.0,7951.242643542081,15.018099002190866,34758.623227997305,329.2915482464612
1693957390,440,,Aggregated,14.600000,0.800000,7100,11000,13000,15000,18000,20000,22000,24000,28000,31000,35000,72518,1802,7100.0,7957.587488602594,15.018099002190866,34758.623227997305,329.3133704735376
1693957391,440,,Aggregated,14.000000,1.000000,7100,11000,13000,15000,18000,20000,22000,24000,28000,31000,35000,72527,1803,7100.0,7958.887586849904,15.018099002190866,34758.623227997305,329.3286913838984
1693957392,440,,Aggregated,14.900000,1.200000,7100,11000,13000,15000,18000,20000,22000,24000,28000,31000,35000,72544,1804,7100.0,7961.498984175453,15.018099002190866,34758.623227997305,329.3400694750772
1693957393,440,,Aggregated,16.200000,1.200000,7100,11000,13000,15000,18000,20000,22000,24000,28000,31000,35000,72571,1805,7100.0,7965.847606112897,15.018099002190866,34758.623227997305,329.3465571647077
1693957394,440,,Aggregated,15.300000,1.200000,7100,11000,13000,15000,18000,20000,22000,24000,28000,31000,35000,72587,1805,7100.0,7968.344903501618,15.018099002190866,34758.623227997305,329.3387658947194
1693957396,440,,Aggregated,15.600000,1.000000,7100,11000,13000,15000,18000,20000,22000,24000,28000,31000,35000,72601,1805,7100.0,7970.400636859023,15.018099002190866,34758.623227997305,329.3319375766174
1693957397,440,,Aggregated,18.000000,1.000000,7100,11000,13000,15000,18000,20000,22000,24000,28000,31000,35000,72614,1805,7100.0,7972.35996978497,15.018099002190866,34758.623227997305,329.3255845980114
1693957398,440,,Aggregated,17.600000,1.000000,7100,11000,13000,15000,18000,20000,22000,24000,28000,31000,35000,72633,1806,7100.0,7975.418881757656,15.018099002190866,34758.623227997305,329.335976759875
1693957399,440,,Aggregated,17.300000,0.900000,7100,11000,13000,15000,18000,20000,22000,24000,28000,31000,35000,72648,1807,7100.0,7977.644671318028,15.018099002190866,34758.623227997305,329.3483371875344
1693957400,440,,Aggregated,17.700000,1.000000,7100,11000,13000,15000,18000,20000,22000,24000,28000,31000,35000,72667,1808,7100.0,7980.59018004837,15.018099002190866,34758.623227997305,329.35871853798835
1693957401,440,,Aggregated,17.900000,0.900000,7100,11000,13000,15000,18000,20000,22000,24000,28000,31000,35000,72683,1810,7100.0,7982.877301158841,15.018099002190866,34758.623227997305,329.3902563185339
1693957402,440,,Aggregated,16.900000,0.700000,7100,11000,13000,15000,18000,20000,22000,24000,28000,31000,35000,72690,1810,7100.0,7983.842783292007,15.018099002190866,34758.623227997305,329.3868482597331
1693957403,440,,Aggregated,16.000000,0.800000,7100,11000,13000,15000,18000,20000,22000,24000,28000,31000,35000,72707,1812,7100.0,7986.246951432721,15.018099002190866,34758.623227997305,329.4178689809784
1693957404,440,,Aggregated,15.700000,0.700000,7100,11000,13000,15000,18000,20000,22000,24000,28000,31000,35000,72723,1813,7100.0,7988.920046633319,15.018099002190866,34758.623227997305,329.4296852440081
1693957405,440,,Aggregated,15.400000,0.800000,7100,11000,13000,15000,18000,20000,22000,24000,28000,31000,35000,72746,1813,7100.0,7993.162624228436,15.018099002190866,34758.623227997305,329.4184559975806
1693957406,440,,Aggregated,14.200000,0.800000,7100,11000,13000,15000,18000,20000,22000,24000,28000,31000,35000,72772,1815,7100.0,7997.6983202176925,15.018099002190866,34758.623227997305,329.44504754575934
1693957407,440,,Aggregated,14.800000,0.800000,7100,11000,13000,15000,18000,20000,22000,24000,28000,31000,35000,72792,1816,7100.0,8001.144735287982,15.018099002190866,34758.623227997305,329.4549263655347
1693957408,440,,Aggregated,15.300000,0.800000,7100,11000,13000,15000,18000,20000,22000,24000,28000,31000,35000,72805,1818,7100.0,8003.378460303095,15.018099002190866,34758.623227997305,329.4878648444475
1693957409,440,,Aggregated,16.600000,1.000000,7100,11000,13000,15000,18000,20000,22000,24000,28000,31000,35000,72819,1819,7100.0,8005.300124525533,15.018099002190866,34758.623227997305,329.50063856960406
1693957410,440,,Aggregated,16.700000,1.100000,7100,11000,13000,15000,18000,20000,22000,24000,28000,31000,35000,72827,1819,7100.0,8006.727739382548,15.018099002190866,34758.623227997305,329.49672511568514
1693957411,440,,Aggregated,16.300000,1.200000,7100,11000,13000,15000,18000,20000,22000,24000,28000,31000,35000,72844,1821,7100.0,8009.226565494167,15.018099002190866,34758.623227997305,329.52763439679313
1693957413,440,,Aggregated,15.000000,0.900000,7200,11000,13000,15000,18000,20000,22000,24000,28000,31000,35000,72858,1823,7200.0,8011.133502265106,15.018099002190866,34758.623227997305,329.5600620384858
1693957414,440,,Aggregated,15.800000,1.100000,7200,11000,13000,15000,18000,20000,22000,24000,28000,31000,35000,72877,1824,7200.0,8013.8690627509495,15.018099002190866,34758.623227997305,329.5703994401526
1693957415,440,,Aggregated,15.700000,1.100000,7200,11000,13000,15000,18000,20000,22000,24000,28000,31000,35000,72893,1825,7200.0,8016.608431476757,15.018099002190866,34758.623227997305,329.5821683837954
1693957416,440,,Aggregated,16.000000,1.100000,7200,11000,13000,15000,18000,20000,22000,24000,28000,31000,35000,72907,1829,7200.0,8018.6653319339175,15.018099002190866,34758.623227997305,329.653736952556
1693957417,440,,Aggregated,15.600000,1.200000,7200,11000,13000,15000,18000,20000,22000,24000,28000,31000,35000,72920,1830,7200.0,8020.638935851196,15.018099002190866,34758.623227997305,329.66695008228197
1693957418,440,,Aggregated,15.000000,1.600000,7200,11000,13000,15000,18000,20000,22000,24000,28000,31000,35000,72938,1833,7200.0,8023.718283257012,15.018099002190866,34758.623227997305,329.7169513833667
1693957419,440,,Aggregated,13.700000,1.500000,7200,11000,13000,15000,18000,20000,22000,24000,28000,31000,35000,72957,1834,7200.0,8027.173902606713,15.018099002190866,34758.623227997305,329.7271817646011
1693957420,440,,Aggregated,13.600000,1.300000,7200,11000,13000,15000,18000,20000,22000,24000,28000,31000,35000,72977,1835,7200.0,8030.618596972417,15.018099002190866,34758.623227997305,329.73693081381805
1693957421,440,,Aggregated,14.000000,1.500000,7200,11000,13000,15000,18000,20000,22000,24000,28000,31000,35000,72995,1837,7200.0,8033.488594642276,15.018099002190866,34758.623227997305,329.7672169326666
1693957422,440,,Aggregated,14.700000,1.500000,7200,11000,13000,15000,18000,20000,22000,24000,28000,31000,35000,73014,1839,7200.0,8036.591504261882,15.018099002190866,34758.623227997305,329.7969430520174
1693957423,440,,Aggregated,15.800000,1.600000,7200,11000,13000,15000,18000,20000,22000,24000,28000,31000,35000,73032,1841,7200.0,8039.774873986284,15.018099002190866,34758.623227997305,329.82722642129477
1693957424,440,,Aggregated,16.200000,1.600000,7200,11000,13000,15000,18000,20000,22000,24000,28000,31000,35000,73053,1843,7200.0,8043.37471544452,15.018099002190866,34758.623227997305,329.8560497173285
1693957425,440,,Aggregated,16.500000,1.700000,7200,11000,13000,15000,18000,20000,22000,24000,28000,31000,35000,73070,1844,7200.0,8046.088613860345,15.018099002190866,34758.623227997305,329.86722321061995
1693957426,440,,Aggregated,16.300000,1.700000,7200,11000,13000,15000,18000,20000,22000,24000,28000,31000,35000,73086,1846,7200.0,8048.809610366081,15.018099002190866,34758.623227997305,329.89843472073994
1693957427,445,,Aggregated,16.800000,1.800000,7200,11000,13000,15000,18000,20000,22000,24000,28000,31000,35000,73100,1846,7200.0,8050.936064446889,15.018099002190866,34758.623227997305,329.89154582763337
1693957428,445,,Aggregated,16.700000,1.500000,7200,11000,13000,15000,18000,20000,22000,24000,28000,31000,35000,73118,1848,7200.0,8054.129687152378,15.018099002190866,34758.623227997305,329.92179764216746
1693957430,445,,Aggregated,17.300000,1.600000,7200,11000,13000,15000,18000,20000,22000,24000,28000,31000,35000,73125,1848,7200.0,8055.192178571483,15.018099002190866,34758.623227997305,329.91831794871797
1693957431,445,,Aggregated,16.900000,1.400000,7200,11000,13000,15000,18000,20000,22000,24000,28000,31000,35000,73136,1848,7200.0,8057.1820680238425,15.018099002190866,34758.623227997305,329.91290199081163
1693957432,445,,Aggregated,15.700000,1.400000,7200,11000,13000,15000,18000,20000,22000,24000,28000,31000,35000,73143,1848,7200.0,8058.276823233649,15.018099002190866,34758.623227997305,329.90946502057614
1693957433,445,,Aggregated,14.700000,1.300000,7200,11000,13000,15000,18000,20000,22000,24000,28000,31000,35000,73155,1848,7200.0,8060.1675868025495,15.018099002190866,34758.623227997305,329.9035609322671
1693957434,445,,Aggregated,13.400000,1.100000,7200,11000,13000,15000,18000,20000,22000,24000,28000,31000,35000,73171,1849,7200.0,8062.808222088744,15.018099002190866,34758.623227997305,329.91522597750475
1693957435,445,,Aggregated,13.200000,0.800000,7200,11000,13000,15000,18000,20000,22000,24000,28000,31000,35000,73185,1849,7200.0,8065.436862295534,15.018099002190866,34758.623227997305,329.9082735533238
1693957436,445,,Aggregated,13.100000,0.700000,7200,11000,13000,15000,18000,20000,22000,24000,28000,31000,35000,73203,1850,7200.0,8068.801425473172,15.018099002190866,34758.623227997305,329.91891042716827
1693957437,445,,Aggregated,12.100000,0.600000,7200,11000,13000,15000,18000,20000,22000,24000,28000,31000,35000,73219,1850,7200.0,8071.6266594935405,15.018099002190866,34758.623227997305,329.91100670590964
1693957438,445,,Aggregated,12.700000,0.500000,7200,11000,13000,15000,18000,20000,22000,24000,28000,31000,35000,73239,1850,7200.0,8075.2662392681,15.018099002190866,34758.623227997305,329.9011182566665
1693957439,445,,Aggregated,12.200000,0.400000,7200,11000,13000,15000,18000,20000,22000,24000,28000,31000,35000,73260,1853,7200.0,8078.79530040444,15.018099002190866,34758.623227997305,329.9493174993175
1693957440,445,,Aggregated,12.400000,0.400000,7200,11000,13000,15000,18000,20000,22000,24000,28000,31000,35000,73275,1853,7200.0,8081.59925725611,15.018099002190866,34758.623227997305,329.9419583759809
1693957441,445,,Aggregated,13.100000,0.400000,7200,11000,13000,15000,18000,20000,22000,24000,28000,31000,35000,73290,1854,7200.0,8084.29575066119,15.018099002190866,34758.623227997305,329.9540592168099
1693957442,445,,Aggregated,14.100000,0.500000,7200,11000,13000,15000,18000,20000,22000,24000,28000,31000,35000,73302,1856,7200.0,8086.496442783359,15.018099002190866,34758.623227997305,329.9871899811738
1693957443,445,,Aggregated,14.200000,0.500000,7200,11000,13000,15000,18000,20000,22000,24000,28000,31000,35000,73317,1857,7200.0,8088.917899047244,15.018099002190866,34758.623227997305,329.9992498329173
1693957444,445,,Aggregated,15.500000,0.700000,7200,11000,13000,15000,18000,20000,22000,24000,28000,32000,35000,73338,1858,7200.0,8092.788147945893,15.018099002190866,34758.623227997305,330.00841310098446
1693957446,445,,Aggregated,15.300000,0.800000,7200,11000,13000,15000,18000,20000,22000,24000,28000,32000,35000,73356,1860,7200.0,8096.224961467039,15.018099002190866,34758.623227997305,330.03851082392714
1693957447,445,,Aggregated,15.800000,0.900000,7200,11000,13000,15000,18000,20000,22000,24000,28000,32000,35000,73376,1861,7200.0,8100.1122524981865,15.018099002190866,34758.623227997305,330.0480947448757
1693957448,445,,Aggregated,15.800000,1.100000,7200,11000,13000,15000,18000,20000,22000,24000,28000,32000,35000,73391,1863,7200.0,8102.8534939121955,15.018099002190866,34758.623227997305,330.07965554359527
1693957449,445,,Aggregated,16.400000,1.100000,7200,11000,13000,15000,18000,20000,22000,24000,28000,32000,35000,73401,1864,7200.0,8104.5500514408095,15.018099002190866,34758.623227997305,330.09419490197683
1693957450,445,,Aggregated,16.000000,1.300000,7200,11000,13000,15000,18000,20000,23000,24000,28000,32000,35000,73418,1867,7200.0,8107.959919509394,15.018099002190866,34758.623227997305,330.14425617695935
1693957451,445,,Aggregated,15.000000,1.200000,7200,11000,13000,15000,18000,20000,23000,24000,28000,32000,35000,73438,1867,7200.0,8111.531460008381,15.018099002190866,34758.623227997305,330.134412701871
1693957452,445,,Aggregated,15.100000,1.400000,7200,11000,13000,15000,18000,20000,23000,24000,28000,32000,35000,73448,1868,7200.0,8113.264721538114,15.018099002190866,34758.623227997305,330.14890807101625
1693957453,445,,Aggregated,15.700000,1.400000,7200,11000,13000,15000,18000,20000,23000,24000,28000,32000,35000,73465,1869,7200.0,8116.191113490767,15.018099002190866,34758.623227997305,330.15995371945826
1693957454,445,,Aggregated,15.200000,1.300000,7300,11000,13000,15000,18000,20000,23000,24000,28000,32000,35000,73490,1869,7200.0,8120.717345723082,15.018099002190866,34758.623227997305,330.1476119199891
1693957455,445,,Aggregated,15.100000,1.300000,7300,11000,13000,15000,18000,20000,23000,24000,28000,32000,35000,73524,1871,7300.0,8126.832398249359,15.018099002190866,34758.623227997305,330.16972689189924
1693957456,445,,Aggregated,15.500000,1.200000,7300,11000,13000,15000,18000,20000,23000,24000,28000,32000,35000,73542,1872,7300.0,8130.015021305863,15.018099002190866,34758.623227997305,330.18029153408935
1693957457,445,,Aggregated,17.200000,1.300000,7300,11000,13000,15000,18000,20000,23000,24000,28000,32000,35000,73570,1872,7300.0,8134.680692745929,15.018099002190866,34758.623227997305,330.16645371754794
1693957458,445,,Aggregated,17.300000,1.100000,7300,11000,13000,15000,18000,20000,23000,24000,28000,32000,35000,73585,1872,7300.0,8137.10179668435,15.018099002190866,34758.623227997305,330.1590269756064
1693957459,445,,Aggregated,18.500000,1.100000,7300,11000,13000,15000,18000,20000,23000,24000,28000,32000,35000,73598,1874,7300.0,8139.055564562104,15.018099002190866,34758.623227997305,330.1914861816897
1693957460,445,,Aggregated,18.600000,0.900000,7300,11000,13000,15000,18000,20000,23000,24000,28000,32000,35000,73615,1875,7300.0,8141.334705298917,15.018099002190866,34758.623227997305,330.20249949059297
1693957461,445,,Aggregated,18.700000,0.900000,7300,11000,14000,15000,18000,20000,23000,24000,28000,32000,35000,73638,1877,7300.0,8144.719042846952,15.018099002190866,34758.623227997305,330.2299763708955
1693957463,445,,Aggregated,18.800000,0.800000,7300,11000,14000,15000,18000,20000,23000,24000,28000,32000,35000,73657,1878,7300.0,8147.773900993142,15.018099002190866,34758.623227997305,330.23997719157717
1693957464,445,,Aggregated,18.800000,0.800000,7300,11000,14000,15000,18000,20000,23000,24000,28000,32000,35000,73673,1878,7300.0,8150.106582132827,15.018099002190866,34758.623227997305,330.2320931684606
1693957465,445,,Aggregated,19.800000,0.900000,7300,11000,14000,15000,18000,20000,23000,24000,28000,32000,35000,73686,1878,7300.0,8151.812048782488,15.018099002190866,34758.623227997305,330.22567380506473
1693957466,445,,Aggregated,20.100000,0.900000,7300,11000,14000,15000,18000,20000,23000,24000,28000,32000,35000,73697,1879,7300.0,8153.103990682789,15.018099002190866,34758.623227997305,330.2396026975318
1693957467,445,,Aggregated,17.400000,0.700000,7300,11000,14000,15000,18000,20000,23000,24000,28000,32000,35000,73713,1879,7300.0,8155.601102183285,15.018099002190866,34758.623227997305,330.2316959016727
1693957468,445,,Aggregated,16.400000,0.700000,7300,11000,14000,15000,18000,20000,23000,24000,28000,32000,35000,73729,1880,7300.0,8157.910278273008,15.018099002190866,34758.623227997305,330.2432014539733
1693957469,445,,Aggregated,14.800000,0.700000,7300,11000,14000,15000,18000,20000,23000,24000,28000,32000,35000,73742,1880,7300.0,8159.825144503654,15.018099002190866,34758.623227997305,330.2367850071872
1693957470,445,,Aggregated,15.300000,0.800000,7300,11000,14000,15000,18000,20000,23000,24000,28000,32000,35000,73752,1880,7300.0,8161.376832716029,15.018099002190866,34758.623227997305,330.2318174422389
1693957471,445,,Aggregated,15.000000,0.700000,7300,11000,14000,15000,18000,20000,23000,24000,28000,32000,35000,73771,1880,7300.0,8164.532738338364,15.018099002190866,34758.623227997305,330.222377356956
1693957472,445,,Aggregated,14.700000,0.600000,7300,11000,14000,15000,18000,20000,23000,24000,28000,32000,35000,73790,1880,7300.0,8167.343777538276,15.018099002190866,34758.623227997305,330.2130098929394
1693957473,445,,Aggregated,14.300000,0.500000,7300,11000,14000,15000,18000,20000,23000,24000,28000,32000,35000,73802,1880,7300.0,8169.4824745830765,15.018099002190866,34758.623227997305,330.2071217582179
1693957474,445,,Aggregated,14.600000,0.300000,7300,11000,14000,15000,18000,20000,23000,24000,28000,32000,35000,73816,1881,7300.0,8171.720467802825,15.018099002190866,34758.623227997305,330.2196000867021
1693957475,445,,Aggregated,14.000000,0.200000,7300,11000,14000,15000,18000,20000,23000,24000,28000,32000,35000,73835,1884,7300.0,8174.648985894214,15.018099002190866,34758.623227997305,330.268382203562
1693957476,445,,Aggregated,13.500000,0.200000,7300,11000,14000,15000,18000,20000,23000,24000,28000,32000,35000,73842,1885,7300.0,8175.816806196613,15.018099002190866,34758.623227997305,330.2842691151377
1693957477,445,,Aggregated,13.700000,0.500000,7300,11000,14000,15000,18000,20000,23000,24000,28000,32000,35000,73862,1886,7300.0,8178.883635844038,15.018099002190866,34758.623227997305,330.293764046465
1693957478,445,,Aggregated,14.300000,0.600000,7300,11000,14000,15000,18000,20000,23000,24000,28000,32000,35000,73877,1887,7300.0,8181.147650530654,15.018099002190866,34758.623227997305,330.3057243797122
1693957480,445,,Aggregated,13.500000,0.600000,7300,11000,14000,15000,18000,20000,23000,24000,28000,32000,35000,73887,1888,7300.0,8182.908133063556,15.018099002190866,34758.623227997305,330.3201645756358
1693957481,445,,Aggregated,14.100000,0.700000,7300,11000,14000,15000,18000,20000,23000,24000,28000,32000,35000,73904,1889,7300.0,8185.733135959162,15.018099002190866,34758.623227997305,330.33109168651225
1693957482,445,,Aggregated,13.900000,0.800000,7300,11000,14000,15000,18000,20000,23000,24000,28000,32000,35000,73924,1891,7300.0,8189.198904137617,15.018099002190866,34758.623227997305,330.3598831232076
1693957483,445,,Aggregated,13.700000,0.900000,7300,11000,14000,15000,18000,20000,23000,24000,28000,32000,35000,73948,1891,7300.0,8193.268995337252,15.018099002190866,34758.623227997305,330.3480148212257
1693957484,445,,Aggregated,13.800000,1.000000,7300,11000,14000,15000,18000,20000,23000,24000,28000,32000,35000,73959,1891,7300.0,8195.177109186456,15.018099002190866,34758.623227997305,330.342581700672
1693957485,445,,Aggregated,14.900000,1.100000,7300,11000,14000,15000,18000,20000,23000,24000,28000,32000,35000,73977,1894,7300.0,8197.912578899579,15.018099002190866,34758.623227997305,330.3916217202644
1693957486,445,,Aggregated,14.300000,1.100000,7300,11000,14000,15000,18000,20000,23000,24000,28000,32000,35000,74000,1896,7300.0,8202.077295534486,15.018099002190866,34758.623227997305,330.4189054054054
1693957487,450,,Aggregated,15.100000,1.100000,7300,11000,14000,15000,18000,20000,23000,24000,28000,32000,35000,74014,1896,7300.0,8204.576206737333,15.018099002190866,34758.623227997305,330.4120166454995
1693957488,450,,Aggregated,15.400000,1.100000,7300,11000,14000,15000,18000,20000,23000,24000,28000,32000,35000,74035,1897,7300.0,8208.252552839915,15.018099002190866,34758.623227997305,330.4209495508881
1693957489,450,,Aggregated,16.200000,1.100000,7300,11000,14000,15000,18000,20000,23000,24000,28000,32000,35000,74047,1897,7300.0,8210.436980651844,15.018099002190866,34758.623227997305,330.4149931800073
1693957490,450,,Aggregated,16.500000,1.100000,7300,11000,14000,15000,18000,20000,23000,24000,28000,32000,35000,74065,1899,7300.0,8213.504959284839,15.018099002190866,34758.623227997305,330.444730979545
1693957491,450,,Aggregated,16.300000,1.000000,7300,11000,14000,15000,18000,20000,23000,24000,28000,32000,35000,74079,1900,7300.0,8215.934662651463,15.018099002190866,34758.623227997305,330.4571201015132
1693957492,450,,Aggregated,16.700000,1.000000,7300,11000,14000,15000,18000,20000,23000,24000,28000,32000,35000,74099,1902,7300.0,8219.489981151404,15.018099002190866,34758.623227997305,330.48579602963605
1693957493,450,,Aggregated,16.600000,1.100000,7300,11000,14000,15000,18000,20000,23000,24000,28000,32000,42000,74121,1903,7300.0,8223.677999102125,15.018099002190866,42484.39129999679,330.49423240377223
1693957494,450,,Aggregated,16.100000,1.100000,7400,11000,14000,15000,18000,20000,23000,24000,28000,32000,42000,74138,1904,7400.0,8226.617812857798,15.018099002190866,42484.39129999679,330.5051120882678
1693957496,450,,Aggregated,15.800000,1.100000,7400,11000,14000,15000,18000,20000,23000,24000,28000,32000,42000,74153,1904,7400.0,8229.174667663256,15.018099002190866,42484.39129999679,330.49766024301107
1693957497,450,,Aggregated,16.600000,1.000000,7400,11000,14000,15000,18000,20000,23000,24000,28000,32000,42000,74172,1905,7400.0,8232.525250679479,15.018099002190866,42484.39129999679,330.5075635010516
1693957498,450,,Aggregated,16.300000,0.900000,7400,11000,14000,15000,18000,20000,23000,24000,29000,32000,42000,74185,1906,7400.0,8234.966694244555,15.018099002190866,42484.39129999679,330.5204151782705
1693957499,450,,Aggregated,16.600000,0.900000,7400,11000,14000,15000,18000,20000,23000,24000,29000,32000,42000,74198,1907,7400.0,8237.446093679782,15.018099002190866,42484.39129999679,330.53327582953716
1693957500,450,,Aggregated,15.600000,0.900000,7400,11000,14000,15000,18000,20000,23000,24000,29000,32000,42000,74214,1907,7400.0,8240.582601081247,15.018099002190866,42484.39129999679,330.5253456221198
1693957501,450,,Aggregated,15.400000,0.900000,7400,11000,14000,15000,18000,20000,23000,24000,29000,32000,42000,74231,1907,7400.0,8244.162427790621,15.018099002190866,42484.39129999679,330.516913418922
1693957502,450,,Aggregated,15.200000,0.900000,7400,11000,14000,15000,18000,20000,23000,24000,29000,33000,42000,74245,1909,7400.0,8246.829175376237,15.018099002190866,42484.39129999679,330.54848137921744
1693957503,450,,Aggregated,15.800000,0.700000,7400,11000,14000,15000,18000,20000,23000,24000,29000,33000,42000,74264,1909,7400.0,8249.88874663476,15.018099002190866,42484.39129999679,330.53906334159217
1693957504,450,,Aggregated,15.500000,0.600000,7400,11000,14000,15000,18000,20000,23000,24000,29000,33000,42000,74275,1910,7400.0,8251.726728746331,15.018099002190866,42484.39129999679,330.5528508919556
1693957505,450,,Aggregated,15.400000,0.700000,7400,11000,14000,15000,18000,20000,23000,24000,29000,33000,42000,74287,1911,7400.0,8253.719848481443,15.018099002190866,42484.39129999679,330.5661690470742
1693957506,450,,Aggregated,14.500000,0.700000,7400,11000,14000,15000,18000,20000,23000,24000,29000,33000,42000,74302,1911,7400.0,8256.536762485142,15.018099002190866,42484.39129999679,330.55874673629245
1693957507,450,,Aggregated,14.200000,0.600000,7400,11000,14000,15000,18000,20000,23000,24000,29000,33000,42000,74316,1913,7400.0,8258.998665022838,15.018099002190866,42484.39129999679,330.5903304806502
1693957508,450,,Aggregated,13.900000,0.700000,7400,11000,14000,15000,18000,20000,23000,24000,29000,33000,42000,74330,1913,7400.0,8261.481223815732,15.018099002190866,42484.39129999679,330.5834118121889
1693957509,450,,Aggregated,13.300000,0.800000,7400,11000,14000,15000,18000,20000,23000,24000,29000,33000,42000,74348,1913,7400.0,8264.83644153581,15.018099002190866,42484.39129999679,330.5744875450584
1693957510,450,,Aggregated,13.600000,0.700000,7400,11000,14000,15000,18000,20000,23000,24000,29000,33000,42000,74363,1913,7400.0,8267.260527882418,15.018099002190866,42484.39129999679,330.56709653994596
1693957511,450,,Aggregated,14.000000,0.700000,7400,11000,14000,15000,18000,20000,23000,24000,29000,33000,42000,74378,1913,7400.0,8269.647899101741,15.018099002190866,42484.39129999679,330.55965473661564
1693957513,450,,Aggregated,14.300000,0.600000,7400,11000,14000,15000,18000,20000,23000,24000,29000,33000,42000,74394,1913,7400.0,8272.545243885037,15.018099002190866,42484.39129999679,330.55176492727907
1693957514,450,,Aggregated,14.000000,0.600000,7400,11000,14000,15000,18000,20000,23000,24000,29000,33000,42000,74413,1914,7400.0,8275.947608627894,15.018099002190866,42484.39129999679,330.56163573569137
1693957515,450,,Aggregated,13.700000,0.400000,7400,11000,14000,15000,18000,20000,23000,24000,29000,33000,42000,74438,1920,7400.0,8280.02293210526,15.018099002190866,42484.39129999679,330.6645664848599
1693957516,450,,Aggregated,14.400000,0.400000,7400,11000,14000,15000,18000,20000,23000,24000,29000,33000,42000,74457,1920,7400.0,8283.246159747054,15.018099002190866,42484.39129999679,330.6551163758948
1693957517,450,,Aggregated,15.600000,0.900000,7400,11000,14000,15000,18000,20000,23000,24000,29000,33000,42000,74476,1922,7400.0,8286.449015042648,15.018099002190866,42484.39129999679,330.6841667114238
1693957518,450,,Aggregated,16.200000,0.900000,7400,11000,14000,15000,18000,20000,23000,24000,29000,33000,42000,74520,1925,7400.0,8293.80450727453,15.018099002190866,42484.39129999679,330.7199677938808
1693957519,450,,Aggregated,16.500000,0.800000,7400,11000,14000,15000,18000,21000,23000,24000,29000,33000,42000,74535,1925,7400.0,8296.178290137655,15.018099002190866,42484.39129999679,330.71256456698194
1693957520,450,,Aggregated,19.100000,1.200000,7400,11000,14000,15000,18000,21000,23000,24000,29000,33000,42000,74559,1926,7400.0,8299.973047621319,15.018099002190866,42484.39129999679,330.71984602797784
1693957521,450,,Aggregated,19.600000,1.200000,7400,11000,14000,15000,18000,21000,23000,24000,29000,33000,42000,74572,1928,7400.0,8301.823028332883,15.018099002190866,42484.39129999679,330.7517835112375
1693957522,450,,Aggregated,19.700000,1.300000,7400,11000,14000,15000,18000,21000,23000,24000,29000,33000,42000,74601,1930,7400.0,8306.147153285867,15.018099002190866,42484.39129999679,330.77579389016233
1693957523,450,,Aggregated,19.700000,1.300000,7400,11000,14000,15000,18000,21000,23000,24000,29000,33000,42000,74616,1930,7400.0,8308.11698936531,15.018099002190866,42484.39129999679,330.768360673314
1693957524,450,,Aggregated,20.000000,1.600000,7400,11000,14000,15000,18000,21000,23000,24000,29000,33000,42000,74625,1930,7400.0,8309.50103329888,15.018099002190866,42484.39129999679,330.7639128978224
1693957526,450,,Aggregated,21.000000,1.700000,7400,11000,14000,15000,18000,21000,23000,24000,29000,33000,42000,74635,1931,7400.0,8311.251807750987,15.018099002190866,42484.39129999679,330.7781201848998
1693957527,450,,Aggregated,18.900000,1.100000,7400,11000,14000,15000,18000,21000,23000,24000,29000,33000,42000,74653,1933,7400.0,8313.913572115356,15.018099002190866,42484.39129999679,330.8075362008225
1693957528,450,,Aggregated,18.100000,1.100000,7400,11000,14000,15000,18000,21000,23000,24000,29000,33000,42000,74676,1936,7400.0,8317.680469643632,15.018099002190866,42484.39129999679,330.85363436713266
1693957529,450,,Aggregated,18.300000,1.200000,7400,11000,14000,15000,18000,21000,23000,24000,29000,33000,42000,74689,1936,7400.0,8319.813821803053,15.018099002190866,42484.39129999679,330.8471528605283
1693957530,450,,Aggregated,16.300000,1.100000,7400,11000,14000,15000,18000,21000,23000,25000,29000,33000,42000,74708,1936,7400.0,8322.805784032396,15.018099002190866,42484.39129999679,330.83772822187717
1693957531,450,,Aggregated,15.500000,1.100000,7400,11000,14000,15000,18000,21000,23000,25000,29000,33000,42000,74720,1936,7400.0,8324.654784279151,15.018099002190866,42484.39129999679,330.83177194860815
1693957532,450,,Aggregated,15.400000,1.000000,7500,11000,14000,15000,18000,21000,23000,25000,29000,33000,42000,74728,1937,7500.0,8325.818480963833,15.018099002190866,42484.39129999679,330.8469649930414
1693957533,450,,Aggregated,15.200000,1.000000,7500,11000,14000,15000,18000,21000,23000,25000,29000,33000,42000,74740,1937,7500.0,8327.897903448227,15.018099002190866,42484.39129999679,330.84098207118006
1693957534,450,,Aggregated,14.400000,0.700000,7500,11000,14000,15000,18000,21000,23000,25000,29000,33000,42000,74753,1938,7500.0,8330.10613104545,15.018099002190866,42484.39129999679,330.85367811325295
1693957535,450,,Aggregated,13.200000,0.700000,7500,11000,14000,15000,18000,21000,23000,25000,29000,33000,42000,74763,1938,7500.0,8331.718363378444,15.018099002190866,42484.39129999679,330.8486818345973
1693957536,450,,Aggregated,13.000000,0.700000,7500,11000,14000,15000,18000,21000,23000,25000,29000,33000,42000,74780,1939,7500.0,8334.762893737625,15.018099002190866,42484.39129999679,330.85936079165555
1693957537,450,,Aggregated,13.200000,0.800000,7500,11000,14000,15000,18000,21000,23000,25000,29000,33000,42000,74794,1939,7500.0,8337.230387401445,15.018099002190866,42484.39129999679,330.8524480573308
1693957538,450,,Aggregated,13.500000,0.700000,7500,11000,14000,15000,18000,21000,23000,25000,29000,33000,42000,74805,1939,7500.0,8339.256963529078,15.018099002190866,42484.39129999679,330.8469754695542
1693957539,450,,Aggregated,13.200000,0.600000,7500,11000,14000,15000,18000,21000,23000,25000,29000,33000,42000,74820,1940,7500.0,8341.731638525365,15.018099002190866,42484.39129999679,330.8586607858861
1693957540,450,,Aggregated,12.300000,0.300000,7500,11000,14000,15000,18000,21000,23000,25000,29000,33000,42000,74830,1940,7500.0,8343.249833861402,15.018099002190866,42484.39129999679,330.85372176934385
1693957541,450,,Aggregated,12.700000,0.400000,7500,11000,14000,15000,18000,21000,23000,25000,29000,33000,42000,74850,1943,7500.0,8346.156728592872,15.018099002190866,42484.39129999679,330.9011623246493
1693957543,450,,Aggregated,12.100000,0.400000,7500,12000,14000,15000,18000,21000,23000,25000,29000,33000,42000,74870,1946,7500.0,8349.332892594166,15.018099002190866,42484.39129999679,330.94857753439294
1693957544,450,,Aggregated,12.800000,0.700000,7500,12000,14000,15000,18000,21000,23000,25000,29000,33000,42000,74886,1948,7500.0,8351.859965859574,15.018099002190866,42484.39129999679,330.9788612023609
1693957545,450,,Aggregated,13.400000,0.900000,7500,12000,14000,15000,18000,21000,23000,25000,29000,33000,42000,74900,1948,7500.0,8354.171651446224,15.018099002190866,42484.39129999679,330.97190921228304
1693957546,450,,Aggregated,13.800000,1.100000,7500,12000,14000,15000,18000,21000,23000,25000,29000,33000,42000,74923,1950,7500.0,8358.02912288199,15.018099002190866,42484.39129999679,330.99861190822577
1693957547,450,,Aggregated,14.000000,1.000000,7500,12000,14000,15000,18000,21000,23000,25000,29000,33000,42000,74942,1952,7500.0,8361.308648016842,15.018099002190866,42484.39129999679,331.02732780016544
1693957548,455,,Aggregated,14.800000,1.100000,7500,12000,14000,15000,18000,21000,23000,25000,29000,33000,42000,74957,1953,7500.0,8363.98964776847,15.018099002190866,42484.39129999679,331.0389156449698
1693957549,455,,Aggregated,15.100000,1.100000,7500,12000,14000,15000,18000,21000,23000,25000,29000,33000,42000,74985,1954,7500.0,8369.132516422183,15.018099002190866,42484.39129999679,331.04411548976464
1693957550,455,,Aggregated,15.000000,1.300000,7500,12000,14000,15000,18000,21000,23000,25000,29000,33000,42000,75001,1954,7500.0,8372.15761713158,15.018099002190866,42484.39129999679,331.03614618471755
1693957551,455,,Aggregated,16.200000,1.400000,7500,12000,14000,15000,18000,21000,23000,25000,29000,33000,42000,75012,1955,7500.0,8374.291993653436,15.018099002190866,42484.39129999679,331.049765370874
1693957552,455,,Aggregated,17.200000,1.400000,7500,12000,14000,15000,18000,21000,23000,25000,29000,33000,42000,75033,1956,7500.0,8378.43097604496,15.018099002190866,42484.39129999679,331.05836098783203
1693957553,455,,Aggregated,17.300000,1.400000,7500,12000,14000,15000,18000,21000,23000,25000,29000,33000,42000,75043,1956,7500.0,8380.463917818204,15.018099002190866,42484.39129999679,331.05334275015656
1693957554,455,,Aggregated,17.100000,1.300000,7500,12000,14000,15000,18000,21000,23000,25000,29000,33000,42000,75059,1957,7500.0,8383.686576269472,15.018099002190866,42484.39129999679,331.0644826070158
1693957555,455,,Aggregated,16.700000,1.000000,7500,12000,14000,15000,18000,21000,23000,25000,29000,33000,42000,75073,1957,7500.0,8386.353415175636,15.018099002190866,42484.39129999679,331.0575439905159
1693957556,455,,Aggregated,16.300000,0.800000,7500,12000,14000,15000,18000,21000,23000,25000,29000,33000,42000,75091,1957,7500.0,8389.839934113357,15.018099002190866,42484.39129999679,331.0486343236873
1693957557,455,,Aggregated,16.500000,0.900000,7500,12000,14000,15000,18000,21000,23000,25000,29000,33000,42000,75107,1957,7500.0,8393.088316493406,15.018099002190866,42484.39129999679,331.04068861757224
1693957558,455,,Aggregated,15.800000,0.800000,7500,12000,14000,15000,18000,21000,23000,25000,29000,33000,42000,75120,1957,7500.0,8395.845515108722,15.018099002190866,42484.39129999679,331.0342651757189
1693957560,455,,Aggregated,15.800000,0.700000,7500,12000,14000,15000,18000,21000,23000,25000,29000,33000,42000,75139,1959,7500.0,8399.356161900683,15.018099002190866,42484.39129999679,331.0629366906666
1693957561,455,,Aggregated,14.600000,0.300000,7500,12000,14000,15000,18000,21000,23000,25000,29000,33000,42000,75152,1959,7500.0,8402.077368678205,15.018099002190866,42484.39129999679,331.05651213540557
1693957562,455,,Aggregated,14.600000,0.500000,7500,12000,14000,15000,18000,21000,23000,25000,29000,34000,42000,75165,1959,7500.0,8404.747162501528,15.018099002190866,42484.39129999679,331.0500898024346
1693957563,455,,Aggregated,14.500000,0.500000,7500,12000,14000,15000,18000,21000,23000,25000,29000,34000,42000,75177,1960,7500.0,8406.820414124126,15.018099002190866,42484.39129999679,331.0631842185775
1693957564,455,,Aggregated,14.100000,0.300000,7500,12000,14000,15000,18000,21000,23000,25000,29000,34000,42000,75187,1960,7500.0,8408.513906827238,15.018099002190866,42484.39129999679,331.0582015508
1693957565,455,,Aggregated,13.600000,0.400000,7500,12000,14000,15000,18000,21000,23000,25000,29000,34000,42000,75193,1960,7500.0,8409.644284663209,15.018099002190866,42484.39129999679,331.0552312050324
1693957566,455,,Aggregated,13.800000,0.400000,7500,12000,14000,15000,18000,21000,23000,25000,29000,34000,42000,75206,1961,7500.0,8411.824383060854,15.018099002190866,42484.39129999679,331.0677605510199
1693957567,455,,Aggregated,12.900000,0.300000,7500,12000,14000,15000,18000,21000,23000,25000,29000,34000,42000,75226,1961,7500.0,8415.288087014364,15.018099002190866,42484.39129999679,331.0578656315636
1693957568,455,,Aggregated,12.200000,0.300000,7500,12000,14000,15000,19000,21000,23000,25000,29000,34000,42000,75246,1961,7500.0,8419.162127851218,15.018099002190866,42484.39129999679,331.04793610291574
1693957569,455,,Aggregated,12.400000,0.400000,7500,12000,14000,15000,19000,21000,23000,25000,29000,34000,42000,75257,1961,7500.0,8421.086377993695,15.018099002190866,42484.39129999679,331.04244123470244
1693957570,455,,Aggregated,12.400000,0.400000,7500,12000,14000,15000,19000,21000,23000,25000,29000,34000,42000,75275,1962,7500.0,8424.518669408151,15.018099002190866,42484.39129999679,331.0525406841581
1693957571,455,,Aggregated,13.000000,0.400000,7500,12000,14000,15000,19000,21000,23000,25000,29000,34000,42000,75291,1964,7500.0,8427.370799549677,15.018099002190866,42484.39129999679,331.0825995138861
1693957572,455,,Aggregated,12.600000,0.300000,7500,12000,14000,15000,19000,21000,23000,25000,29000,34000,42000,75310,1964,7500.0,8430.892584378062,15.018099002190866,42484.39129999679,331.0731908113132
1693957573,455,,Aggregated,13.200000,0.500000,7500,12000,14000,15000,19000,21000,23000,25000,29000,34000,42000,75339,1964,7500.0,8436.599074219039,15.018099002190866,42484.39129999679,331.0588407066725
1693957574,455,,Aggregated,13.400000,0.500000,7500,12000,14000,15000,19000,21000,23000,25000,29000,34000,42000,75356,1964,7500.0,8439.623398446229,15.018099002190866,42484.39129999679,331.0504803864324
1693957576,455,,Aggregated,14.200000,0.400000,7600,12000,14000,15000,19000,21000,23000,25000,29000,34000,42000,75376,1965,7600.0,8442.908992624269,15.018099002190866,42484.39129999679,331.05959456590955
1693957577,455,,Aggregated,15.600000,0.400000,7600,12000,14000,15000,19000,21000,23000,25000,29000,34000,42000,75391,1966,7600.0,8445.51795846009,15.018099002190866,42484.39129999679,331.07114907614965
1693957578,455,,Aggregated,17.800000,0.500000,7600,12000,14000,15000,19000,21000,23000,25000,29000,34000,42000,75406,1968,7600.0,8448.076779919762,15.018099002190866,42484.39129999679,331.1016762591836
1693957579,455,,Aggregated,17.400000,0.500000,7600,12000,14000,15000,19000,21000,23000,25000,29000,34000,42000,75420,1969,7600.0,8450.493189748075,15.018099002190866,42484.39129999679,331.11369663219307
1693957580,455,,Aggregated,17.300000,0.700000,7600,12000,14000,15000,19000,21000,23000,25000,29000,34000,42000,75438,1970,7600.0,8453.741860896,15.018099002190866,42484.39129999679,331.1237572576155
1693957581,455,,Aggregated,16.900000,0.800000,7600,12000,14000,15000,19000,21000,23000,25000,29000,34000,42000,75482,1974,7600.0,8461.457513801666,15.018099002190866,42484.39129999679,331.1777509869903
1693957582,455,,Aggregated,17.000000,0.800000,7600,12000,14000,15000,19000,21000,23000,25000,29000,34000,42000,75497,1977,7600.0,8463.761145108474,15.018099002190866,42484.39129999679,331.2271745897188
1693957583,455,,Aggregated,18.700000,0.900000,7600,12000,14000,15000,19000,21000,23000,25000,29000,34000,42000,75521,1981,7600.0,8467.763324850313,15.018099002190866,42484.39129999679,331.2910581162855
1693957584,455,,Aggregated,19.500000,1.200000,7600,12000,14000,15000,19000,21000,23000,25000,29000,34000,42000,75536,1982,7600.0,8470.03536592575,15.018099002190866,42484.39129999679,331.3025709595425
1693957585,455,,Aggregated,19.500000,1.400000,7600,12000,14000,15000,19000,21000,23000,25000,29000,34000,42000,75549,1983,7600.0,8471.916560886993,15.018099002190866,42484.39129999679,331.31500086036874
1693957586,455,,Aggregated,18.800000,1.800000,7600,12000,14000,15000,19000,21000,23000,25000,29000,34000,42000,75561,1983,7600.0,8473.963005990874,15.018099002190866,42484.39129999679,331.309048318577
1693957587,455,,Aggregated,18.700000,1.900000,7600,12000,14000,15000,19000,21000,23000,25000,29000,34000,42000,75578,1983,7600.0,8476.570663766128,15.018099002190866,42484.39129999679,331.30057688745404
1693957588,455,,Aggregated,17.600000,1.800000,7600,12000,14000,15000,19000,21000,23000,25000,29000,34000,42000,75589,1983,7600.0,8478.672268659124,15.018099002190866,42484.39129999679,331.29512230615563
1693957589,455,,Aggregated,17.300000,1.700000,7600,12000,14000,15000,19000,21000,23000,25000,29000,34000,42000,75599,1983,7600.0,8480.386070234003,15.018099002190866,42484.39129999679,331.2901890236643
1693957590,455,,Aggregated,17.700000,1.500000,7600,12000,14000,15000,19000,21000,23000,25000,29000,34000,42000,75615,1983,7600.0,8482.834750890752,15.018099002190866,42484.39129999679,331.2822455861932
1693957591,455,,Aggregated,17.300000,1.400000,7600,12000,14000,15000,19000,21000,23000,25000,29000,34000,42000,75629,1984,7600.0,8484.88797723445,15.018099002190866,42484.39129999679,331.29417287019527
1693957593,455,,Aggregated,14.600000,1.000000,7600,12000,14000,15000,19000,21000,23000,25000,29000,34000,42000,75642,1985,7600.0,8486.979745754808,15.018099002190866,42484.39129999679,331.30662859258086
1693957594,455,,Aggregated,14.600000,1.000000,7600,12000,14000,15000,19000,21000,23000,25000,29000,34000,42000,75658,1985,7600.0,8489.271760879703,15.018099002190866,42484.39129999679,331.2987126278781
1693957595,455,,Aggregated,13.100000,0.700000,7600,12000,14000,15000,19000,21000,23000,25000,29000,34000,42000,75666,1986,7600.0,8490.162096853268,15.018099002190866,42484.39129999679,331.3136415298813
1693957596,455,,Aggregated,12.900000,0.300000,7600,12000,14000,15000,19000,21000,23000,25000,29000,34000,42000,75681,1986,7600.0,8492.811103512699,15.018099002190866,42484.39129999679,331.3062195266976
1693957597,455,,Aggregated,12.200000,0.300000,7600,12000,14000,15000,19000,21000,23000,25000,29000,34000,42000,75699,1990,7600.0,8495.19276765632,15.018099002190866,42484.39129999679,331.3728318736047
1693957598,455,,Aggregated,12.400000,0.300000,7600,12000,14000,15000,19000,21000,23000,25000,29000,34000,42000,75716,1991,7600.0,8497.93805259369,15.018099002190866,42484.39129999679,331.38327434095834
1693957599,455,,Aggregated,13.100000,0.700000,7600,12000,14000,15000,19000,21000,23000,25000,29000,34000,42000,75731,1992,7600.0,8500.37344010738,15.018099002190866,42484.39129999679,331.39471286527316
1693957600,455,,Aggregated,12.800000,0.700000,7600,12000,14000,15000,19000,21000,23000,25000,29000,34000,42000,75748,1994,7600.0,8503.854490927555,15.018099002190866,42484.39129999679,331.42401119501505
1693957601,455,,Aggregated,13.700000,0.900000,7600,12000,14000,15000,19000,21000,23000,25000,29000,34000,42000,75768,1995,7600.0,8507.241076265405,15.018099002190866,42484.39129999679,331.4329136310844
1693957602,455,,Aggregated,13.800000,1.100000,7600,12000,14000,15000,19000,21000,23000,25000,29000,34000,42000,75781,1995,7600.0,8509.518339681325,15.018099002190866,42484.39129999679,331.42646573679417
1693957603,455,,Aggregated,14.000000,1.100000,7600,12000,14000,15000,19000,21000,23000,25000,29000,34000,42000,75795,1996,7600.0,8511.649818803926,15.018099002190866,42484.39129999679,331.4384062273237
1693957604,455,,Aggregated,14.400000,1.100000,7600,12000,14000,15000,19000,21000,23000,25000,29000,34000,42000,75811,1996,7600.0,8514.50416506517,15.018099002190866,42484.39129999679,331.4304652359156
1693957605,455,,Aggregated,14.400000,1.100000,7600,12000,14000,15000,19000,21000,23000,25000,29000,34000,42000,75829,1996,7600.0,8517.75524782866,15.018099002190866,42484.39129999679,331.4215141964156
1693957606,455,,Aggregated,14.500000,1.100000,7600,12000,14000,15000,19000,21000,23000,25000,29000,34000,42000,75843,1996,7600.0,8520.264206320826,15.018099002190866,42484.39129999679,331.4145801194573
1693957607,460,,Aggregated,15.100000,1.000000,7600,12000,14000,15000,19000,21000,23000,25000,29000,34000,42000,75856,1997,7600.0,8522.67547006968,15.018099002190866,42484.39129999679,331.42700643324196
1693957608,460,,Aggregated,15.800000,1.000000,7600,12000,14000,15000,19000,21000,24000,25000,29000,34000,42000,75869,1997,7600.0,8525.178004907757,15.018099002190866,42484.39129999679,331.4205406687843
1693957610,460,,Aggregated,14.600000,0.700000,7600,12000,14000,15000,19000,21000,24000,25000,30000,34000,42000,75883,1997,7600.0,8527.997790425254,15.018099002190866,42484.39129999679,331.41363678294215
1693957611,460,,Aggregated,14.000000,0.500000,7600,12000,14000,16000,19000,21000,24000,25000,30000,34000,42000,75899,1997,7600.0,8531.01524229927,15.018099002190866,42484.39129999679,331.4056838693527
1693957612,460,,Aggregated,14.100000,0.300000,7600,12000,14000,16000,19000,21000,24000,25000,30000,34000,42000,75917,1999,7600.0,8534.307145487748,15.018099002190866,42484.39129999679,331.4344876641595
1693957613,460,,Aggregated,13.900000,0.300000,7600,12000,14000,16000,19000,21000,24000,25000,30000,34000,42000,75927,2000,7600.0,8536.29640488301,15.018099002190866,42484.39129999679,331.4483648767895
1693957614,460,,Aggregated,13.900000,0.300000,7600,12000,14000,16000,19000,21000,24000,25000,30000,34000,42000,75942,2001,7600.0,8539.209575247281,15.018099002190866,42484.39129999679,331.4597324273788
1693957615,460,,Aggregated,13.900000,0.400000,7600,12000,14000,16000,19000,21000,24000,25000,30000,34000,42000,75957,2002,7600.0,8542.270371730952,15.018099002190866,42484.39129999679,331.4711613149545
1693957616,460,,Aggregated,13.500000,0.400000,7600,12000,14000,16000,19000,21000,24000,25000,30000,34000,42000,75973,2002,7600.0,8545.581004997997,15.018099002190866,42484.39129999679,331.46323035815357
1693957617,460,,Aggregated,13.400000,0.600000,7600,12000,14000,16000,19000,21000,24000,25000,30000,34000,42000,75984,2002,7600.0,8547.73453322985,15.018099002190866,42484.39129999679,331.4577279427248
1693957618,460,,Aggregated,13.300000,0.600000,7600,12000,14000,16000,19000,21000,24000,25000,30000,34000,42000,76006,2002,7600.0,8552.150865197249,15.018099002190866,42484.39129999679,331.44676736047154
1693957619,460,,Aggregated,13.500000,0.600000,7700,12000,14000,16000,19000,21000,24000,25000,30000,34000,42000,76022,2002,7700.0,8555.344735799246,15.018099002190866,42484.39129999679,331.4387940333061
1693957620,460,,Aggregated,13.900000,0.500000,7700,12000,14000,16000,19000,21000,24000,25000,30000,34000,42000,76038,2004,7700.0,8558.31458028285,15.018099002190866,42484.39129999679,331.46844998553354
1693957621,460,,Aggregated,14.400000,0.500000,7700,12000,14000,16000,19000,21000,24000,25000,30000,34000,42000,76059,2007,7700.0,8562.602108470406,15.018099002190866,42484.39129999679,331.51440329218104
1693957622,460,,Aggregated,14.700000,0.600000,7700,12000,14000,16000,19000,21000,24000,25000,30000,34000,42000,76078,2008,7700.0,8566.467802119349,15.018099002190866,42484.39129999679,331.52373879439523
1693957623,460,,Aggregated,15.000000,0.800000,7700,12000,14000,16000,19000,21000,24000,25000,30000,34000,42000,76090,2008,7700.0,8568.905634606264,15.018099002190866,42484.39129999679,331.5177290051255
1693957624,460,,Aggregated,15.000000,0.900000,7700,12000,14000,16000,19000,21000,24000,25000,30000,34000,42000,76107,2009,7700.0,8572.465110988041,15.018099002190866,42484.39129999679,331.5280854586306
1693957626,460,,Aggregated,15.500000,0.800000,7700,12000,14000,16000,19000,21000,24000,25000,30000,34000,42000,76118,2010,7700.0,8574.749787226883,15.018099002190866,42484.39129999679,331.5414093906829
1693957627,460,,Aggregated,15.700000,0.700000,7700,12000,14000,16000,19000,21000,24000,25000,30000,34000,42000,76137,2010,7700.0,8578.442115756685,15.018099002190866,42484.39129999679,331.53194898669506
1693957628,460,,Aggregated,15.100000,0.800000,7700,12000,14000,16000,19000,21000,24000,25000,30000,34000,42000,76152,2011,7700.0,8581.195665456362,15.018099002190866,42484.39129999679,331.5433081206009
1693957629,460,,Aggregated,15.700000,0.800000,7700,12000,14000,16000,19000,21000,24000,25000,30000,34000,42000,76164,2011,7700.0,8583.256212311919,15.018099002190866,42484.39129999679,331.5373667349404
1693957630,460,,Aggregated,15.400000,0.800000,7700,12000,14000,16000,19000,21000,24000,25000,30000,34000,42000,76190,2011,7700.0,8588.099050998533,15.018099002190866,42484.39129999679,331.52453077831734
1693957631,460,,Aggregated,14.700000,0.900000,7700,12000,14000,16000,19000,21000,24000,25000,30000,34000,42000,76201,2012,7700.0,8589.876347632018,15.018099002190866,42484.39129999679,331.53786695712654
1693957632,460,,Aggregated,15.900000,0.800000,7700,12000,14000,16000,19000,21000,24000,25000,30000,34000,42000,76219,2013,7700.0,8593.26306418521,15.018099002190866,42484.39129999679,331.54772432070746
1693957633,460,,Aggregated,15.400000,0.700000,7700,12000,14000,16000,19000,21000,24000,25000,30000,34000,42000,76240,2014,7700.0,8597.29448421514,15.018099002190866,42484.39129999679,331.55609916054567
1693957634,460,,Aggregated,15.000000,0.500000,7700,12000,14000,16000,19000,21000,24000,25000,30000,34000,42000,76257,2015,7700.0,8600.290163794361,15.018099002190866,42484.39129999679,331.56643980224766
1693957635,460,,Aggregated,15.300000,0.600000,7700,12000,14000,16000,19000,21000,24000,25000,30000,34000,42000,76272,2015,7700.0,8602.85488126641,15.018099002190866,42484.39129999679,331.5589862597021
1693957636,460,,Aggregated,15.400000,0.600000,7700,12000,14000,16000,19000,21000,24000,25000,30000,34000,42000,76282,2015,7700.0,8604.939057521391,15.018099002190866,42484.39129999679,331.55404944810044
1693957637,460,,Aggregated,15.800000,0.600000,7700,12000,14000,16000,19000,21000,24000,25000,30000,34000,42000,76301,2017,7700.0,8607.959336843549,15.018099002190866,42484.39129999679,331.58215488656765
1693957638,460,,Aggregated,15.700000,0.500000,7700,12000,14000,16000,19000,21000,24000,25000,30000,34000,42000,76321,2019,7700.0,8611.958471164115,15.018099002190866,42484.39129999679,331.60974043841145
1693957639,460,,Aggregated,15.200000,0.500000,7700,12000,14000,16000,19000,21000,24000,25000,30000,34000,42000,76343,2020,7700.0,8616.047929688317,15.018099002190866,42484.39129999679,331.61755498212017
1693957640,460,,Aggregated,15.400000,0.700000,7700,12000,14000,16000,19000,21000,24000,25000,30000,34000,42000,76361,2020,7700.0,8619.317848059993,15.018099002190866,42484.39129999679,331.6086483938136
1693957641,460,,Aggregated,16.800000,0.800000,7700,12000,14000,16000,19000,21000,24000,25000,30000,34000,42000,76378,2023,7700.0,8622.044793694824,15.018099002190866,42484.39129999679,331.656393202231
1693957643,460,,Aggregated,15.900000,0.900000,7700,12000,14000,16000,19000,21000,24000,25000,30000,34000,42000,76398,2024,7700.0,8625.322377005186,15.018099002190866,42484.39129999679,331.6651875703553
1693957644,460,,Aggregated,16.600000,1.100000,7700,12000,14000,16000,19000,21000,24000,25000,30000,34000,42000,76425,2027,7700.0,8629.372988190134,15.018099002190866,42484.39129999679,331.70798822374877
1693957645,460,,Aggregated,16.600000,1.000000,7700,12000,14000,16000,19000,21000,24000,25000,30000,34000,42000,76441,2028,7700.0,8631.877081114446,15.018099002190866,42484.39129999679,331.7187896547664
1693957646,460,,Aggregated,17.500000,1.300000,7700,12000,14000,16000,19000,21000,24000,25000,30000,34000,42000,76466,2030,7700.0,8635.499368183853,15.018099002190866,42484.39129999679,331.7438077053854
1693957647,460,,Aggregated,17.400000,1.300000,7700,12000,14000,16000,19000,21000,24000,25000,30000,34000,42000,76483,2031,7700.0,8637.758033438588,15.018099002190866,42484.39129999679,331.754036844789
1693957648,460,,Aggregated,18.300000,1.500000,7700,12000,14000,16000,19000,21000,24000,25000,30000,34000,42000,76497,2033,7700.0,8639.375658499057,15.018099002190866,42484.39129999679,331.7844752081781
1693957649,460,,Aggregated,19.100000,1.600000,7700,12000,14000,16000,19000,21000,24000,25000,30000,34000,42000,76515,2035,7700.0,8641.453913599455,15.018099002190866,42484.39129999679,331.8128732928184
1693957650,460,,Aggregated,18.700000,1.500000,7700,12000,14000,16000,19000,21000,24000,25000,30000,34000,42000,76530,2037,7700.0,8643.748268771755,15.018099002190866,42484.39129999679,331.84280674245394
1693957651,460,,Aggregated,17.900000,1.500000,7700,12000,14000,16000,19000,21000,24000,25000,30000,34000,42000,76551,2037,7700.0,8646.968759610236,15.018099002190866,42484.39129999679,331.832399315489
1693957652,460,,Aggregated,17.300000,1.500000,7700,12000,14000,16000,19000,21000,24000,25000,30000,34000,42000,76565,2037,7700.0,8649.057572765967,15.018099002190866,42484.39129999679,331.82545549533074
1693957653,460,,Aggregated,17.700000,1.700000,7700,12000,14000,16000,19000,21000,24000,25000,30000,34000,42000,76578,2038,7700.0,8650.801316816152,15.018099002190866,42484.39129999679,331.83769489931836
1693957654,460,,Aggregated,17.800000,1.400000,7800,12000,14000,16000,19000,21000,24000,25000,30000,34000,42000,76594,2039,7700.0,8653.129743911146,15.018099002190866,42484.39129999679,331.84843460323265
1693957655,460,,Aggregated,17.300000,1.400000,7800,12000,14000,16000,19000,21000,24000,25000,30000,34000,42000,76607,2039,7800.0,8655.19458604798,15.018099002190866,42484.39129999679,331.8419726656833
1693957656,460,,Aggregated,16.300000,1.100000,7800,12000,14000,16000,19000,21000,24000,25000,30000,34000,42000,76623,2041,7800.0,8657.585471274468,15.018099002190866,42484.39129999679,331.87134411338633
1693957657,460,,Aggregated,15.600000,1.100000,7800,12000,14000,16000,19000,21000,24000,25000,30000,34000,42000,76642,2041,7800.0,8660.315304472606,15.018099002190866,42484.39129999679,331.86190339500536
1693957659,460,,Aggregated,15.200000,1.100000,7800,12000,14000,16000,19000,21000,24000,25000,30000,34000,42000,76653,2041,7800.0,8661.934051624783,15.018099002190866,42484.39129999679,331.85645702059935
1693957660,460,,Aggregated,15.200000,0.900000,7800,12000,14000,16000,19000,21000,24000,26000,30000,34000,42000,76672,2043,7800.0,8665.01373993143,15.018099002190866,42484.39129999679,331.88431239565944
1693957661,460,,Aggregated,14.600000,0.700000,7800,12000,14000,16000,19000,21000,24000,26000,30000,34000,42000,76682,2043,7800.0,8666.852993716928,15.018099002190866,42484.39129999679,331.87934586995647
1693957662,460,,Aggregated,15.000000,0.800000,7800,12000,14000,16000,19000,21000,24000,26000,30000,34000,42000,76695,2043,7800.0,8669.090422002679,15.018099002190866,42484.39129999679,331.87288610730815
1693957663,460,,Aggregated,14.000000,0.600000,7800,12000,14000,16000,19000,21000,24000,26000,30000,34000,42000,76709,2043,7800.0,8671.456264132728,15.018099002190866,42484.39129999679,331.8659479330978
1693957664,460,,Aggregated,13.700000,0.600000,7800,12000,14000,16000,19000,21000,24000,26000,30000,34000,42000,76723,2045,7800.0,8673.840945858708,15.018099002190866,42484.39129999679,331.89626318053257
1693957665,460,,Aggregated,13.600000,0.500000,7800,12000,14000,16000,19000,21000,24000,26000,30000,35000,42000,76729,2046,7800.0,8675.126026836135,15.018099002190866,42484.39129999679,331.9118846850604
1693957666,460,,Aggregated,13.500000,0.600000,7800,12000,14000,16000,19000,21000,24000,26000,30000,35000,42000,76743,2048,7800.0,8677.363312564737,15.018099002190866,42484.39129999679,331.94217062142474
1693957667,465,,Aggregated,13.100000,0.700000,7800,12000,14000,16000,19000,21000,24000,26000,30000,35000,42000,76759,2051,7800.0,8680.291897103816,15.018099002190866,42484.39129999679,331.99015099206605
1693957668,465,,Aggregated,12.800000,0.600000,7800,12000,14000,16000,19000,21000,24000,26000,30000,35000,42000,76772,2052,7800.0,8682.511962451998,15.018099002190866,42484.39129999679,332.0023185536393
1693957669,465,,Aggregated,12.500000,0.700000,7800,12000,14000,16000,19000,21000,24000,26000,30000,35000,42000,76787,2056,7800.0,8685.082472736618,15.018099002190866,42484.39129999679,332.06936069907664
1693957670,465,,Aggregated,12.300000,1.000000,7800,12000,14000,16000,19000,21000,24000,26000,30000,35000,42000,76807,2061,7800.0,8688.631852839193,15.018099002190866,42484.39129999679,332.1524861015272
1693957671,465,,Aggregated,12.400000,1.200000,7800,12000,14000,16000,19000,21000,24000,26000,30000,35000,42000,76822,2061,7800.0,8691.500847641026,15.018099002190866,42484.39129999679,332.14501054385465
1693957672,465,,Aggregated,12.000000,1.300000,7800,12000,14000,16000,19000,21000,24000,26000,30000,35000,42000,76843,2063,7800.0,8695.29972046302,15.018099002190866,42484.39129999679,332.17175279465926
1693957673,465,,Aggregated,13.100000,1.800000,7800,12000,14000,16000,19000,21000,24000,26000,30000,35000,42000,76853,2064,7800.0,8697.084817528877,15.018099002190866,42484.39129999679,332.18534084551027
1693957674,465,,Aggregated,13.100000,1.800000,7800,12000,14000,16000,19000,21000,24000,26000,30000,35000,42000,76871,2066,7800.0,8700.56119744858,15.018099002190866,42484.39129999679,332.2135655839003
1693957676,465,,Aggregated,13.400000,2.000000,7800,12000,14000,16000,19000,21000,24000,26000,30000,35000,42000,76888,2066,7800.0,8703.785925708862,15.018099002190866,42484.39129999679,332.2051035272084
1693957677,465,,Aggregated,14.500000,2.000000,7800,12000,14000,16000,19000,21000,24000,26000,30000,35000,42000,76905,2067,7800.0,8706.86566698848,15.018099002190866,42484.39129999679,332.21521357519015
1693957678,465,,Aggregated,14.900000,1.900000,7800,12000,14000,16000,19000,21000,24000,26000,30000,35000,42000,76921,2067,7800.0,8710.144079390713,15.018099002190866,42484.39129999679,332.2072255950911
1693957679,465,,Aggregated,15.300000,1.800000,7800,12000,14000,16000,19000,21000,24000,26000,30000,35000,42000,76948,2069,7800.0,8714.96094822437,15.018099002190866,42484.39129999679,332.230948172792
1693957680,465,,Aggregated,15.400000,1.600000,7800,12000,14000,16000,19000,21000,24000,26000,30000,35000,42000,76964,2071,7800.0,8718.051989635864,15.018099002190866,42484.39129999679,332.26014760147604
1693957681,465,,Aggregated,16.600000,1.600000,7800,12000,14000,16000,19000,21000,24000,26000,30000,35000,42000,76974,2071,7800.0,8719.80687949941,15.018099002190866,42484.39129999679,332.25516408137815
1693957682,465,,Aggregated,17.000000,1.500000,7800,12000,14000,16000,19000,22000,24000,26000,30000,35000,42000,76994,2072,7800.0,8723.463580102483,15.018099002190866,42484.39129999679,332.2637478245058
1693957683,465,,Aggregated,16.300000,1.000000,7800,12000,14000,16000,19000,22000,24000,26000,30000,35000,42000,77008,2074,7800.0,8725.997974357455,15.018099002190866,42484.39129999679,332.2938915437357
1693957684,465,,Aggregated,16.800000,1.100000,7800,12000,14000,16000,19000,22000,24000,26000,30000,35000,42000,77029,2075,7800.0,8730.091924693492,15.018099002190866,42484.39129999679,332.30196419530307
1693957685,465,,Aggregated,15.600000,0.900000,7800,12000,14000,16000,19000,22000,24000,26000,30000,35000,42000,77043,2077,7800.0,8732.23310972932,15.018099002190866,42484.39129999679,332.33207429617227
1693957686,465,,Aggregated,16.500000,1.000000,7800,12000,14000,16000,19000,22000,24000,26000,30000,35000,42000,77066,2079,7800.0,8736.85325174358,15.018099002190866,42484.39129999679,332.3577063815431
1693957687,465,,Aggregated,16.500000,1.100000,7800,12000,14000,16000,19000,22000,24000,26000,30000,35000,42000,77082,2079,7800.0,8739.945287677212,15.018099002190866,42484.39129999679,332.3497444280117
1693957688,465,,Aggregated,16.300000,1.100000,7800,12000,14000,16000,19000,22000,24000,26000,30000,35000,42000,77102,2082,7800.0,8743.37209203569,15.018099002190866,42484.39129999679,332.3953723638816
1693957689,465,,Aggregated,17.100000,1.300000,7800,12000,14000,16000,19000,22000,24000,26000,30000,35000,42000,77118,2082,7800.0,8746.326677121793,15.018099002190866,42484.39129999679,332.38731554241554
1693957690,465,,Aggregated,16.500000,1.300000,7800,12000,14000,16000,19000,22000,24000,26000,30000,35000,42000,77132,2083,7800.0,8748.974959826139,15.018099002190866,42484.39129999679,332.39883576207023
1693957692,465,,Aggregated,16.000000,1.300000,7800,12000,14000,16000,19000,22000,24000,26000,30000,35000,42000,77147,2086,7800.0,8751.775597070977,15.018099002190866,42484.39129999679,332.446977847486
1693957693,465,,Aggregated,15.900000,1.200000,7800,12000,14000,16000,19000,22000,24000,26000,30000,35000,42000,77164,2086,7800.0,8754.92530239137,15.018099002190866,42484.39129999679,332.4384946348038
1693957694,465,,Aggregated,15.500000,1.400000,7800,12000,14000,16000,19000,22000,24000,26000,30000,35000,42000,77178,2086,7800.0,8757.596878101023,15.018099002190866,42484.39129999679,332.4314701080619
1693957695,465,,Aggregated,16.000000,1.400000,7900,12000,14000,16000,19000,22000,24000,26000,30000,35000,42000,77192,2086,7900.0,8760.230781218934,15.018099002190866,42484.39129999679,332.4243574463675
1693957696,465,,Aggregated,15.800000,1.200000,7900,12000,14000,16000,19000,22000,24000,26000,30000,35000,42000,77207,2087,7900.0,8762.718257767923,15.018099002190866,42484.39129999679,332.435362078568
1693957697,465,,Aggregated,15.100000,0.900000,7900,12000,14000,16000,19000,22000,24000,26000,30000,35000,42000,77217,2087,7900.0,8764.544115344732,15.018099002190866,42484.39129999679,332.4303585997902
1693957698,465,,Aggregated,15.600000,1.000000,7900,12000,14000,16000,19000,22000,24000,26000,30000,35000,42000,77237,2089,7900.0,8768.127868801237,15.018099002190866,42484.39129999679,332.45738441420565
1693957699,465,,Aggregated,14.100000,0.800000,7900,12000,14000,16000,19000,22000,24000,26000,30000,35000,42000,77251,2090,7900.0,8770.43553749909,15.018099002190866,42484.39129999679,332.4689000789634
1693957700,465,,Aggregated,14.900000,0.900000,7900,12000,14000,16000,19000,22000,24000,26000,30000,35000,42000,77271,2090,7900.0,8773.806627206164,15.018099002190866,42484.39129999679,332.45885260964656
1693957701,465,,Aggregated,14.100000,0.700000,7900,12000,14000,16000,19000,22000,24000,26000,30000,35000,42000,77288,2092,7900.0,8776.503034140025,15.018099002190866,42484.39129999679,332.4873848462892
1693957702,465,,Aggregated,14.300000,0.800000,7900,12000,14000,16000,19000,22000,24000,26000,30000,35000,42000,77300,2094,7900.0,8778.506241050563,15.018099002190866,42484.39129999679,332.518382923674
1693957703,465,,Aggregated,14.900000,0.800000,7900,12000,14000,16000,19000,22000,24000,26000,30000,35000,42000,77317,2094,7900.0,8781.277364014455,15.018099002190866,42484.39129999679,332.50987493048103
1693957704,465,,Aggregated,14.700000,0.800000,7900,12000,14000,16000,19000,22000,24000,26000,30000,35000,42000,77335,2097,7900.0,8784.145806019378,15.018099002190866,42484.39129999679,332.55634576841015
1693957705,465,,Aggregated,14.400000,0.800000,7900,12000,14000,16000,19000,22000,24000,26000,30000,35000,42000,77355,2099,7900.0,8787.669087325183,15.018099002190866,42484.39129999679,332.58329778294876
1693957706,465,,Aggregated,14.500000,0.800000,7900,12000,15000,16000,19000,22000,24000,26000,30000,35000,42000,77387,2101,7900.0,8793.449906732005,15.018099002190866,42484.39129999679,332.60421000943313
1693957707,465,,Aggregated,15.000000,1.100000,7900,12000,15000,16000,19000,22000,24000,26000,30000,35000,42000,77405,2102,7900.0,8796.492903635806,15.018099002190866,42484.39129999679,332.61365544861445
1693957709,465,,Aggregated,17.400000,1.400000,7900,12000,15000,16000,19000,22000,24000,26000,30000,35000,42000,77430,2105,7900.0,8800.605168489164,15.018099002190866,42484.39129999679,332.6565543071161
1693957710,465,,Aggregated,17.200000,1.300000,7900,12000,15000,16000,19000,22000,24000,26000,30000,35000,42000,77449,2106,7900.0,8803.565472378856,15.018099002190866,42484.39129999679,332.6654960038219
1693957711,465,,Aggregated,18.400000,1.600000,7900,12000,15000,16000,19000,22000,24000,26000,30000,35000,42000,77468,2107,7900.0,8806.517337965934,15.018099002190866,42484.39129999679,332.6744333144008
1693957712,465,,Aggregated,18.600000,1.600000,7900,12000,15000,16000,19000,22000,24000,26000,30000,35000,42000,77480,2109,7900.0,8808.415298922198,15.018099002190866,42484.39129999679,332.70531750129066
1693957713,465,,Aggregated,18.000000,1.500000,7900,12000,15000,16000,19000,22000,24000,26000,30000,35000,42000,77490,2109,7900.0,8809.988362058097,15.018099002190866,42484.39129999679,332.70029681249196
1693957714,465,,Aggregated,18.200000,1.500000,7900,12000,15000,16000,19000,22000,24000,26000,30000,35000,42000,77503,2111,7900.0,8811.99422963769,15.018099002190866,42484.39129999679,332.73070719843105
1693957715,465,,Aggregated,18.400000,1.500000,7900,12000,15000,16000,19000,22000,24000,26000,30000,35000,42000,77523,2112,7900.0,8815.118760997511,15.018099002190866,42484.39129999679,332.7390838847826
1693957716,465,,Aggregated,18.000000,1.600000,7900,12000,15000,16000,19000,22000,24000,26000,30000,35000,42000,77541,2112,7900.0,8817.957799461423,15.018099002190866,42484.39129999679,332.7300266955546
1693957717,465,,Aggregated,17.700000,1.500000,7900,12000,15000,16000,19000,22000,24000,26000,30000,35000,42000,77555,2113,7900.0,8820.041847216648,15.018099002190866,42484.39129999679,332.74146089871704
1693957718,465,,Aggregated,17.400000,1.300000,7900,12000,15000,16000,19000,22000,24000,26000,30000,35000,42000,77570,2114,7900.0,8822.510464013289,15.018099002190866,42484.39129999679,332.7523784968416
1693957719,465,,Aggregated,15.900000,1.100000,7900,12000,15000,16000,19000,22000,24000,26000,30000,35000,42000,77590,2115,7900.0,8825.134049894452,15.018099002190866,42484.39129999679,332.76078102848305
1693957720,465,,Aggregated,15.700000,1.200000,7900,12000,15000,16000,19000,22000,24000,26000,30000,35000,42000,77610,2117,7900.0,8828.50608000108,15.018099002190866,42484.39129999679,332.7875273804922
1693957721,465,,Aggregated,14.900000,0.900000,7900,12000,15000,16000,19000,22000,24000,26000,30000,35000,42000,77627,2118,7900.0,8830.94676558119,15.018099002190866,42484.39129999679,332.7974416118103
1693957722,465,,Aggregated,14.800000,1.000000,7900,12000,15000,16000,19000,22000,24000,26000,30000,35000,42000,77642,2121,7900.0,8832.930282418049,15.018099002190866,42484.39129999679,332.84518688338784
1693957723,465,,Aggregated,15.300000,1.100000,7900,12000,15000,16000,19000,22000,24000,26000,30000,35000,42000,77662,2121,7900.0,8835.916364636489,15.018099002190866,42484.39129999679,332.8351188483428
1693957725,465,,Aggregated,15.400000,0.900000,7900,12000,15000,16000,19000,22000,24000,26000,30000,35000,42000,77675,2122,7900.0,8838.055207797377,15.018099002190866,42484.39129999679,332.8469777920824
1693957726,465,,Aggregated,16.100000,1.100000,7900,12000,15000,16000,19000,22000,24000,26000,30000,35000,42000,77694,2122,7900.0,8841.056641736275,15.018099002190866,42484.39129999679,332.8373748294592
1693957727,465,,Aggregated,16.100000,1.000000,7900,12000,15000,16000,19000,22000,24000,26000,30000,35000,42000,77716,2125,7900.0,8844.203322531117,15.018099002190866,42484.39129999679,332.88153018683414
1693957728,470,,Aggregated,16.100000,1.000000,7900,12000,15000,16000,19000,22000,24000,26000,30000,35000,42000,77733,2126,7900.0,8846.788448414476,15.018099002190866,42484.39129999679,332.8913846114263
1693957729,470,,Aggregated,16.400000,1.200000,7900,12000,15000,16000,19000,22000,24000,26000,30000,35000,42000,77752,2128,7900.0,8849.97516562381,15.018099002190866,42484.39129999679,332.918625887437
1693957730,470,,Aggregated,16.800000,1.100000,7900,12000,15000,16000,19000,22000,24000,26000,30000,35000,42000,77764,2128,7900.0,8851.83313146351,15.018099002190866,42484.39129999679,332.91258165732216
1693957731,470,,Aggregated,17.200000,1.300000,7900,12000,15000,16000,19000,22000,24000,26000,30000,35000,42000,77775,2128,7900.0,8853.566334986428,15.018099002190866,42484.39129999679,332.9070138219222
1693957732,470,,Aggregated,16.100000,1.200000,7900,12000,15000,16000,19000,22000,24000,26000,30000,35000,42000,77794,2129,7900.0,8856.759609624294,15.018099002190866,42484.39129999679,332.9158675476258
1693957733,470,,Aggregated,15.700000,1.100000,7900,12000,15000,16000,19000,22000,24000,26000,30000,35000,42000,77806,2129,7900.0,8858.87264504153,15.018099002190866,42484.39129999679,332.90985271058787
1693957734,470,,Aggregated,15.500000,1.100000,7900,12000,15000,16000,19000,22000,24000,26000,30000,35000,42000,77817,2130,7900.0,8860.48669092831,15.018099002190866,42484.39129999679,332.92269041469086
1693957735,470,,Aggregated,15.500000,0.800000,8000,12000,15000,16000,19000,22000,24000,26000,30000,35000,42000,77827,2131,8000.0,8862.143099871573,15.018099002190866,42484.39129999679,332.93602477289375
1693957736,470,,Aggregated,14.900000,0.900000,8000,12000,15000,16000,19000,22000,24000,26000,30000,35000,42000,77837,2132,8000.0,8863.634730848577,15.018099002190866,42484.39129999679,332.94939424695195
1693957737,470,,Aggregated,14.600000,0.900000,8000,12000,15000,16000,19000,22000,24000,26000,30000,35000,42000,77848,2132,8000.0,8865.478250658341,15.018099002190866,42484.39129999679,332.9438649676292
1693957738,470,,Aggregated,13.800000,0.900000,8000,12000,15000,16000,19000,22000,24000,26000,30000,35000,42000,77866,2133,8000.0,8868.606674898589,15.018099002190866,42484.39129999679,332.95318881154805
1693957739,470,,Aggregated,12.600000,0.800000,8000,12000,15000,16000,19000,22000,24000,26000,30000,35000,42000,77876,2134,8000.0,8870.361696380187,15.018099002190866,42484.39129999679,332.9665237043505
1693957741,470,,Aggregated,12.200000,0.800000,8000,12000,15000,16000,19000,22000,24000,26000,31000,35000,42000,77894,2134,8000.0,8873.903731563605,15.018099002190866,42484.39129999679,332.9574550029527
1693957742,470,,Aggregated,11.700000,0.600000,8000,12000,15000,16000,19000,22000,24000,26000,31000,35000,42000,77915,2137,8000.0,8877.934001423559,15.018099002190866,42484.39129999679,333.00198934736574
1693957743,470,,Aggregated,12.300000,0.600000,8000,12000,15000,16000,19000,22000,24000,26000,31000,35000,42000,77933,2138,8000.0,8881.225076938417,15.018099002190866,42484.39129999679,333.0112789190715
1693957744,470,,Aggregated,13.000000,0.800000,8000,12000,15000,16000,19000,22000,24000,26000,31000,35000,42000,77948,2139,8000.0,8883.953181320507,15.018099002190866,42484.39129999679,333.02206599271307
1693957745,470,,Aggregated,13.200000,0.800000,8000,12000,15000,16000,19000,22000,24000,26000,31000,35000,42000,77961,2140,8000.0,8886.486270549234,15.018099002190866,42484.39129999679,333.03388873924143
1693957746,470,,Aggregated,13.300000,0.900000,8000,12000,15000,16000,19000,22000,24000,26000,31000,35000,42000,77971,2143,8000.0,8887.93150665547,15.018099002190866,42484.39129999679,333.08387733901066
1693957747,470,,Aggregated,13.500000,0.900000,8000,12000,15000,16000,19000,22000,24000,26000,31000,35000,42000,77993,2143,8000.0,8892.294956746347,15.018099002190866,42484.39129999679,333.0727372969369
1693957748,470,,Aggregated,13.800000,1.200000,8000,12000,15000,16000,19000,22000,24000,26000,31000,35000,42000,78011,2144,8000.0,8895.905356079576,15.018099002190866,42484.39129999679,333.08200125623307
1693957749,470,,Aggregated,14.700000,1.100000,8000,12000,15000,16000,19000,22000,24000,26000,31000,35000,42000,78030,2145,8000.0,8898.975615764139,15.018099002190866,42484.39129999679,333.0907215173651
1693957750,470,,Aggregated,15.200000,1.100000,8000,12000,15000,16000,19000,22000,24000,26000,31000,35000,42000,78049,2146,8000.0,8902.454532834072,15.018099002190866,42484.39129999679,333.0994503452959
1693957751,470,,Aggregated,15.700000,1.200000,8000,12000,15000,16000,19000,22000,24000,26000,31000,35000,42000,78061,2147,8000.0,8904.57573785206,15.018099002190866,42484.39129999679,333.1116947002985
1693957752,470,,Aggregated,16.600000,1.100000,8000,12000,15000,16000,19000,22000,24000,26000,31000,36000,42000,78083,2148,8000.0,8909.027124977709,15.018099002190866,42484.39129999679,333.118886313282
1693957753,470,,Aggregated,15.900000,1.300000,8000,12000,15000,16000,19000,22000,24000,26000,31000,36000,42000,78103,2148,8000.0,8912.635257255666,15.018099002190866,42484.39129999679,333.10879223589365
1693957754,470,,Aggregated,15.200000,1.100000,8000,12000,15000,16000,19000,22000,24000,26000,31000,36000,42000,78121,2148,8000.0,8915.945883348053,15.018099002190866,42484.39129999679,333.0997043048604
1693957755,470,,Aggregated,15.900000,1.100000,8000,12000,15000,16000,19000,22000,24000,26000,31000,36000,42000,78138,2149,8000.0,8919.11125183858,15.018099002190866,42484.39129999679,333.10942179221377
1693957757,470,,Aggregated,16.700000,0.900000,8000,12000,15000,16000,19000,22000,25000,26000,31000,36000,42000,78150,2150,8000.0,8921.377786458002,15.018099002190866,42484.39129999679,333.12168905950097
1693957758,470,,Aggregated,16.900000,0.600000,8000,12000,15000,16000,19000,22000,25000,26000,31000,36000,42000,78171,2153,8000.0,8925.21100635013,15.018099002190866,42484.39129999679,333.16598226963964
1693957759,470,,Aggregated,16.500000,0.700000,8000,12000,15000,16000,19000,22000,25000,26000,31000,36000,42000,78196,2156,8000.0,8929.997220289888,15.018099002190866,42484.39129999679,333.20822036932833
1693957760,470,,Aggregated,16.600000,0.900000,8000,12000,15000,16000,20000,22000,25000,26000,31000,36000,42000,78212,2159,8000.0,8933.136657526762,15.018099002190866,42484.39129999679,333.2549736613307
1693957761,470,,Aggregated,17.100000,1.100000,8000,12000,15000,16000,20000,22000,25000,26000,31000,36000,42000,78234,2160,8000.0,8937.119334226196,15.018099002190866,42484.39129999679,333.26217501342126
1693957762,470,,Aggregated,16.500000,1.400000,8000,12000,15000,16000,20000,22000,25000,26000,31000,36000,42000,78246,2160,8000.0,8939.417040048631,15.018099002190866,42484.39129999679,333.25608976816704
1693957763,470,,Aggregated,17.400000,1.300000,8000,12000,15000,16000,20000,22000,25000,26000,31000,36000,42000,78255,2160,8000.0,8941.021269171355,15.018099002190866,42484.39129999679,333.2515494217622
1693957764,470,,Aggregated,17.600000,1.200000,8000,12000,15000,16000,20000,22000,25000,26000,31000,36000,42000,78271,2162,8000.0,8943.750536080255,15.018099002190866,42484.39129999679,333.2800398615068
1693957765,470,,Aggregated,16.300000,1.200000,8000,12000,15000,16000,20000,22000,25000,26000,31000,36000,42000,78291,2163,8000.0,8947.0819846563,15.018099002190866,42484.39129999679,333.28824513673345
1693957766,470,,Aggregated,15.500000,1.400000,8000,12000,15000,16000,20000,22000,25000,26000,31000,36000,42000,78303,2163,8000.0,8949.288504443439,15.018099002190866,42484.39129999679,333.28219863862176
1693957767,470,,Aggregated,15.700000,1.500000,8000,12000,15000,16000,20000,22000,25000,26000,31000,36000,42000,78318,2163,8000.0,8951.669004307381,15.018099002190866,42484.39129999679,333.27462396894714
1693957768,470,,Aggregated,15.900000,1.400000,8000,12000,15000,16000,20000,22000,25000,26000,31000,36000,42000,78335,2164,8000.0,8954.602620835318,15.018099002190866,42484.39129999679,333.2843173549499
1693957769,470,,Aggregated,15.900000,1.300000,8000,12000,15000,16000,20000,22000,25000,26000,31000,36000,42000,78359,2165,8000.0,8958.494608348248,15.018099002190866,42484.39129999679,333.2904197348103
1693957770,470,,Aggregated,15.200000,1.000000,8000,12000,15000,16000,20000,22000,25000,26000,31000,36000,42000,78380,2167,8000.0,8961.833038329805,15.018099002190866,42484.39129999679,333.3162796631794
1693957771,470,,Aggregated,14.600000,0.800000,8000,12000,15000,16000,20000,22000,25000,26000,31000,36000,42000,78398,2167,8000.0,8964.24363501999,15.018099002190866,42484.39129999679,333.30720171432944
1693957772,470,,Aggregated,15.700000,0.700000,8000,12000,15000,16000,20000,22000,25000,26000,31000,36000,42000,78424,2168,8000.0,8968.043988226886,15.018099002190866,42484.39129999679,333.3123023564215
1693957774,470,,Aggregated,15.500000,0.700000,8000,12000,15000,16000,20000,22000,25000,26000,31000,36000,42000,78439,2169,8000.0,8970.043898487875,15.018099002190866,42484.39129999679,333.32297709047793
1693957775,470,,Aggregated,17.100000,0.800000,8100,12000,15000,16000,20000,22000,25000,26000,31000,36000,42000,78465,2170,8100.0,8973.959314380427,15.018099002190866,42484.39129999679,333.3281208181992
1693957776,470,,Aggregated,17.300000,0.700000,8100,12000,15000,16000,20000,22000,25000,26000,31000,36000,42000,78481,2171,8100.0,8976.250806337865,15.018099002190866,42484.39129999679,333.33832392553614
1693957777,470,,Aggregated,18.300000,0.600000,8100,12000,15000,16000,20000,22000,25000,26000,31000,36000,42000,78498,2171,8100.0,8978.324353616501,15.018099002190866,42484.39129999679,333.3297408851181
1693957778,470,,Aggregated,18.000000,0.800000,8100,12000,15000,16000,20000,22000,25000,26000,31000,36000,42000,78507,2172,8100.0,8979.50565724077,15.018099002190866,42484.39129999679,333.34343434343435
1693957779,470,,Aggregated,18.400000,0.800000,8100,12000,15000,16000,20000,22000,25000,26000,31000,36000,42000,78530,2172,8100.0,8982.995706835864,15.018099002190866,42484.39129999679,333.33182223354135
1693957780,470,,Aggregated,18.300000,0.800000,8100,12000,15000,16000,20000,22000,25000,26000,31000,36000,42000,78546,2172,8100.0,8985.484041822581,15.018099002190866,42484.39129999679,333.32378478853155
1693957781,470,,Aggregated,18.500000,0.800000,8100,12000,15000,16000,20000,22000,25000,26000,31000,36000,42000,78561,2173,8100.0,8987.401103523292,15.018099002190866,42484.39129999679,333.3344407530454
1693957782,470,,Aggregated,17.800000,0.600000,8100,12000,15000,16000,20000,22000,25000,26000,31000,36000,42000,78577,2174,8100.0,8989.682403114388,15.018099002190866,42484.39129999679,333.3446173816766
1693957783,470,,Aggregated,17.300000,0.600000,8100,12000,15000,16000,20000,22000,25000,26000,31000,36000,42000,78590,2175,8100.0,8991.922116200014,15.018099002190866,42484.39129999679,333.35629214912836
1693957784,470,,Aggregated,16.800000,0.600000,8100,12000,15000,16000,20000,22000,25000,26000,31000,36000,42000,78604,2176,8100.0,8993.78386585109,15.018099002190866,42484.39129999679,333.36746221566335
1693957785,470,,Aggregated,15.800000,0.700000,8100,12000,15000,16000,20000,22000,25000,26000,31000,36000,42000,78624,2179,8100.0,8996.73315955515,15.018099002190866,42484.39129999679,333.4119734432234
1693957786,470,,Aggregated,15.700000,0.600000,8100,12000,15000,16000,20000,22000,25000,26000,31000,36000,42000,78632,2180,8100.0,8997.867891114089,15.018099002190866,42484.39129999679,333.4261496591718
1693957787,475,,Aggregated,15.100000,0.900000,8100,12000,15000,16000,20000,22000,25000,26000,31000,36000,42000,78647,2180,8100.0,9000.261807193841,15.018099002190866,42484.39129999679,333.41857922107647
1693957788,475,,Aggregated,15.000000,0.800000,8100,12000,15000,16000,20000,22000,25000,26000,31000,36000,42000,78662,2180,8100.0,9002.579774806563,15.018099002190866,42484.39129999679,333.4110370954209
1693957790,475,,Aggregated,14.100000,0.900000,8100,12000,15000,16000,20000,22000,25000,26000,31000,36000,42000,78681,2180,8100.0,9005.854997045715,15.018099002190866,42484.39129999679,333.40146922382786
1693957791,475,,Aggregated,14.400000,0.900000,8100,12000,15000,16000,20000,22000,25000,26000,31000,36000,42000,78695,2180,8100.0,9008.375689125978,15.018099002190866,42484.39129999679,333.39445962259356
1693957792,475,,Aggregated,13.900000,0.800000,8100,12000,15000,16000,20000,22000,25000,26000,31000,36000,42000,78706,2183,8100.0,9010.23069229206,15.018099002190866,42484.39129999679,333.44346047315327
1693957793,475,,Aggregated,14.000000,0.700000,8100,12000,15000,16000,20000,22000,25000,26000,31000,36000,42000,78719,2185,8100.0,9012.463645985428,15.018099002190866,42484.39129999679,333.47326566648456
1693957794,475,,Aggregated,13.400000,0.900000,8100,12000,15000,16000,20000,22000,25000,26000,31000,36000,42000,78730,2185,8100.0,9014.44262122371,15.018099002190866,42484.39129999679,333.4677124349041
1693957795,475,,Aggregated,13.400000,0.900000,8100,12000,15000,16000,20000,22000,25000,26000,31000,36000,42000,78745,2185,8100.0,9017.032939564697,15.018099002190866,42484.39129999679,333.4601308019557
1693957796,475,,Aggregated,13.100000,1.000000,8100,12000,15000,16000,20000,22000,25000,26000,31000,36000,42000,78760,2188,8100.0,9019.425075128425,15.018099002190866,42484.39129999679,333.5070467242255
1693957797,475,,Aggregated,12.800000,0.700000,8100,12000,15000,16000,20000,22000,25000,26000,31000,36000,42000,78774,2189,8100.0,9021.973414352273,15.018099002190866,42484.39129999679,333.51816589229946
1693957798,475,,Aggregated,12.800000,0.900000,8100,12000,15000,16000,20000,22000,25000,26000,31000,36000,42000,78784,2190,8100.0,9023.669272720921,15.018099002190866,42484.39129999679,333.53128807879773
1693957799,475,,Aggregated,13.600000,0.900000,8100,12000,15000,16000,20000,22000,25000,26000,31000,36000,42000,78796,2190,8100.0,9025.824887092645,15.018099002190866,42484.39129999679,333.5252170160922
1693957800,475,,Aggregated,13.200000,1.000000,8100,12000,15000,16000,20000,22000,25000,26000,31000,36000,42000,78813,2191,8100.0,9028.715160249076,15.018099002190866,42484.39129999679,333.53482293530254
1693957801,475,,Aggregated,12.700000,1.000000,8100,12000,15000,16000,20000,22000,25000,26000,31000,36000,42000,78827,2192,8100.0,9031.140196186996,15.018099002190866,42484.39129999679,333.54590432212314
1693957802,475,,Aggregated,11.800000,1.000000,8100,12000,15000,16000,20000,22000,25000,26000,31000,36000,42000,78842,2192,8100.0,9034.208369519805,15.018099002190866,42484.39129999679,333.5383298242054
1693957803,475,,Aggregated,12.300000,1.100000,8100,12000,15000,16000,20000,22000,25000,26000,31000,36000,42000,78860,2194,8100.0,9037.243510309036,15.018099002190866,42484.39129999679,333.56550849606896
1693957804,475,,Aggregated,12.600000,1.000000,8100,12000,15000,16000,20000,22000,25000,26000,31000,36000,42000,78870,2195,8100.0,9038.974884160814,15.018099002190866,42484.39129999679,333.5785976924052
1693957806,475,,Aggregated,12.600000,0.800000,8100,12000,15000,16000,20000,22000,25000,26000,31000,36000,42000,78885,2196,8100.0,9041.525684041306,15.018099002190866,42484.39129999679,333.5891487608544
1693957807,475,,Aggregated,13.500000,0.900000,8100,12000,15000,16000,20000,22000,25000,26000,31000,36000,42000,78910,2196,8100.0,9046.254462688057,15.018099002190866,42484.39129999679,333.57650487897604
1693957808,475,,Aggregated,13.000000,0.800000,8100,12000,15000,16000,20000,22000,25000,26000,31000,36000,42000,78929,2197,8100.0,9050.12326421691,15.018099002190866,42484.39129999679,333.5850574567016
1693957809,475,,Aggregated,14.000000,0.700000,8100,12000,15000,16000,20000,22000,25000,26000,31000,36000,42000,78946,2197,8100.0,9053.451212511496,15.018099002190866,42484.39129999679,333.576495325919
1693957810,475,,Aggregated,14.600000,0.700000,8100,12000,15000,16000,20000,22000,25000,26000,31000,36000,42000,78967,2200,8100.0,9057.518453508004,15.018099002190866,42484.39129999679,333.62027175908923
1693957811,475,,Aggregated,15.400000,0.700000,8100,12000,15000,16000,20000,22000,25000,26000,31000,36000,42000,78988,2202,8100.0,9061.778004167845,15.018099002190866,42484.39129999679,333.64594621967893
1693957812,475,,Aggregated,16.300000,0.900000,8100,12000,15000,16000,20000,22000,25000,26000,31000,36000,42000,79005,2202,8100.0,9065.33669551851,15.018099002190866,42484.39129999679,333.6373773811784
1693957813,475,,Aggregated,16.300000,1.000000,8200,12000,15000,16000,20000,22000,25000,27000,31000,36000,42000,79019,2203,8200.0,9068.282542671152,15.018099002190866,42484.39129999679,333.6484516382136
1693957814,475,,Aggregated,16.900000,1.000000,8200,12000,15000,16000,20000,22000,25000,27000,31000,36000,42000,79029,2204,8200.0,9070.366130037171,15.018099002190866,42484.39129999679,333.6615166584418
1693957815,475,,Aggregated,17.100000,1.100000,8200,12000,15000,16000,20000,22000,25000,27000,31000,36000,42000,79045,2205,8200.0,9073.736883038477,15.018099002190866,42484.39129999679,333.6715541779999
1693957816,475,,Aggregated,16.100000,1.000000,8200,12000,15000,16000,20000,22000,25000,27000,31000,36000,42000,79059,2206,8200.0,9076.560480394379,15.018099002190866,42484.39129999679,333.68257883352936
1693957817,475,,Aggregated,16.600000,0.900000,8200,12000,15000,16000,20000,22000,25000,27000,31000,36000,42000,79074,2206,8200.0,9079.650168741928,15.018099002190866,42484.39129999679,333.6750006323191
1693957818,475,,Aggregated,16.500000,0.900000,8200,12000,15000,16000,20000,22000,25000,27000,31000,36000,42000,79088,2206,8200.0,9082.538504627482,15.018099002190866,42484.39129999679,333.667952154562
1693957819,475,,Aggregated,15.100000,1.000000,8200,12000,15000,16000,20000,22000,25000,27000,31000,37000,42000,79099,2206,8200.0,9084.917543109514,15.018099002190866,42484.39129999679,333.66239775471246
1693957820,475,,Aggregated,15.200000,0.900000,8200,12000,15000,16000,20000,22000,25000,27000,31000,37000,42000,79113,2207,8200.0,9087.590631110163,15.018099002190866,42484.39129999679,333.6734544259477
1693957822,475,,Aggregated,14.700000,0.900000,8200,12000,15000,16000,20000,22000,25000,27000,31000,37000,42000,79120,2208,8200.0,9088.945498822668,15.018099002190866,42484.39129999679,333.68801820020224
1693957823,475,,Aggregated,13.200000,0.600000,8200,12000,15000,16000,20000,22000,25000,27000,31000,37000,42000,79136,2209,8200.0,9092.15955382196,15.018099002190866,42484.39129999679,333.69802618277396
1693957824,475,,Aggregated,12.200000,0.600000,8200,12000,15000,16000,20000,22000,25000,27000,31000,37000,42000,79155,2210,8200.0,9096.159098990609,15.018099002190866,42484.39129999679,333.7065378055714
1693957825,475,,Aggregated,12.200000,0.600000,8200,12000,15000,16000,20000,22000,25000,27000,31000,37000,42000,79172,2214,8200.0,9099.257097483753,15.018099002190866,42484.39129999679,333.77024705704036
1693957826,475,,Aggregated,12.600000,0.500000,8200,12000,15000,16000,20000,22000,25000,27000,31000,37000,42000,79191,2215,8200.0,9103.08745188593,15.018099002190866,42484.39129999679,333.778699599702
1693957827,475,,Aggregated,13.500000,1.000000,8200,12000,15000,16000,20000,22000,25000,27000,31000,37000,42000,79207,2216,8200.0,9106.168870594513,15.018099002190866,42484.39129999679,333.7886550431149
1693957828,475,,Aggregated,13.900000,1.000000,8200,12000,15000,16000,20000,22000,25000,27000,31000,37000,42000,79224,2220,8200.0,9108.89441982621,15.018099002190866,42484.39129999679,333.8522669898011
1693957829,475,,Aggregated,14.200000,1.000000,8200,12000,15000,16000,20000,22000,25000,27000,31000,37000,42000,79243,2221,8200.0,9112.441335703796,15.018099002190866,42484.39129999679,333.86070693941423
1693957830,475,,Aggregated,13.700000,1.300000,8200,12000,15000,16000,20000,22000,25000,27000,31000,37000,42000,79262,2223,8200.0,9116.130946880181,15.018099002190866,42484.39129999679,333.88718427493626
1693957831,475,,Aggregated,14.400000,1.500000,8200,12000,15000,16000,20000,22000,25000,27000,32000,37000,42000,79279,2225,8200.0,9119.347494592414,15.018099002190866,42484.39129999679,333.91465583571943
1693957832,475,,Aggregated,14.900000,1.600000,8200,12000,15000,16000,20000,22000,25000,27000,32000,37000,42000,79308,2231,8200.0,9124.468700243557,15.018099002190866,42484.39129999679,334.0081328491451
1693957833,475,,Aggregated,15.500000,1.700000,8200,13000,15000,16000,20000,22000,25000,27000,32000,37000,42000,79336,2232,8200.0,9129.194699973015,15.018099002190866,42484.39129999679,334.01197438741553
1693957834,475,,Aggregated,16.600000,1.700000,8200,13000,15000,17000,20000,22000,25000,27000,32000,37000,42000,79358,2234,8200.0,9132.164158987034,15.018099002190866,42484.39129999679,334.03690869225534
1693957835,475,,Aggregated,19.100000,2.200000,8200,13000,15000,17000,20000,22000,25000,27000,32000,37000,42000,79376,2235,8200.0,9134.88568349422,15.018099002190866,42484.39129999679,334.0457695021165
1693957836,475,,Aggregated,19.100000,2.300000,8200,13000,15000,17000,20000,22000,25000,27000,32000,37000,42000,79397,2235,8200.0,9138.467382629398,15.018099002190866,42484.39129999679,334.0351272718113
1693957838,475,,Aggregated,19.200000,2.100000,8200,13000,15000,17000,20000,22000,25000,27000,32000,37000,42000,79419,2237,8200.0,9142.054737874074,15.018099002190866,42484.39129999679,334.06001082864304
1693957839,475,,Aggregated,19.400000,1.900000,8200,13000,15000,17000,20000,22000,25000,27000,32000,37000,42000,79440,2237,8200.0,9145.522253736599,15.018099002190866,42484.39129999679,334.0493705941591
1693957840,475,,Aggregated,20.300000,1.800000,8200,13000,15000,17000,20000,22000,25000,27000,32000,37000,42000,79450,2238,8200.0,9147.329318568347,15.018099002190866,42484.39129999679,334.06226557583386
1693957841,475,,Aggregated,20.500000,1.600000,8200,13000,15000,17000,20000,22000,25000,27000,32000,37000,42000,79464,2239,8200.0,9149.706232983202,15.018099002190866,42484.39129999679,334.07317779120103
1693957842,475,,Aggregated,19.500000,1.500000,8200,13000,15000,17000,20000,22000,25000,27000,32000,37000,42000,79478,2241,8200.0,9151.664231086292,15.018099002190866,42484.39129999679,334.10205339842474
1693957843,475,,Aggregated,19.200000,1.500000,8200,13000,15000,17000,20000,22000,25000,27000,32000,37000,42000,79490,2242,8200.0,9153.641383930408,15.018099002190866,42484.39129999679,334.1139766008303
1693957844,475,,Aggregated,18.800000,1.500000,8200,13000,15000,17000,20000,22000,25000,27000,32000,37000,42000,79504,2243,8200.0,9155.917985671993,15.018099002190866,42484.39129999679,334.1248867981485
1693957845,475,,Aggregated,16.000000,1.000000,8200,13000,15000,17000,20000,22000,25000,27000,32000,37000,42000,79521,2245,8200.0,9158.865014982874,15.018099002190866,42484.39129999679,334.15223651614036
1693957846,475,,Aggregated,15.700000,1.000000,8200,13000,15000,17000,20000,22000,25000,27000,32000,37000,42000,79531,2245,8200.0,9160.577792318518,15.018099002190866,42484.39129999679,334.14716274157246
1693957847,480,,Aggregated,15.100000,0.900000,8200,13000,15000,17000,20000,22000,25000,27000,32000,37000,42000,79541,2247,8200.0,9162.244058006474,15.018099002190866,42484.39129999679,334.17807168630014
1693957848,480,,Aggregated,14.800000,1.000000,8200,13000,15000,17000,20000,22000,25000,27000,32000,37000,42000,79556,2249,8200.0,9164.387274006785,15.018099002190866,42484.39129999679,334.20644577404596
1693957849,480,,Aggregated,13.700000,1.000000,8200,13000,15000,17000,20000,22000,25000,27000,32000,37000,42000,79575,2249,8200.0,9167.917149802124,15.018099002190866,42484.39129999679,334.1967829092051
1693957850,480,,Aggregated,12.900000,1.100000,8300,13000,15000,17000,20000,22000,25000,27000,32000,37000,42000,79586,2249,8300.0,9169.669360126067,15.018099002190866,42484.39129999679,334.19118940517177
1693957851,480,,Aggregated,12.100000,1.200000,8300,13000,15000,17000,20000,22000,25000,27000,32000,37000,42000,79600,2250,8300.0,9172.126988245884,15.018099002190866,42484.39129999679,334.20204773869347
1693957852,480,,Aggregated,13.000000,1.200000,8300,13000,15000,17000,20000,22000,25000,27000,32000,37000,42000,79612,2251,8300.0,9174.088522164526,15.018099002190866,42484.39129999679,334.2139124755062
1693957853,480,,Aggregated,12.800000,1.000000,8300,13000,15000,17000,20000,22000,25000,27000,32000,37000,42000,79626,2252,8300.0,9176.648433673348,15.018099002190866,42484.39129999679,334.22477582699116
1693957855,480,,Aggregated,12.600000,1.000000,8300,13000,15000,17000,20000,22000,25000,27000,32000,37000,42000,79643,2254,8300.0,9179.180031402851,15.018099002190866,42484.39129999679,334.25206232813935
1693957856,480,,Aggregated,12.900000,1.000000,8300,13000,15000,17000,20000,22000,25000,27000,32000,37000,42000,79654,2256,8300.0,9180.842188019938,15.018099002190866,42484.39129999679,334.28238380997817
1693957857,480,,Aggregated,12.700000,1.000000,8300,13000,15000,17000,20000,22000,25000,27000,32000,37000,42000,79670,2256,8300.0,9183.413579681966,15.018099002190866,42484.39129999679,334.2742437554914
1693957858,480,,Aggregated,12.500000,1.100000,8300,13000,15000,17000,20000,23000,25000,27000,32000,37000,42000,79689,2257,8300.0,9186.500993990543,15.018099002190866,42484.39129999679,334.28253585814855
1693957859,480,,Aggregated,13.200000,1.100000,8300,13000,15000,17000,20000,23000,25000,27000,32000,37000,42000,79705,2258,8300.0,9189.402556553385,15.018099002190866,42484.39129999679,334.29234050561445
1693957860,480,,Aggregated,13.500000,0.900000,8300,13000,15000,17000,20000,23000,25000,27000,32000,37000,42000,79724,2259,8300.0,9192.325598435975,15.018099002190866,42484.39129999679,334.30066228488283
1693957861,480,,Aggregated,14.200000,0.900000,8300,13000,15000,17000,20000,23000,25000,27000,32000,37000,42000,79747,2261,8300.0,9196.58948996121,15.018099002190866,42484.39129999679,334.3248648851994
1693957862,480,,Aggregated,14.200000,0.900000,8300,13000,15000,17000,20000,23000,25000,27000,32000,37000,42000,79765,2263,8300.0,9199.649611131257,15.018099002190866,42484.39129999679,334.351545163919
1693957863,480,,Aggregated,14.600000,1.100000,8300,13000,15000,17000,20000,23000,25000,27000,32000,37000,42000,79781,2264,8300.0,9202.269917967595,15.018099002190866,42484.39129999679,334.3613015630288
1693957864,480,,Aggregated,15.800000,1.300000,8300,13000,15000,17000,20000,23000,25000,27000,32000,37000,42000,79802,2265,8300.0,9205.8036970662,15.018099002190866,42484.39129999679,334.36857472243804
1693957865,480,,Aggregated,16.600000,1.300000,8300,13000,15000,17000,20000,23000,25000,27000,32000,37000,42000,79827,2265,8300.0,9210.759113087879,15.018099002190866,42484.39129999679,334.3558570408508
1693957866,480,,Aggregated,16.000000,1.200000,8300,13000,15000,17000,20000,23000,25000,27000,32000,37000,42000,79845,2265,8300.0,9213.912260187102,15.018099002190866,42484.39129999679,334.3466842006387
1693957867,480,,Aggregated,17.400000,1.100000,8300,13000,15000,17000,20000,23000,25000,27000,32000,37000,42000,79860,2266,8300.0,9216.296603801256,15.018099002190866,42484.39129999679,334.35699974956174
1693957868,480,,Aggregated,18.300000,0.900000,8300,13000,15000,17000,20000,23000,25000,27000,32000,37000,42000,79878,2269,8300.0,9219.359551533844,15.018099002190866,42484.39129999679,334.40157490172516
1693957869,480,,Aggregated,18.200000,0.900000,8300,13000,15000,17000,20000,23000,25000,27000,32000,37000,42000,79895,2269,8300.0,9222.05523684619,15.018099002190866,42484.39129999679,334.3929282182865
1693957871,480,,Aggregated,18.000000,0.900000,8300,13000,15000,17000,20000,23000,25000,27000,32000,37000,42000,79915,2270,8300.0,9225.593292417609,15.018099002190866,42484.39129999679,334.40065069135954
1693957872,480,,Aggregated,17.700000,1.100000,8300,13000,15000,17000,20000,23000,25000,27000,32000,37000,42000,79931,2273,8300.0,9228.615338948572,15.018099002190866,42484.39129999679,334.44622236679135
1693957873,480,,Aggregated,18.100000,1.000000,8300,13000,15000,17000,20000,23000,25000,27000,32000,37000,42000,79941,2273,8300.0,9230.693408209767,15.018099002190866,42484.39129999679,334.4411378391564
1693957874,480,,Aggregated,16.900000,1.000000,8300,13000,15000,17000,20000,23000,25000,27000,32000,37000,42000,79959,2276,8300.0,9233.851526039058,15.018099002190866,42484.39129999679,334.4856739078778
1693957875,480,,Aggregated,16.100000,0.900000,8300,13000,15000,17000,20000,23000,25000,27000,32000,37000,42000,79976,2277,8300.0,9237.110467829563,15.018099002190866,42484.39129999679,334.49488596578976
1693957876,480,,Aggregated,17.100000,1.200000,8300,13000,15000,17000,20000,23000,25000,27000,32000,37000,42000,79991,2277,8300.0,9239.746693976564,15.018099002190866,42484.39129999679,334.48727981897963
1693957877,480,,Aggregated,15.600000,1.200000,8300,13000,15000,17000,20000,23000,25000,27000,32000,37000,42000,80001,2277,8300.0,9241.650949246674,15.018099002190866,42484.39129999679,334.4821439732003
1693957878,480,,Aggregated,15.000000,1.200000,8300,13000,15000,17000,20000,23000,25000,27000,32000,37000,42000,80013,2277,8300.0,9243.996124012325,15.018099002190866,42484.39129999679,334.476035144289
1693957879,480,,Aggregated,14.900000,1.200000,8300,13000,15000,17000,20000,23000,25000,27000,32000,37000,42000,80025,2277,8300.0,9246.273566361187,15.018099002190866,42484.39129999679,334.4699406435489
1693957880,480,,Aggregated,14.400000,1.100000,8300,13000,15000,17000,20000,23000,25000,27000,32000,37000,42000,80040,2280,8300.0,9248.795434058171,15.018099002190866,42484.39129999679,334.51591704147927
1693957881,480,,Aggregated,13.600000,0.800000,8300,13000,15000,17000,20000,23000,25000,27000,32000,37000,42000,80051,2280,8300.0,9251.110039327643,15.018099002190866,42484.39129999679,334.5103246680241
1693957882,480,,Aggregated,13.300000,0.900000,8300,13000,15000,17000,20000,23000,25000,27000,32000,37000,42000,80064,2280,8300.0,9253.708158445355,15.018099002190866,42484.39129999679,334.50365957234214
1693957883,480,,Aggregated,12.800000,1.000000,8300,13000,15000,17000,20000,23000,25000,27000,32000,37000,42000,80083,2282,8300.0,9257.15226834117,15.018099002190866,42484.39129999679,334.52972540988725
1693957884,480,,Aggregated,12.500000,0.700000,8300,13000,15000,17000,20000,23000,25000,27000,32000,37000,42000,80093,2284,8300.0,9258.902051079194,15.018099002190866,42484.39129999679,334.5603610802442
1693957885,480,,Aggregated,12.900000,0.700000,8300,13000,15000,17000,20000,23000,25000,27000,32000,37000,42000,80104,2284,8300.0,9261.04679716572,15.018099002190866,42484.39129999679,334.5547663038051
1693957887,480,,Aggregated,12.800000,0.600000,8300,13000,15000,17000,20000,23000,25000,27000,32000,37000,42000,80121,2285,8300.0,9264.039089054291,15.018099002190866,42484.39129999679,334.56393454899467
1693957888,480,,Aggregated,11.900000,0.700000,8300,13000,15000,17000,20000,23000,25000,27000,32000,37000,42000,80135,2286,8300.0,9266.606529989938,15.018099002190866,42484.39129999679,334.5746552692332
1693957889,480,,Aggregated,12.400000,0.800000,8300,13000,15000,17000,20000,23000,25000,27000,32000,37000,42000,80153,2286,8300.0,9270.296959137617,15.018099002190866,42484.39129999679,334.56545606527516
1693957890,480,,Aggregated,12.700000,0.900000,8300,13000,15000,17000,20000,23000,25000,27000,32000,37000,42000,80170,2286,8300.0,9273.246796152194,15.018099002190866,42484.39129999679,334.55679181738805
1693957891,480,,Aggregated,13.300000,0.900000,8300,13000,15000,17000,20000,23000,25000,27000,32000,37000,42000,80180,2287,8300.0,9274.783684166754,15.018099002190866,42484.39129999679,334.5695435270641
1693957892,480,,Aggregated,14.000000,0.800000,8300,13000,15000,17000,20000,23000,25000,27000,32000,37000,42000,80202,2287,8300.0,9278.771661106124,15.018099002190866,42484.39129999679,334.5583775965687
1693957893,480,,Aggregated,13.400000,0.600000,8400,13000,15000,17000,20000,23000,25000,27000,32000,37000,42000,80225,2288,8400.0,9282.996239752238,15.018099002190866,42484.39129999679,334.5645123091306
1693957894,480,,Aggregated,14.300000,0.700000,8400,13000,15000,17000,20000,23000,25000,27000,32000,37000,42000,80232,2289,8400.0,9284.325710258501,15.018099002190866,42484.39129999679,334.57878402632366
1693957895,480,,Aggregated,15.000000,0.700000,8400,13000,15000,17000,20000,23000,25000,27000,32000,37000,42000,80265,2292,8400.0,9290.650546930341,15.018099002190866,42484.39129999679,334.6154612844951
1693957896,480,,Aggregated,14.500000,0.700000,8400,13000,15000,17000,20000,23000,25000,27000,32000,37000,42000,80297,2295,8400.0,9296.112478007795,15.018099002190866,42484.39129999679,334.6526022142795
1693957897,480,,Aggregated,15.300000,0.700000,8400,13000,15000,17000,20000,23000,25000,27000,32000,37000,42000,80318,2297,8400.0,9299.646838286348,15.018099002190866,42484.39129999679,334.6775691625788
1693957898,480,,Aggregated,18.500000,1.000000,8400,13000,15000,17000,20000,23000,25000,27000,32000,37000,42000,80337,2297,8400.0,9302.729455561559,15.018099002190866,42484.39129999679,334.6679114231301
1693957899,480,,Aggregated,18.500000,1.200000,8400,13000,15000,17000,20000,23000,25000,27000,32000,37000,42000,80359,2299,8400.0,9306.098427400015,15.018099002190866,42484.39129999679,334.692305777822
1693957900,480,,Aggregated,18.800000,1.100000,8400,13000,15000,17000,20000,23000,25000,27000,32000,37000,42000,80379,2300,8400.0,9309.619896153297,15.018099002190866,42484.39129999679,334.699921621319
1693957901,480,,Aggregated,19.100000,1.100000,8400,13000,15000,17000,20000,23000,25000,27000,32000,37000,42000,80394,2302,8400.0,9311.90761160717,15.018099002190866,42484.39129999679,334.7278777023161
1693957902,480,,Aggregated,19.300000,1.300000,8400,13000,15000,17000,20000,23000,25000,27000,32000,37000,42000,80412,2303,8400.0,9314.71470303672,15.018099002190866,42484.39129999679,334.73648211709695
1693957904,480,,Aggregated,20.400000,1.500000,8400,13000,15000,17000,20000,23000,25000,27000,32000,37000,42000,80428,2303,8400.0,9317.402469778604,15.018099002190866,42484.39129999679,334.72834087631173
1693957905,480,,Aggregated,19.400000,1.600000,8400,13000,15000,17000,20000,23000,25000,27000,32000,37000,42000,80443,2305,8400.0,9319.560523998092,15.018099002190866,42484.39129999679,334.75622490459085
1693957906,480,,Aggregated,19.800000,1.400000,8400,13000,15000,17000,20000,23000,26000,27000,32000,37000,42000,80453,2306,8400.0,9321.291138510942,15.018099002190866,42484.39129999679,334.7689085553056
1693957907,480,,Aggregated,19.400000,1.400000,8400,13000,15000,17000,20000,23000,26000,27000,32000,37000,42000,80470,2307,8400.0,9323.884676351669,15.018099002190866,42484.39129999679,334.77804150615134
1693957908,485,,Aggregated,16.300000,1.200000,8400,13000,15000,17000,20000,23000,26000,27000,32000,37000,42000,80482,2308,8400.0,9325.499591993077,15.018099002190866,42484.39129999679,334.7897045302055
1693957909,485,,Aggregated,15.900000,0.900000,8400,13000,15000,17000,20000,23000,26000,27000,32000,37000,42000,80496,2308,8400.0,9327.93989185523,15.018099002190866,42484.39129999679,334.7825606241304
1693957910,485,,Aggregated,15.800000,1.100000,8400,13000,15000,17000,20000,23000,26000,27000,32000,37000,42000,80510,2309,8400.0,9330.385119486271,15.018099002190866,42484.39129999679,334.7931933921252
1693957911,485,,Aggregated,14.800000,1.100000,8400,13000,15000,17000,20000,23000,26000,27000,32000,37000,42000,80521,2309,8400.0,9332.188364738275,15.018099002190866,42484.39129999679,334.7875709442257
1693957912,485,,Aggregated,14.600000,1.000000,8400,13000,15000,17000,20000,23000,26000,27000,32000,37000,42000,80540,2309,8400.0,9336.003624371118,15.018099002190866,42484.39129999679,334.7779240129128
1693957913,485,,Aggregated,13.700000,0.800000,8400,13000,15000,17000,20000,23000,26000,27000,32000,37000,42000,80551,2309,8400.0,9338.054229072934,15.018099002190866,42484.39129999679,334.7723429876724
1693957914,485,,Aggregated,13.700000,0.700000,8400,13000,15000,17000,20000,23000,26000,27000,32000,37000,42000,80561,2309,8400.0,9339.735419104614,15.018099002190866,42484.39129999679,334.76726952247367
1693957915,485,,Aggregated,13.400000,0.600000,8400,13000,15000,17000,20000,23000,26000,27000,32000,37000,42000,80571,2310,8400.0,9341.21862776974,15.018099002190866,42484.39129999679,334.77995804942225
1693957916,485,,Aggregated,12.500000,0.600000,8400,13000,15000,17000,20000,23000,26000,27000,32000,37000,42000,80587,2310,8400.0,9343.935053414418,15.018099002190866,42484.39129999679,334.771836648591
1693957917,485,,Aggregated,12.300000,0.400000,8400,13000,15000,17000,20000,23000,26000,27000,32000,37000,42000,80607,2311,8400.0,9347.131856934764,15.018099002190866,42484.39129999679,334.779436029129
1693957919,485,,Aggregated,12.100000,0.400000,8400,13000,15000,17000,20000,23000,26000,27000,32000,37000,42000,80615,2311,8400.0,9348.30293017428,15.018099002190866,42484.39129999679,334.7753891955591
1693957920,485,,Aggregated,12.700000,0.300000,8400,13000,15000,17000,20000,23000,26000,27000,32000,37000,42000,80633,2312,8400.0,9351.112150283441,15.018099002190866,42484.39129999679,334.7839842248211
1693957921,485,,Aggregated,12.600000,0.300000,8400,13000,15000,17000,20000,23000,26000,27000,32000,37000,42000,80653,2317,8400.0,9354.34114963358,15.018099002190866,42484.39129999679,334.8625221628458
1693957922,485,,Aggregated,12.400000,0.300000,8400,13000,15000,17000,20000,23000,26000,27000,32000,37000,42000,80673,2319,8400.0,9357.584781781716,15.018099002190866,42484.39129999679,334.8878063292551
1693957923,485,,Aggregated,13.100000,0.800000,8400,13000,15000,17000,20000,23000,26000,27000,32000,37000,42000,80692,2320,8400.0,9360.682275649562,15.018099002190866,42484.39129999679,334.8958508898032
1693957924,485,,Aggregated,13.600000,1.000000,8400,13000,15000,17000,20000,23000,26000,27000,32000,37000,42000,80714,2322,8400.0,9364.07527147165,15.018099002190866,42484.39129999679,334.9200510444285
1693957925,485,,Aggregated,14.000000,1.100000,8400,13000,15000,17000,20000,23000,26000,27000,32000,37000,42000,80733,2324,8400.0,9367.049552880952,15.018099002190866,42484.39129999679,334.945846184336
1693957926,485,,Aggregated,15.100000,1.300000,8400,13000,15000,17000,20000,23000,26000,27000,32000,37000,42000,80755,2326,8400.0,9370.515387545276,15.018099002190866,42484.39129999679,334.9700204321714
1693957927,485,,Aggregated,16.200000,1.400000,8400,13000,15000,17000,20000,23000,26000,27000,32000,37000,42000,80764,2327,8400.0,9371.99505023306,15.018099002190866,42484.39129999679,334.98316081422416
1693957928,485,,Aggregated,16.800000,1.400000,8400,13000,15000,17000,20000,23000,26000,27000,32000,37000,42000,80787,2329,8400.0,9375.69951708555,15.018099002190866,42484.39129999679,335.0068575389605
1693957929,485,,Aggregated,17.100000,1.700000,8400,13000,15000,17000,20000,23000,26000,27000,32000,37000,42000,80798,2329,8400.0,9377.494805384209,15.018099002190866,42484.39129999679,335.0012747840293
1693957930,485,,Aggregated,16.900000,1.700000,8400,13000,15000,17000,20000,23000,26000,27000,32000,37000,42000,80815,2332,8400.0,9380.342359627597,15.018099002190866,42484.39129999679,335.04572171007857
1693957931,485,,Aggregated,17.600000,1.800000,8400,13000,15000,17000,20000,23000,26000,27000,32000,37000,42000,80835,2332,8400.0,9384.270539231366,15.018099002190866,42484.39129999679,335.03546730995237
1693957932,485,,Aggregated,16.900000,1.700000,8500,13000,15000,17000,20000,23000,26000,27000,32000,37000,42000,80853,2333,8500.0,9387.720115391357,15.018099002190866,42484.39129999679,335.04396868390785
1693957933,485,,Aggregated,17.200000,1.500000,8500,13000,15000,17000,20000,23000,26000,27000,32000,37000,42000,80875,2333,8500.0,9392.09391229901,15.018099002190866,42484.39129999679,335.0327542503864
1693957934,485,,Aggregated,17.000000,1.300000,8500,13000,15000,17000,20000,23000,26000,27000,32000,37000,42000,80891,2337,8500.0,9395.032481910946,15.018099002190866,42484.39129999679,335.09531344648974
1693957936,485,,Aggregated,16.800000,1.300000,8500,13000,15000,17000,20000,23000,26000,27000,32000,37000,42000,80907,2337,8500.0,9398.39916103423,15.018099002190866,42484.39129999679,335.08711236357794
1693957937,485,,Aggregated,16.600000,1.400000,8500,13000,15000,17000,20000,23000,26000,27000,32000,37000,42000,80926,2338,8500.0,9402.233676277023,15.018099002190866,42484.39129999679,335.0950992264538
1693957938,485,,Aggregated,16.600000,1.300000,8500,13000,15000,17000,20000,23000,26000,27000,32000,37000,42000,80934,2338,8500.0,9403.730751037912,15.018099002190866,42484.39129999679,335.09103714137444
1693957939,485,,Aggregated,16.300000,1.100000,8500,13000,15000,17000,20000,23000,26000,27000,32000,37000,42000,80943,2339,8500.0,9405.218027083818,15.018099002190866,42484.39129999679,335.1041102998406
1693957940,485,,Aggregated,15.500000,1.000000,8500,13000,15000,17000,20000,23000,26000,27000,32000,37000,42000,80959,2339,8500.0,9408.297596032084,15.018099002190866,42484.39129999679,335.09593744982027
1693957941,485,,Aggregated,15.100000,1.000000,8500,13000,15000,17000,20000,23000,26000,27000,32000,37000,42000,80971,2339,8500.0,9410.488846707309,15.018099002190866,42484.39129999679,335.0898222820516
1693957942,485,,Aggregated,15.500000,1.000000,8500,13000,15000,17000,20000,23000,26000,27000,32000,37000,42000,80985,2340,8500.0,9413.248823269189,15.018099002190866,42484.39129999679,335.10035191702167
1693957943,485,,Aggregated,14.500000,0.700000,8500,13000,15000,17000,20000,23000,26000,28000,32000,37000,42000,80998,2340,8500.0,9415.595876612675,15.018099002190866,42484.39129999679,335.09373070940023
1693957944,485,,Aggregated,14.200000,0.800000,8500,13000,15000,17000,20000,23000,26000,28000,32000,37000,42000,81010,2341,8500.0,9417.810210958529,15.018099002190866,42484.39129999679,335.1052462658931
1693957945,485,,Aggregated,13.800000,0.700000,8500,13000,15000,17000,20000,23000,26000,28000,32000,37000,43000,81028,2342,8500.0,9421.70453143542,15.018099002190866,42755.78254799984,335.1136890951276
1693957946,485,,Aggregated,13.100000,0.700000,8500,13000,15000,17000,20000,23000,26000,28000,32000,37000,43000,81043,2343,8500.0,9424.367362824974,15.018099002190866,42755.78254799984,335.123687425194
1693957947,485,,Aggregated,12.900000,0.400000,8500,13000,15000,17000,20000,23000,26000,28000,32000,37000,43000,81056,2343,8500.0,9426.829682951271,15.018099002190866,42755.78254799984,335.11705487564154
1693957948,485,,Aggregated,12.300000,0.500000,8500,13000,15000,17000,20000,23000,26000,28000,32000,37000,43000,81068,2343,8500.0,9429.106760399742,15.018099002190866,42755.78254799984,335.110943898949
1693957949,485,,Aggregated,12.500000,0.500000,8500,13000,15000,17000,20000,23000,26000,28000,32000,37000,43000,81077,2343,8500.0,9430.924440470013,15.018099002190866,42755.78254799984,335.10633101866125
1693957950,485,,Aggregated,13.000000,0.500000,8500,13000,15000,17000,20000,23000,26000,28000,32000,37000,43000,81095,2345,8500.0,9433.90927613798,15.018099002190866,42755.78254799984,335.13236327763735
1693957952,485,,Aggregated,12.700000,0.400000,8500,13000,15000,17000,20000,23000,26000,28000,32000,37000,43000,81110,2345,8500.0,9436.690450846685,15.018099002190866,42755.78254799984,335.1247195167057
1693957953,485,,Aggregated,12.900000,0.600000,8500,13000,16000,17000,21000,23000,26000,28000,32000,37000,43000,81131,2349,8500.0,9440.063309073814,15.018099002190866,42755.78254799984,335.18451639940344
1693957954,485,,Aggregated,12.900000,0.500000,8500,13000,16000,17000,21000,23000,26000,28000,32000,37000,43000,81143,2349,8500.0,9442.244314598125,15.018099002190866,42755.78254799984,335.17833947475447
1693957955,485,,Aggregated,13.800000,0.900000,8500,13000,16000,17000,21000,23000,26000,28000,32000,37000,43000,81159,2352,8500.0,9445.269650910306,15.018099002190866,42755.78254799984,335.22305597653985
1693957956,485,,Aggregated,13.600000,0.900000,8500,13000,16000,17000,21000,23000,26000,28000,32000,37000,43000,81177,2354,8500.0,9448.734209817307,15.018099002190866,42755.78254799984,335.2490976508124
1693957957,485,,Aggregated,13.500000,1.000000,8500,13000,16000,17000,21000,23000,26000,28000,32000,37000,43000,81194,2356,8500.0,9452.038738209061,15.018099002190866,42755.78254799984,335.2756361307486
1693957958,485,,Aggregated,14.200000,1.100000,8500,13000,16000,17000,21000,23000,26000,28000,32000,37000,43000,81212,2358,8500.0,9455.266697952069,15.018099002190866,42755.78254799984,335.3016795547456
1693957959,485,,Aggregated,13.900000,1.200000,8500,13000,16000,17000,21000,23000,26000,28000,33000,37000,43000,81256,2360,8500.0,9463.701000390978,15.018099002190866,42755.78254799984,335.3144260116176
1693957960,485,,Aggregated,14.300000,1.400000,8500,13000,16000,17000,21000,23000,26000,28000,33000,37000,43000,81272,2360,8500.0,9466.635322618802,15.018099002190866,42755.78254799984,335.30626784132295
1693957961,485,,Aggregated,17.100000,1.700000,8500,13000,16000,17000,21000,23000,26000,28000,33000,37000,43000,81299,2360,8500.0,9471.35553334012,15.018099002190866,42755.78254799984,335.29251282303596
1693957962,485,,Aggregated,18.400000,1.700000,8500,13000,16000,17000,21000,23000,26000,28000,33000,37000,43000,81323,2361,8500.0,9475.365573029578,15.018099002190866,42755.78254799984,335.29783702027714
1693957963,485,,Aggregated,18.900000,1.500000,8500,13000,16000,17000,21000,23000,26000,28000,33000,37000,43000,81336,2362,8500.0,9477.679556832943,15.018099002190866,42755.78254799984,335.3088054490017
1693957964,485,,Aggregated,20.000000,1.500000,8500,13000,16000,17000,21000,23000,26000,28000,33000,37000,43000,81352,2362,8500.0,9480.657376434916,15.018099002190866,42755.78254799984,335.3006564067263
1693957965,485,,Aggregated,19.700000,1.200000,8500,13000,16000,17000,21000,23000,26000,28000,33000,37000,43000,81371,2363,8500.0,9483.926437183607,15.018099002190866,42755.78254799984,335.3084882820661
1693957966,485,,Aggregated,19.600000,1.300000,8500,13000,16000,17000,21000,23000,26000,28000,33000,37000,43000,81387,2365,8500.0,9486.334974515736,15.018099002190866,42755.78254799984,335.33547126690996
1693957968,490,,Aggregated,19.900000,1.000000,8500,13000,16000,17000,21000,23000,26000,28000,33000,37000,43000,81400,2366,8500.0,9488.59818046068,15.018099002190866,42755.78254799984,335.3463882063882
1693957969,490,,Aggregated,19.900000,1.000000,8500,13000,16000,17000,21000,23000,26000,28000,33000,37000,43000,81420,2366,8500.0,9492.112858606317,15.018099002190866,42755.78254799984,335.3361459100958
1693957970,490,,Aggregated,19.400000,0.900000,8500,13000,16000,17000,21000,23000,26000,28000,33000,37000,43000,81433,2366,8500.0,9494.469619245605,15.018099002190866,42755.78254799984,335.3294487492785
1693957971,490,,Aggregated,17.800000,0.600000,8500,13000,16000,17000,21000,23000,26000,28000,33000,37000,43000,81444,2366,8500.0,9496.548675503185,15.018099002190866,42755.78254799984,335.3238175924562
1693957972,490,,Aggregated,17.800000,0.600000,8500,13000,16000,17000,21000,23000,26000,28000,33000,37000,43000,81457,2366,8500.0,9498.54461466395,15.018099002190866,42755.78254799984,335.31717347803135
1693957973,490,,Aggregated,15.800000,0.600000,8500,13000,16000,17000,21000,23000,26000,28000,33000,37000,43000,81472,2366,8500.0,9501.182035602531,15.018099002190866,42755.78254799984,335.3095173802042
1693957974,490,,Aggregated,14.700000,0.600000,8500,13000,16000,17000,21000,23000,26000,28000,33000,37000,43000,81488,2367,8500.0,9503.903291291079,15.018099002190866,42755.78254799984,335.31891812291383
1693957975,490,,Aggregated,13.900000,0.500000,8500,13000,16000,17000,21000,23000,26000,28000,33000,37000,43000,81500,2367,8500.0,9505.865557396974,15.018099002190866,42755.78254799984,335.312773006135
1693957976,490,,Aggregated,14.500000,0.500000,8600,13000,16000,17000,21000,23000,26000,28000,33000,37000,43000,81515,2369,8600.0,9508.182018524682,15.018099002190866,42755.78254799984,335.34020732380543
1693957977,490,,Aggregated,14.300000,0.500000,8600,13000,16000,17000,21000,23000,26000,28000,33000,37000,43000,81531,2371,8600.0,9510.924657240832,15.018099002190866,42755.78254799984,335.3671241613619
1693957978,490,,Aggregated,13.400000,0.600000,8600,13000,16000,17000,21000,23000,26000,28000,33000,37000,43000,81539,2372,8600.0,9512.264713907816,15.018099002190866,42755.78254799984,335.38057861882044
1693957979,490,,Aggregated,13.300000,0.500000,8600,13000,16000,17000,21000,23000,26000,28000,33000,37000,43000,81557,2376,8600.0,9515.063982103267,15.018099002190866,42755.78254799984,335.44155621221967
1693957980,490,,Aggregated,13.700000,0.500000,8600,13000,16000,17000,21000,23000,26000,28000,33000,37000,43000,81570,2379,8600.0,9517.197083556226,15.018099002190866,42755.78254799984,335.4875321809489
1693957981,490,,Aggregated,12.500000,0.700000,8600,13000,16000,17000,21000,23000,26000,28000,33000,37000,43000,81591,2382,8600.0,9520.597093517488,15.018099002190866,42755.78254799984,335.52935985586646
1693957982,490,,Aggregated,13.300000,1.200000,8600,13000,16000,17000,21000,23000,26000,28000,33000,37000,43000,81606,2384,8600.0,9522.752179673853,15.018099002190866,42755.78254799984,335.5567605323138
1693957984,490,,Aggregated,13.600000,1.700000,8600,13000,16000,17000,21000,23000,26000,28000,33000,37000,43000,81622,2386,8600.0,9525.179568561633,15.018099002190866,42755.78254799984,335.5836294136385
1693957985,490,,Aggregated,14.000000,1.800000,8600,13000,16000,17000,21000,23000,26000,28000,33000,37000,43000,81636,2388,8600.0,9527.436858967509,15.018099002190866,42755.78254799984,335.61151942770346
1693957986,490,,Aggregated,13.800000,1.900000,8600,13000,16000,17000,21000,23000,26000,28000,33000,37000,43000,81649,2389,8600.0,9529.841170251118,15.018099002190866,42755.78254799984,335.6223591225857
1693957987,490,,Aggregated,14.000000,2.100000,8600,13000,16000,17000,21000,23000,26000,28000,33000,37000,43000,81671,2391,8600.0,9533.710249931806,15.018099002190866,42755.78254799984,335.6460555154216
1693957988,490,,Aggregated,14.200000,2.000000,8600,13000,16000,17000,21000,23000,26000,28000,33000,37000,43000,81693,2392,8600.0,9537.348852993655,15.018099002190866,42755.78254799984,335.6523080312879
1693957989,490,,Aggregated,14.800000,2.100000,8600,13000,16000,17000,21000,23000,26000,28000,33000,37000,43000,81709,2394,8600.0,9539.905886440967,15.018099002190866,42755.78254799984,335.6790928783855
1693957990,490,,Aggregated,15.500000,2.100000,8600,13000,16000,17000,21000,23000,26000,28000,33000,37000,43000,81730,2397,8600.0,9543.094010512421,15.018099002190866,42755.78254799984,335.72081243117583
1693957991,490,,Aggregated,15.800000,2.000000,8600,13000,16000,17000,21000,23000,26000,28000,33000,37000,43000,81747,2397,8600.0,9546.030099402327,15.018099002190866,42755.78254799984,335.7120750608585
1693957992,490,,Aggregated,16.000000,1.700000,8600,13000,16000,17000,21000,23000,26000,28000,33000,37000,43000,81764,2399,8600.0,9548.898394844813,15.018099002190866,42755.78254799984,335.73834450369355
1693957993,490,,Aggregated,16.500000,1.700000,8600,13000,16000,17000,21000,23000,26000,28000,33000,37000,43000,81782,2402,8600.0,9552.007669592807,15.018099002190866,42755.78254799984,335.78155339805824
1693957994,490,,Aggregated,16.300000,1.500000,8600,13000,16000,17000,21000,23000,26000,28000,33000,37000,43000,81793,2402,8600.0,9553.962702390754,15.018099002190866,42755.78254799984,335.7759099189417
1693957995,490,,Aggregated,16.400000,1.700000,8600,13000,16000,17000,21000,23000,26000,28000,33000,37000,43000,81811,2404,8600.0,9557.549860620222,15.018099002190866,42755.78254799984,335.80162814291475
1693957996,490,,Aggregated,16.200000,1.600000,8600,13000,16000,17000,21000,23000,26000,28000,33000,37000,43000,81825,2404,8600.0,9560.47647362976,15.018099002190866,42755.78254799984,335.79445157348
1693957997,490,,Aggregated,16.400000,1.500000,8600,13000,16000,17000,21000,23000,26000,28000,33000,37000,43000,81835,2404,8600.0,9562.290710393512,15.018099002190866,42755.78254799984,335.78933219282703
1693957998,490,,Aggregated,16.700000,1.500000,8600,13000,16000,17000,21000,23000,26000,28000,33000,37000,43000,81858,2404,8600.0,9566.858748306959,15.018099002190866,42755.78254799984,335.77751716386916
1693958000,490,,Aggregated,14.600000,1.200000,8600,13000,16000,17000,21000,23000,26000,28000,33000,37000,43000,81878,2405,8600.0,9571.055425108687,15.018099002190866,42755.78254799984,335.78472849849777
1693958001,490,,Aggregated,15.700000,1.100000,8600,13000,16000,17000,21000,23000,26000,28000,33000,37000,43000,81890,2405,8600.0,9573.460517922676,15.018099002190866,42755.78254799984,335.77853217731104
1693958002,490,,Aggregated,15.700000,1.000000,8600,13000,16000,17000,21000,23000,26000,28000,33000,37000,43000,81909,2406,8600.0,9577.080384406585,15.018099002190866,42755.78254799984,335.7862505951727
1693958003,490,,Aggregated,15.100000,0.800000,8600,13000,16000,17000,21000,23000,26000,28000,33000,37000,43000,81919,2408,8600.0,9578.64273511293,15.018099002190866,42755.78254799984,335.81605000061035
1693958004,490,,Aggregated,14.600000,0.800000,8600,13000,16000,17000,21000,23000,26000,28000,33000,38000,43000,81932,2408,8600.0,9581.335305655339,15.018099002190866,42755.78254799984,335.80937850900744
1693958005,490,,Aggregated,14.700000,0.600000,8600,13000,16000,17000,21000,23000,26000,28000,33000,38000,43000,81946,2409,8600.0,9583.851012676438,15.018099002190866,42755.78254799984,335.81964952529717
1693958006,490,,Aggregated,14.200000,0.600000,8600,13000,16000,17000,21000,23000,26000,28000,33000,38000,43000,81963,2410,8600.0,9586.813956593478,15.018099002190866,42755.78254799984,335.82834937715796
1693958007,490,,Aggregated,13.900000,0.600000,8600,13000,16000,17000,21000,23000,26000,28000,33000,38000,43000,81975,2411,8600.0,9589.058247115829,15.018099002190866,42755.78254799984,335.8396096370845
1693958008,490,,Aggregated,14.000000,0.500000,8600,13000,16000,17000,21000,23000,26000,28000,33000,38000,43000,81989,2411,8600.0,9591.920730252621,15.018099002190866,42755.78254799984,335.8324165436827
1693958009,490,,Aggregated,14.600000,0.700000,8600,13000,16000,17000,21000,23000,26000,28000,33000,38000,43000,82005,2412,8600.0,9595.181031367392,15.018099002190866,42755.78254799984,335.84166819096396
1693958010,490,,Aggregated,14.400000,0.700000,8600,13000,16000,17000,21000,23000,26000,28000,33000,38000,43000,82014,2413,8600.0,9596.713964278562,15.018099002190866,42755.78254799984,335.85448825810226
1693958011,490,,Aggregated,13.600000,0.700000,8600,13000,16000,17000,21000,23000,26000,28000,33000,38000,43000,82032,2413,8600.0,9600.04239050417,15.018099002190866,42755.78254799984,335.84524331968015
1693958012,490,,Aggregated,13.100000,0.700000,8600,13000,16000,17000,21000,23000,26000,28000,33000,38000,43000,82045,2414,8600.0,9602.367090237565,15.018099002190866,42755.78254799984,335.8560058504479
1693958013,490,,Aggregated,13.200000,0.800000,8600,13000,16000,17000,21000,23000,26000,28000,33000,38000,43000,82056,2416,8600.0,9604.228259966,15.018099002190866,42755.78254799984,335.88524909817687
1693958014,490,,Aggregated,13.200000,0.700000,8600,13000,16000,17000,21000,23000,26000,28000,33000,38000,43000,82067,2416,8600.0,9605.933181723361,15.018099002190866,42755.78254799984,335.8796227472675
1693958016,490,,Aggregated,13.100000,0.800000,8600,13000,16000,17000,21000,23000,26000,28000,33000,38000,43000,82087,2418,8600.0,9609.337327662442,15.018099002190866,42755.78254799984,335.90421138548123
1693958017,490,,Aggregated,12.900000,0.700000,8600,13000,16000,17000,21000,23000,26000,28000,33000,38000,43000,82109,2418,8600.0,9613.738876607373,15.018099002190866,42755.78254799984,335.89291064316944
1693958018,490,,Aggregated,13.300000,0.900000,8700,13000,16000,17000,21000,23000,26000,28000,33000,38000,43000,82136,2418,8700.0,9619.01745702827,15.018099002190866,42755.78254799984,335.87910295120287
1693958019,490,,Aggregated,13.200000,0.700000,8700,13000,16000,17000,21000,24000,26000,28000,33000,38000,43000,82156,2419,8700.0,9622.942507128011,15.018099002190866,42755.78254799984,335.88628949802813
1693958020,490,,Aggregated,15.400000,0.700000,8700,13000,16000,17000,21000,24000,26000,28000,33000,38000,43000,82175,2419,8700.0,9626.664235995093,15.018099002190866,42755.78254799984,335.8765317919075
1693958021,490,,Aggregated,15.700000,0.700000,8700,13000,16000,17000,21000,24000,26000,28000,33000,38000,43000,82201,2419,8700.0,9631.117070184888,15.018099002190866,42755.78254799984,335.86324983880974
1693958022,490,,Aggregated,15.600000,0.700000,8700,13000,16000,17000,21000,24000,26000,28000,33000,38000,43000,82241,2421,8700.0,9637.768634643704,15.018099002190866,42755.78254799984,335.87761578774575
1693958023,490,,Aggregated,17.200000,0.600000,8700,13000,16000,17000,21000,24000,26000,28000,33000,38000,43000,82255,2421,8700.0,9639.798205767745,15.018099002190866,42755.78254799984,335.8704638015926
1693958024,490,,Aggregated,19.200000,0.800000,8700,13000,16000,17000,21000,24000,26000,28000,33000,38000,43000,82282,2421,8700.0,9643.923994869207,15.018099002190866,42755.78254799984,335.85663936219345
1693958025,490,,Aggregated,20.100000,0.600000,8700,13000,16000,17000,21000,24000,26000,28000,33000,38000,43000,82297,2421,8700.0,9646.440705279378,15.018099002190866,42755.78254799984,335.8490102919912
1693958026,490,,Aggregated,21.300000,0.500000,8700,13000,16000,17000,21000,24000,26000,28000,33000,38000,43000,82306,2421,8700.0,9648.005176749859,15.018099002190866,42755.78254799984,335.84434913615047
1693958027,495,,Aggregated,22.100000,0.500000,8700,13000,16000,17000,21000,24000,26000,28000,33000,38000,43000,82319,2422,8700.0,9650.143893311239,15.018099002190866,42755.78254799984,335.85510028061566
1693958028,495,,Aggregated,21.600000,0.300000,8700,13000,16000,17000,21000,24000,26000,28000,33000,38000,43000,82339,2422,8700.0,9653.256850068803,15.018099002190866,42755.78254799984,335.8448608800204
1693958029,495,,Aggregated,20.600000,0.400000,8700,13000,16000,17000,21000,24000,26000,28000,33000,38000,43000,82355,2422,8700.0,9656.031691327513,15.018099002190866,42755.78254799984,335.83671908202297
1693958030,495,,Aggregated,19.100000,0.400000,8700,13000,16000,17000,21000,24000,26000,28000,33000,38000,43000,82374,2423,8700.0,9659.167278462053,15.018099002190866,42755.78254799984,335.8443926481657
1693958032,495,,Aggregated,18.900000,0.400000,8700,13000,16000,17000,21000,24000,26000,28000,33000,38000,43000,82383,2423,8700.0,9660.722901018491,15.018099002190866,42755.78254799984,335.83979704550694
1693958033,495,,Aggregated,19.100000,0.300000,8700,13000,16000,17000,21000,24000,26000,28000,33000,38000,43000,82403,2423,8700.0,9663.680423170823,15.018099002190866,42755.78254799984,335.82960571823844
1693958034,495,,Aggregated,15.700000,0.200000,8700,13000,16000,17000,21000,24000,26000,28000,33000,38000,43000,82423,2423,8700.0,9666.623182543615,15.018099002190866,42755.78254799984,335.8194193368356
1693958035,495,,Aggregated,15.400000,0.200000,8700,13000,16000,17000,21000,24000,26000,28000,33000,38000,43000,82438,2423,8700.0,9668.760224307534,15.018099002190866,42755.78254799984,335.8117736965962
1693958036,495,,Aggregated,15.200000,0.200000,8700,13000,16000,17000,21000,24000,26000,28000,33000,38000,43000,82451,2423,8700.0,9670.507528936007,15.018099002190866,42755.78254799984,335.80514487392514
1693958037,495,,Aggregated,14.800000,0.200000,8700,13000,16000,17000,21000,24000,26000,28000,33000,38000,43000,82462,2423,8700.0,9672.165425454385,15.018099002190866,42755.78254799984,335.7995440324028
1693958038,495,,Aggregated,14.300000,0.200000,8700,13000,16000,17000,21000,24000,26000,28000,33000,38000,43000,82477,2424,8700.0,9674.275694757322,15.018099002190866,42755.78254799984,335.8092437891776
1693958039,495,,Aggregated,14.500000,0.100000,8700,13000,16000,17000,21000,24000,26000,28000,33000,38000,43000,82488,2424,8700.0,9675.781463170142,15.018099002190866,42755.78254799984,335.8036320434488
1693958040,495,,Aggregated,14.700000,0.100000,8700,13000,16000,17000,21000,24000,26000,28000,33000,38000,43000,82509,2425,8700.0,9678.835940452565,15.018099002190866,42755.78254799984,335.810226763141
1693958041,495,,Aggregated,14.100000,0.200000,8700,13000,16000,17000,21000,24000,26000,28000,33000,38000,43000,82524,2425,8700.0,9681.24985674212,15.018099002190866,42755.78254799984,335.8026028791624
1693958042,495,,Aggregated,14.000000,0.300000,8700,13000,16000,17000,21000,24000,26000,28000,33000,38000,43000,82533,2427,8700.0,9682.519420494187,15.018099002190866,42755.78254799984,335.83269722414065
1693958043,495,,Aggregated,13.700000,0.200000,8700,13000,16000,17000,21000,24000,26000,28000,33000,38000,43000,82554,2427,8700.0,9686.163705267565,15.018099002190866,42755.78254799984,335.82200741332946
1693958044,495,,Aggregated,14.300000,0.200000,8700,13000,16000,17000,21000,24000,26000,28000,33000,38000,43000,82565,2429,8700.0,9687.558427604343,15.018099002190866,42755.78254799984,335.85106279900685
1693958045,495,,Aggregated,13.100000,0.400000,8700,13000,16000,17000,21000,24000,26000,28000,33000,38000,43000,82580,2430,8700.0,9689.920859604714,15.018099002190866,42755.78254799984,335.86074109953984
1693958047,495,,Aggregated,13.400000,0.400000,8700,13000,16000,17000,21000,24000,26000,28000,33000,38000,43000,82596,2432,8700.0,9692.39595536876,15.018099002190866,42755.78254799984,335.88724635575574
1693958048,495,,Aggregated,13.400000,0.700000,8700,13000,16000,17000,21000,24000,26000,28000,33000,38000,43000,82613,2433,8700.0,9695.135575128117,15.018099002190866,42755.78254799984,335.89590016099163
1693958049,495,,Aggregated,14.100000,0.900000,8700,13000,16000,17000,21000,24000,26000,28000,33000,38000,43000,82627,2434,8700.0,9697.354675578736,15.018099002190866,42755.78254799984,335.90609607029177
1693958050,495,,Aggregated,13.800000,1.000000,8700,13000,16000,17000,21000,24000,26000,28000,33000,38000,43000,82645,2434,8700.0,9700.27843029092,15.018099002190866,42755.78254799984,335.89692056385746
1693958051,495,,Aggregated,14.400000,1.000000,8700,13000,16000,17000,21000,24000,26000,28000,33000,38000,43000,82668,2437,8700.0,9704.325149774157,15.018099002190866,42755.78254799984,335.9371461750617
1693958052,495,,Aggregated,14.800000,0.900000,8800,13000,16000,17000,21000,24000,26000,28000,33000,38000,43000,82686,2437,8800.0,9707.59836415086,15.018099002190866,42755.78254799984,335.9279805529352
1693958053,495,,Aggregated,15.400000,1.100000,8800,13000,16000,17000,21000,24000,26000,28000,33000,38000,43000,82705,2438,8800.0,9710.565352021993,15.018099002190866,42755.78254799984,335.93559035124844
1693958054,495,,Aggregated,15.600000,1.200000,8800,13000,16000,17000,21000,24000,26000,28000,33000,38000,43000,82725,2439,8800.0,9713.765827891939,15.018099002190866,42755.78254799984,335.942713810819
1693958055,495,,Aggregated,16.600000,1.100000,8800,13000,16000,18000,21000,24000,26000,28000,33000,38000,43000,82739,2439,8800.0,9716.302790380696,15.018099002190866,42755.78254799984,335.9356047329554
1693958056,495,,Aggregated,15.900000,1.100000,8800,13000,16000,18000,21000,24000,26000,28000,33000,38000,43000,82757,2441,8800.0,9719.509190355599,15.018099002190866,42755.78254799984,335.96099423613714
1693958057,495,,Aggregated,16.500000,1.000000,8800,13000,16000,18000,21000,24000,26000,28000,33000,38000,43000,82772,2442,8800.0,9721.873643796605,15.018099002190866,42755.78254799984,335.9706422461702
1693958058,495,,Aggregated,16.800000,1.000000,8800,13000,16000,18000,21000,24000,26000,28000,33000,38000,43000,82791,2445,8800.0,9724.935814994755,15.018099002190866,42755.78254799984,336.01274293099493
1693958059,495,,Aggregated,16.700000,1.000000,8800,13000,16000,18000,21000,24000,26000,28000,33000,38000,43000,82809,2445,8800.0,9728.10187934491,15.018099002190866,42755.78254799984,336.0035744906954
1693958060,495,,Aggregated,16.700000,0.900000,8800,13000,16000,18000,21000,24000,26000,28000,33000,38000,43000,82825,2446,8800.0,9731.082815205249,15.018099002190866,42755.78254799984,336.01270147902204
1693958061,495,,Aggregated,17.000000,1.100000,8800,13000,16000,18000,21000,24000,26000,28000,33000,38000,43000,82847,2449,8800.0,9734.712244646831,15.018099002190866,42755.78254799984,336.05327893586974
1693958062,495,,Aggregated,16.900000,1.200000,8800,13000,16000,18000,21000,24000,26000,28000,33000,38000,43000,82865,2450,8800.0,9737.614329330308,15.018099002190866,42755.78254799984,336.0613769383938
1693958064,495,,Aggregated,16.300000,1.100000,8800,13000,16000,18000,21000,24000,26000,28000,33000,38000,43000,82880,2451,8800.0,9740.313117693846,15.018099002190866,42755.78254799984,336.07097007722007
1693958065,495,,Aggregated,16.500000,1.200000,8800,13000,16000,18000,21000,24000,26000,28000,33000,38000,43000,82892,2452,8800.0,9742.557861569669,15.018099002190866,42755.78254799984,336.08213096559376
1693958066,495,,Aggregated,16.600000,1.300000,8800,13000,16000,18000,21000,24000,26000,28000,33000,38000,43000,82909,2453,8800.0,9745.388980600104,15.018099002190866,42755.78254799984,336.09071391525646
1693958067,495,,Aggregated,15.600000,1.300000,8800,13000,16000,18000,21000,24000,26000,28000,33000,38000,43000,82923,2455,8800.0,9747.691057281849,15.018099002190866,42755.78254799984,336.11806133400864
1693958068,495,,Aggregated,16.000000,1.200000,8800,13000,16000,18000,21000,24000,26000,28000,33000,38000,43000,82940,2455,8800.0,9750.696315805157,15.018099002190866,42755.78254799984,336.10939233180613
1693958069,495,,Aggregated,15.700000,1.300000,8800,13000,16000,18000,21000,24000,26000,28000,33000,38000,43000,82953,2456,8800.0,9753.19822634489,15.018099002190866,42755.78254799984,336.1199715501549
1693958070,495,,Aggregated,15.800000,1.300000,8800,13000,16000,18000,21000,24000,26000,28000,33000,38000,43000,82974,2456,8800.0,9756.677910415017,15.018099002190866,42755.78254799984,336.1092751946393
1693958071,495,,Aggregated,15.500000,1.000000,8800,13000,16000,18000,21000,24000,26000,28000,33000,38000,43000,82987,2457,8800.0,9758.814845759669,15.018099002190866,42755.78254799984,336.1199103474038
1693958072,495,,Aggregated,15.300000,1.000000,8800,13000,16000,18000,21000,24000,27000,28000,33000,38000,43000,83003,2457,8800.0,9761.72276075061,15.018099002190866,42755.78254799984,336.11173090129273
1693958073,495,,Aggregated,14.900000,0.900000,8800,13000,16000,18000,21000,24000,27000,28000,33000,38000,43000,83016,2457,8800.0,9764.252087759936,15.018099002190866,42755.78254799984,336.1051122675147
1693958074,495,,Aggregated,14.200000,0.700000,8800,13000,16000,18000,21000,24000,27000,28000,33000,38000,43000,83038,2457,8800.0,9768.138161196199,15.018099002190866,42755.78254799984,336.09383655675714
1693958075,495,,Aggregated,14.200000,0.700000,8800,13000,16000,18000,21000,24000,27000,28000,33000,38000,43000,83049,2458,8800.0,9769.72216298615,15.018099002190866,42755.78254799984,336.1054558152416
1693958076,495,,Aggregated,14.600000,0.600000,8800,13000,16000,18000,21000,24000,27000,28000,33000,38000,43000,83070,2460,8800.0,9773.117670897991,15.018099002190866,42755.78254799984,336.1291440953413
1693958077,495,,Aggregated,15.100000,0.500000,8800,13000,16000,18000,21000,24000,27000,28000,33000,38000,43000,83084,2460,8800.0,9775.713231920481,15.018099002190866,42755.78254799984,336.1220210870926
1693958079,495,,Aggregated,14.300000,0.700000,8800,13000,16000,18000,21000,24000,27000,28000,33000,38000,43000,83107,2463,8800.0,9779.650578851859,15.018099002190866,42755.78254799984,336.16192378500006
1693958080,495,,Aggregated,15.200000,0.500000,8800,13000,16000,18000,21000,24000,27000,28000,33000,38000,43000,83116,2464,8800.0,9781.240087499295,15.018099002190866,42755.78254799984,336.17455122960683
1693958081,495,,Aggregated,15.700000,0.800000,8800,13000,16000,18000,21000,24000,27000,28000,33000,38000,43000,83131,2465,8800.0,9783.811415139797,15.018099002190866,42755.78254799984,336.1841070118247
1693958082,495,,Aggregated,15.100000,0.800000,8800,13000,16000,18000,21000,24000,27000,28000,33000,38000,43000,83149,2466,8800.0,9786.63886225646,15.018099002190866,42755.78254799984,336.19212498045675
1693958083,495,,Aggregated,15.300000,0.900000,8800,13000,16000,18000,21000,24000,27000,28000,33000,38000,43000,83166,2467,8800.0,9789.338308270557,15.018099002190866,42755.78254799984,336.20062285068417
1693958084,495,,Aggregated,15.500000,0.900000,8800,13000,16000,18000,21000,24000,27000,28000,33000,38000,43000,83179,2468,8800.0,9791.511661916747,15.018099002190866,42755.78254799984,336.2111831111218
1693958085,495,,Aggregated,15.300000,1.000000,8800,13000,16000,18000,21000,24000,27000,28000,33000,38000,43000,83209,2468,8800.0,9796.357755529718,15.018099002190866,42755.78254799984,336.19591630713023
1693958086,495,,Aggregated,14.800000,1.100000,8800,13000,16000,18000,21000,24000,27000,28000,33000,38000,43000,83226,2469,8800.0,9799.078052998731,15.018099002190866,42755.78254799984,336.204443323
1693958087,500,,Aggregated,15.800000,1.100000,8800,13000,16000,18000,21000,24000,27000,28000,33000,38000,43000,83256,2469,8800.0,9803.715645471802,15.018099002190866,42755.78254799984,336.189211588354
1693958088,500,,Aggregated,16.900000,1.000000,8800,13000,16000,18000,21000,24000,27000,28000,33000,38000,43000,83275,2471,8800.0,9806.705776913748,15.018099002190866,42755.78254799984,336.213881717202
1693958089,500,,Aggregated,17.100000,0.900000,8800,13000,16000,18000,21000,24000,27000,28000,33000,38000,43000,83290,2472,8800.0,9808.843605945041,15.018099002190866,42755.78254799984,336.2234001680874
1693958090,500,,Aggregated,18.100000,1.100000,8800,13000,16000,18000,21000,24000,27000,28000,33000,38000,43000,83302,2472,8800.0,9810.78203084223,15.018099002190866,42755.78254799984,336.21729370243213
1693958091,500,,Aggregated,17.400000,0.800000,8800,13000,16000,18000,21000,24000,27000,28000,33000,38000,43000,83320,2476,8800.0,9813.340411697714,15.018099002190866,42755.78254799984,336.2767762842055
1693958092,500,,Aggregated,17.700000,0.800000,8800,13000,16000,18000,21000,24000,27000,28000,33000,38000,43000,83333,2478,8800.0,9815.486377942314,15.018099002190866,42755.78254799984,336.3045012180049
1693958093,500,,Aggregated,17.500000,0.800000,8800,13000,16000,18000,21000,24000,27000,28000,33000,38000,43000,83343,2478,8800.0,9816.966989201528,15.018099002190866,42755.78254799984,336.2993892708446
1693958094,500,,Aggregated,17.400000,1.000000,8900,13000,16000,18000,21000,24000,27000,28000,33000,38000,43000,83357,2478,8900.0,9819.467216364608,15.018099002190866,42755.78254799984,336.2922490012836
1693958096,500,,Aggregated,17.000000,1.000000,8900,13000,16000,18000,21000,24000,27000,28000,33000,38000,43000,83369,2479,8900.0,9821.649788051058,15.018099002190866,42755.78254799984,336.3032542071993
1693958097,500,,Aggregated,15.800000,1.000000,8900,13000,16000,18000,21000,24000,27000,28000,33000,38000,43000,83379,2482,8900.0,9823.032937418433,15.018099002190866,42755.78254799984,336.34960841458883
1693958098,500,,Aggregated,14.800000,1.000000,8900,13000,16000,18000,21000,24000,27000,28000,33000,38000,43000,83390,2483,8900.0,9824.86396175186,15.018099002190866,42755.78254799984,336.3611464204341
1693958099,500,,Aggregated,13.400000,1.200000,8900,13000,16000,18000,21000,24000,27000,28000,33000,38000,43000,83407,2483,8900.0,9827.700373793525,15.018099002190866,42755.78254799984,336.35241646384594
1693958100,500,,Aggregated,12.400000,1.100000,8900,13000,16000,18000,21000,24000,27000,28000,33000,38000,43000,83424,2484,8900.0,9830.973667437594,15.018099002190866,42755.78254799984,336.36087936325276
1693958101,500,,Aggregated,12.100000,1.200000,8900,13000,16000,18000,21000,24000,27000,29000,33000,38000,43000,83440,2486,8900.0,9833.970241070778,15.018099002190866,42755.78254799984,336.3869487056568
1693958102,500,,Aggregated,12.600000,1.200000,8900,13000,16000,18000,21000,24000,27000,29000,33000,38000,43000,83454,2488,8900.0,9836.395236014867,15.018099002190866,42755.78254799984,336.41408440578044
1693958103,500,,Aggregated,12.700000,1.300000,8900,13000,16000,18000,21000,24000,27000,29000,33000,38000,43000,83474,2489,8900.0,9840.17156877376,15.018099002190866,42755.78254799984,336.4210293025373
1693958104,500,,Aggregated,12.700000,1.000000,8900,13000,16000,18000,21000,24000,27000,29000,33000,38000,43000,83498,2491,8900.0,9844.648645905934,15.018099002190866,42755.78254799984,336.4430165992
1693958105,500,,Aggregated,13.000000,1.000000,8900,13000,16000,18000,21000,24000,27000,29000,33000,38000,43000,83511,2492,8900.0,9847.027512737335,15.018099002190866,42755.78254799984,336.4534851696184
1693958106,500,,Aggregated,13.700000,1.100000,8900,13000,16000,18000,21000,24000,27000,29000,33000,38000,43000,83522,2493,8900.0,9849.133596294505,15.018099002190866,42755.78254799984,336.4650032326812
1693958107,500,,Aggregated,14.400000,1.300000,8900,13000,16000,18000,21000,24000,27000,29000,33000,38000,43000,83531,2494,8900.0,9850.745857376465,15.018099002190866,42755.78254799984,336.4775352863009
1693958108,500,,Aggregated,14.500000,1.300000,8900,13000,16000,18000,21000,24000,27000,29000,33000,38000,43000,83543,2495,8900.0,9852.811306732876,15.018099002190866,42755.78254799984,336.4884909567528
1693958109,500,,Aggregated,14.900000,1.300000,8900,13000,16000,18000,21000,24000,27000,29000,33000,38000,43000,83557,2496,8900.0,9855.408116082659,15.018099002190866,42755.78254799984,336.4984022882583
1693958110,500,,Aggregated,14.300000,1.200000,8900,13000,16000,18000,21000,24000,27000,29000,34000,39000,43000,83572,2498,8900.0,9858.18064754318,15.018099002190866,42755.78254799984,336.52491265016994
1693958112,500,,Aggregated,14.000000,1.200000,8900,13000,16000,18000,21000,24000,27000,29000,34000,39000,43000,83585,2499,8900.0,9860.439352885109,15.018099002190866,42755.78254799984,336.5353711790393
1693958113,500,,Aggregated,14.000000,1.200000,8900,13000,16000,18000,21000,24000,27000,29000,34000,39000,43000,83607,2501,8900.0,9864.608017612336,15.018099002190866,42755.78254799984,336.55832645591875
1693958114,500,,Aggregated,13.500000,1.300000,8900,13000,16000,18000,21000,24000,27000,29000,34000,39000,43000,83621,2503,8900.0,9867.02543322868,15.018099002190866,42755.78254799984,336.58537927075736
1693958115,500,,Aggregated,14.300000,1.300000,8900,13000,16000,18000,21000,24000,27000,29000,34000,39000,43000,83637,2505,8900.0,9870.352100370012,15.018099002190866,42755.78254799984,336.6113920872341
1693958116,500,,Aggregated,13.900000,1.300000,8900,13000,16000,18000,21000,24000,27000,29000,34000,39000,43000,83655,2507,8900.0,9873.612846196911,15.018099002190866,42755.78254799984,336.6363636363636
1693958117,500,,Aggregated,13.100000,1.300000,8900,13000,16000,18000,21000,24000,27000,29000,34000,39000,43000,83673,2509,8900.0,9877.278482315567,15.018099002190866,42755.78254799984,336.66127663642993
1693958118,500,,Aggregated,13.700000,1.500000,8900,13000,16000,18000,21000,24000,27000,29000,34000,39000,43000,83699,2512,8900.0,9882.14559530136,15.018099002190866,42755.78254799984,336.69921982341486
1693958119,500,,Aggregated,14.100000,1.500000,8900,13000,16000,18000,21000,24000,27000,29000,34000,39000,43000,83719,2512,8900.0,9886.253854121747,15.018099002190866,42755.78254799984,336.68900727433436
1693958120,500,,Aggregated,15.400000,1.600000,8900,13000,16000,18000,21000,24000,27000,29000,34000,39000,43000,83741,2515,8900.0,9890.784469909036,15.018099002190866,42755.78254799984,336.7290216262046
1693958121,500,,Aggregated,16.400000,1.600000,8900,13000,16000,18000,21000,24000,27000,29000,34000,39000,43000,83756,2515,8900.0,9893.639158251226,15.018099002190866,42755.78254799984,336.72129757868095
1693958122,500,,Aggregated,17.000000,1.700000,8900,14000,16000,18000,21000,24000,27000,29000,34000,39000,43000,83780,2516,8900.0,9898.263727036187,15.018099002190866,42755.78254799984,336.7260563380282
1693958123,500,,Aggregated,17.300000,1.700000,8900,14000,16000,18000,21000,24000,27000,29000,34000,39000,43000,83796,2517,8900.0,9901.304981101266,15.018099002190866,42755.78254799984,336.7349157477684
1693958124,500,,Aggregated,18.200000,1.600000,8900,14000,16000,18000,21000,24000,27000,29000,34000,39000,43000,83810,2519,8900.0,9903.541859900843,15.018099002190866,42755.78254799984,336.76186612576066
1693958125,500,,Aggregated,17.800000,1.500000,8900,14000,16000,18000,21000,24000,27000,29000,34000,39000,43000,83823,2519,8900.0,9906.030261518477,15.018099002190866,42755.78254799984,336.755198453885
1693958127,500,,Aggregated,17.800000,1.500000,8900,14000,16000,18000,21000,24000,27000,29000,34000,39000,43000,83836,2519,8900.0,9908.676025014915,15.018099002190866,42755.78254799984,336.7485209217997
1693958128,500,,Aggregated,18.200000,1.500000,8900,14000,16000,18000,21000,24000,27000,29000,34000,39000,43000,83847,2520,8900.0,9910.369597122763,15.018099002190866,42755.78254799984,336.759931780505
1693958129,500,,Aggregated,17.300000,1.200000,8900,14000,16000,18000,21000,24000,27000,29000,34000,39000,43000,83854,2520,8900.0,9911.571549277844,15.018099002190866,42755.78254799984,336.7563264722017
1693958130,500,,Aggregated,16.100000,1.000000,8900,14000,16000,18000,21000,24000,27000,29000,34000,39000,43000,83868,2521,8900.0,9914.387587170773,15.018099002190866,42755.78254799984,336.76621595841084
1693958131,500,,Aggregated,14.500000,0.800000,8900,14000,16000,18000,21000,24000,27000,29000,34000,39000,43000,83889,2524,8900.0,9918.517007863571,15.018099002190866,42755.78254799984,336.80658966014613
1693958132,500,,Aggregated,13.600000,0.700000,8900,14000,16000,18000,21000,24000,27000,29000,34000,39000,43000,83912,2526,8900.0,9922.528456127757,15.018099002190866,42755.78254799984,336.82890408999907
1693958133,500,,Aggregated,14.000000,0.800000,8900,14000,16000,18000,21000,24000,27000,29000,34000,39000,43000,83930,2526,8900.0,9925.552867497323,15.018099002190866,42755.78254799984,336.81968306922437
1693958134,500,,Aggregated,14.000000,1.100000,8900,14000,16000,18000,21000,24000,27000,29000,34000,39000,43000,83944,2527,8900.0,9928.244891854916,15.018099002190866,42755.78254799984,336.8295411226532
1693958135,500,,Aggregated,13.800000,1.000000,8900,14000,16000,18000,21000,24000,27000,29000,34000,39000,43000,83962,2528,8900.0,9931.572592937246,15.018099002190866,42755.78254799984,336.83731926347633
1693958136,500,,Aggregated,14.000000,1.000000,8900,14000,16000,18000,21000,24000,27000,29000,34000,39000,43000,83971,2528,8900.0,9933.211634167094,15.018099002190866,42755.78254799984,336.83270414786057
1693958137,500,,Aggregated,14.100000,0.800000,9000,14000,16000,18000,22000,24000,27000,29000,34000,39000,43000,83981,2528,9000.0,9935.109989826795,15.018099002190866,42755.78254799984,336.8275919553232
1693958138,500,,Aggregated,14.200000,0.900000,9000,14000,16000,18000,22000,24000,27000,29000,34000,39000,43000,83996,2530,9000.0,9937.935526864707,15.018099002190866,42755.78254799984,336.85398114195914
1693958139,500,,Aggregated,13.900000,0.900000,9000,14000,16000,18000,22000,24000,27000,29000,34000,39000,43000,84019,2531,9000.0,9941.601243995667,15.018099002190866,42755.78254799984,336.859234220831
1693958140,500,,Aggregated,13.900000,0.800000,9000,14000,16000,18000,22000,24000,27000,29000,34000,39000,43000,84042,2532,9000.0,9945.523408382212,15.018099002190866,42755.78254799984,336.86447252564193
1693958141,500,,Aggregated,14.800000,1.100000,9000,14000,16000,18000,22000,24000,27000,29000,34000,39000,43000,84052,2533,9000.0,9947.237241339906,15.018099002190866,42755.78254799984,336.87636225193927
1693958143,500,,Aggregated,15.700000,1.100000,9000,14000,16000,18000,22000,24000,27000,29000,34000,39000,43000,84072,2534,9000.0,9950.694000466645,15.018099002190866,42755.78254799984,336.88314777809495
1693958144,500,,Aggregated,14.700000,0.700000,9000,14000,16000,18000,22000,24000,27000,29000,34000,39000,43000,84082,2535,9000.0,9952.574789392604,15.018099002190866,42755.78254799984,336.8950548274304
1693958145,500,,Aggregated,15.000000,0.800000,9000,14000,16000,18000,22000,24000,27000,29000,34000,39000,43000,84098,2537,9000.0,9955.414204951874,15.018099002190866,42755.78254799984,336.9208304597018
1693958146,500,,Aggregated,14.300000,0.800000,9000,14000,16000,18000,22000,24000,27000,29000,34000,39000,43000,84112,2537,9000.0,9957.986307934703,15.018099002190866,42755.78254799984,336.9136627354004
1693958147,500,,Aggregated,14.200000,1.000000,9000,14000,16000,18000,22000,24000,27000,29000,34000,39000,43000,84130,2538,9000.0,9960.917909146568,15.018099002190866,42755.78254799984,336.9214667776061
1693958148,505,,Aggregated,14.400000,0.900000,9000,14000,16000,18000,22000,24000,27000,29000,34000,39000,43000,84159,2540,9000.0,9965.370186241586,15.018099002190866,42755.78254799984,336.9405886476788
1693958149,505,,Aggregated,14.900000,0.900000,9000,14000,16000,18000,22000,24000,27000,29000,34000,39000,43000,84174,2540,9000.0,9968.239137352073,15.018099002190866,42755.78254799984,336.9328771354575
1693958150,505,,Aggregated,16.100000,1.200000,9000,14000,16000,18000,22000,24000,27000,29000,34000,39000,43000,84197,2541,9000.0,9972.319364620815,15.018099002190866,42755.78254799984,336.93810943382783
1693958151,505,,Aggregated,16.500000,0.900000,9000,14000,16000,18000,22000,24000,27000,29000,34000,39000,43000,84213,2541,9000.0,9974.889872656633,15.018099002190866,42755.78254799984,336.92989205942075
1693958152,505,,Aggregated,16.800000,0.900000,9000,14000,16000,18000,22000,24000,27000,29000,34000,39000,43000,84229,2542,9000.0,9977.563232984936,15.018099002190866,42755.78254799984,336.9387028220684
1693958153,505,,Aggregated,16.300000,0.900000,9000,14000,16000,18000,22000,24000,27000,29000,34000,39000,43000,84247,2542,9000.0,9981.174602577792,15.018099002190866,42755.78254799984,336.92943368903343
1693958154,505,,Aggregated,16.900000,0.800000,9000,14000,16000,18000,22000,24000,27000,29000,34000,39000,43000,84261,2543,9000.0,9983.800999340645,15.018099002190866,42755.78254799984,336.93921268439726
1693958155,505,,Aggregated,16.300000,0.800000,9000,14000,16000,18000,22000,24000,27000,29000,34000,39000,43000,84281,2543,9000.0,9986.982447994886,15.018099002190866,42755.78254799984,336.9289638234003
1693958156,505,,Aggregated,17.000000,0.700000,9000,14000,16000,18000,22000,24000,27000,29000,34000,39000,43000,84297,2544,9000.0,9989.701952594054,15.018099002190866,42755.78254799984,336.9377439292027
1693958157,505,,Aggregated,17.000000,0.600000,9000,14000,16000,18000,22000,24000,27000,29000,34000,39000,43000,84311,2544,9000.0,9992.322782193567,15.018099002190866,42755.78254799984,336.93057845358254
1693958159,505,,Aggregated,17.500000,0.700000,9000,14000,16000,18000,22000,24000,27000,29000,34000,39000,43000,84326,2544,9000.0,9995.295810169635,15.018099002190866,42755.78254799984,336.92293005715914
1693958160,505,,Aggregated,16.400000,0.400000,9000,14000,16000,18000,22000,24000,27000,29000,34000,39000,43000,84336,2544,9000.0,9996.894345945522,15.018099002190866,42755.78254799984,336.9177812559287
1693958161,505,,Aggregated,15.800000,0.400000,9000,14000,16000,18000,22000,24000,27000,29000,34000,39000,43000,84347,2545,9000.0,9998.738493034327,15.018099002190866,42755.78254799984,336.9291023984255
1693958162,505,,Aggregated,14.500000,0.400000,9000,14000,16000,18000,22000,24000,27000,29000,34000,39000,43000,84367,2548,9000.0,10001.926111896551,15.018099002190866,42755.78254799984,336.9697275000889
1693958163,505,,Aggregated,13.500000,0.400000,9000,14000,16000,18000,22000,24000,27000,29000,34000,39000,43000,84381,2548,9000.0,10004.211528599666,15.018099002190866,42755.78254799984,336.9625271091833
1693958164,505,,Aggregated,13.800000,0.600000,9000,14000,16000,18000,22000,24000,27000,29000,34000,39000,43000,84401,2550,9000.0,10007.494153511183,15.018099002190866,42755.78254799984,336.9862086942098
1693958165,505,,Aggregated,13.900000,0.600000,9000,14000,16000,18000,22000,24000,27000,29000,34000,39000,43000,84412,2551,9000.0,10009.533170356128,15.018099002190866,42755.78254799984,336.99752404871344
1693958166,505,,Aggregated,13.900000,0.700000,9000,14000,16000,18000,22000,24000,27000,29000,34000,39000,43000,84422,2551,9000.0,10011.27379474757,15.018099002190866,42755.78254799984,336.9924190376916
1693958167,505,,Aggregated,14.100000,0.700000,9000,14000,16000,18000,22000,24000,27000,29000,34000,39000,43000,84431,2552,9000.0,10012.806571190435,15.018099002190866,42755.78254799984,337.0047375963805
1693958168,505,,Aggregated,13.200000,0.800000,9000,14000,16000,18000,22000,24000,27000,29000,34000,39000,43000,84446,2552,9000.0,10015.456632025545,15.018099002190866,42755.78254799984,336.99706321199346
1693958169,505,,Aggregated,12.600000,0.700000,9000,14000,16000,18000,22000,24000,27000,29000,34000,39000,43000,84465,2553,9000.0,10018.771317490207,15.018099002190866,42755.78254799984,337.0042857988516
1693958170,505,,Aggregated,12.400000,0.800000,9000,14000,16000,18000,22000,24000,27000,29000,34000,39000,43000,84479,2554,9000.0,10021.219186526656,15.018099002190866,42755.78254799984,337.0140626664615
1693958171,505,,Aggregated,12.900000,0.900000,9000,14000,16000,18000,22000,24000,27000,29000,34000,39000,43000,84496,2554,9000.0,10024.535017687267,15.018099002190866,42755.78254799984,337.00534936565043
1693958172,505,,Aggregated,13.300000,0.900000,9000,14000,16000,18000,22000,24000,27000,29000,34000,39000,43000,84505,2554,9000.0,10026.157239641301,15.018099002190866,42755.78254799984,337.00073368439735
1693958173,505,,Aggregated,14.000000,0.900000,9000,14000,16000,18000,22000,24000,27000,29000,34000,39000,43000,84521,2555,9000.0,10029.14279231131,15.018099002190866,42755.78254799984,337.0094769347263
1693958175,505,,Aggregated,13.200000,0.600000,9000,14000,16000,18000,22000,24000,27000,29000,34000,39000,43000,84541,2557,9000.0,10032.849065713292,15.018099002190866,42755.78254799984,337.03310819602325
1693958176,505,,Aggregated,13.200000,0.600000,9000,14000,16000,18000,22000,24000,27000,29000,34000,39000,43000,84550,2558,9000.0,10034.512074822866,15.018099002190866,42755.78254799984,337.0454169130692
1693958177,505,,Aggregated,13.100000,0.700000,9000,14000,16000,18000,22000,24000,27000,29000,34000,40000,43000,84562,2559,9000.0,10037.04432240034,15.018099002190866,42755.78254799984,337.0562191055084
1693958178,505,,Aggregated,13.200000,0.700000,9100,14000,16000,18000,22000,24000,27000,29000,34000,40000,43000,84578,2559,9100.0,10040.351550388523,15.018099002190866,42755.78254799984,337.04801485019743
1693958179,505,,Aggregated,13.500000,0.700000,9100,14000,16000,18000,22000,24000,27000,29000,34000,40000,43000,84593,2559,9100.0,10043.591269786872,15.018099002190866,42755.78254799984,337.0403579492393
1693958180,505,,Aggregated,14.000000,0.700000,9100,14000,16000,18000,22000,24000,27000,29000,34000,40000,43000,84610,2559,9100.0,10046.992326185844,15.018099002190866,42755.78254799984,337.03171019973996
1693958181,505,,Aggregated,13.300000,0.600000,9100,14000,16000,18000,22000,24000,27000,29000,34000,40000,43000,84632,2559,9100.0,10051.322262456899,15.018099002190866,42755.78254799984,337.0204768881747
1693958182,505,,Aggregated,13.600000,0.600000,9100,14000,16000,18000,22000,24000,27000,29000,34000,40000,43000,84647,2561,9100.0,10053.916788274353,15.018099002190866,42755.78254799984,337.046593500065
1693958183,505,,Aggregated,14.000000,0.500000,9100,14000,16000,18000,22000,24000,27000,29000,34000,40000,43000,84663,2561,9100.0,10057.179941148579,15.018099002190866,42755.78254799984,337.0384229238274
1693958184,505,,Aggregated,14.200000,0.500000,9100,14000,16000,18000,22000,24000,27000,29000,34000,40000,43000,84680,2562,9100.0,10060.515370206826,15.018099002190866,42755.78254799984,337.0466343882853
1693958185,505,,Aggregated,14.600000,0.700000,9100,14000,16000,18000,22000,24000,27000,29000,34000,40000,43000,84695,2563,9100.0,10063.91168326234,15.018099002190866,42755.78254799984,337.05585925969655
1693958186,505,,Aggregated,14.800000,0.700000,9100,14000,16000,18000,22000,24000,27000,29000,34000,40000,43000,84718,2565,9100.0,10068.090519665655,15.018099002190866,42755.78254799984,337.07788191411504
1693958187,505,,Aggregated,15.000000,0.500000,9100,14000,16000,18000,22000,24000,27000,29000,34000,40000,43000,84735,2566,9100.0,10071.472831476261,15.018099002190866,42755.78254799984,337.08609193367556
1693958188,505,,Aggregated,14.900000,0.600000,9100,14000,16000,18000,22000,24000,27000,29000,34000,40000,43000,84752,2569,9100.0,10074.61565875748,15.018099002190866,42755.78254799984,337.1280323768171
1693958189,505,,Aggregated,15.900000,0.700000,9100,14000,16000,18000,22000,24000,27000,29000,34000,40000,43000,84765,2571,9100.0,10076.945949755122,15.018099002190866,42755.78254799984,337.1550875951159
1693958191,505,,Aggregated,16.400000,0.700000,9100,14000,16000,18000,22000,24000,27000,29000,34000,40000,43000,84781,2572,9100.0,10080.286713990716,15.018099002190866,42755.78254799984,337.16378669749116
1693958192,505,,Aggregated,16.100000,1.200000,9100,14000,16000,18000,22000,25000,27000,29000,34000,40000,43000,84799,2576,9100.0,10083.671599097526,15.018099002190866,42755.78254799984,337.22206629795164
1693958193,505,,Aggregated,15.900000,1.300000,9100,14000,17000,18000,22000,25000,27000,29000,34000,40000,43000,84809,2576,9100.0,10085.52132761582,15.018099002190866,42755.78254799984,337.2169698970628
1693958194,505,,Aggregated,15.900000,1.700000,9100,14000,17000,18000,22000,25000,27000,29000,34000,40000,43000,84825,2576,9100.0,10089.049472946195,15.018099002190866,42755.78254799984,337.2087827880931
1693958195,505,,Aggregated,15.600000,1.500000,9100,14000,17000,18000,22000,25000,27000,29000,34000,41000,43000,84843,2577,9100.0,10092.99796205298,15.018099002190866,42755.78254799984,337.216411489457
1693958196,505,,Aggregated,15.100000,1.400000,9100,14000,17000,18000,22000,25000,27000,29000,34000,41000,43000,84857,2577,9100.0,10095.783752263065,15.018099002190866,42755.78254799984,337.2091990053855
1693958197,505,,Aggregated,14.900000,1.400000,9100,14000,17000,18000,22000,25000,27000,29000,34000,41000,43000,84868,2577,9100.0,10098.286294625676,15.018099002190866,42755.78254799984,337.2035513974643
1693958198,505,,Aggregated,15.200000,1.300000,9100,14000,17000,18000,22000,25000,27000,29000,34000,41000,43000,84883,2578,9100.0,10101.199453382264,15.018099002190866,42755.78254799984,337.21273988902374
1693958199,505,,Aggregated,14.300000,1.200000,9100,14000,17000,18000,22000,25000,27000,29000,35000,41000,43000,84908,2579,9100.0,10106.521784471282,15.018099002190866,42755.78254799984,337.2168346916663
1693958200,505,,Aggregated,13.400000,1.200000,9100,14000,17000,18000,22000,25000,27000,29000,35000,41000,43000,84926,2579,9100.0,10110.027159975789,15.018099002190866,42755.78254799984,337.2076278171585
1693958201,505,,Aggregated,14.400000,0.900000,9100,14000,17000,18000,22000,25000,27000,29000,35000,41000,43000,84938,2579,9100.0,10112.320026427557,15.018099002190866,42755.78254799984,337.20149991758694
1693958202,505,,Aggregated,14.900000,0.800000,9100,14000,17000,18000,22000,25000,27000,29000,35000,41000,43000,84955,2580,9100.0,10115.763776483745,15.018099002190866,42755.78254799984,337.20960508504504
1693958203,505,,Aggregated,14.800000,0.700000,9100,14000,17000,18000,22000,25000,27000,29000,35000,41000,43000,84967,2581,9100.0,10118.137211589437,15.018099002190866,42755.78254799984,337.22025021478925
1693958204,505,,Aggregated,14.200000,0.300000,9100,14000,17000,18000,22000,25000,28000,29000,35000,41000,43000,84985,2581,9100.0,10121.570756039519,15.018099002190866,42755.78254799984,337.2110372418662
1693958206,505,,Aggregated,15.100000,0.500000,9100,14000,17000,18000,22000,25000,28000,29000,35000,41000,43000,84999,2581,9100.0,10124.636273587108,15.018099002190866,42755.78254799984,337.2039082812739
1693958207,505,,Aggregated,14.800000,0.500000,9100,14000,17000,18000,22000,25000,28000,29000,35000,41000,43000,85014,2584,9100.0,10127.335561223286,15.018099002190866,42755.78254799984,337.2467123062084
1693958208,510,,Aggregated,14.800000,0.400000,9100,14000,17000,18000,22000,25000,28000,29000,35000,41000,43000,85029,2585,9100.0,10129.947738562845,15.018099002190866,42755.78254799984,337.2558891672253
1693958209,510,,Aggregated,14.800000,0.400000,9100,14000,17000,18000,22000,25000,28000,29000,35000,41000,43000,85041,2585,9100.0,10132.18567361446,15.018099002190866,42755.78254799984,337.24977363859784
1693958210,510,,Aggregated,15.400000,0.700000,9100,14000,17000,18000,22000,25000,28000,29000,35000,41000,43000,85062,2588,9100.0,10135.501249587433,15.018099002190866,42755.78254799984,337.2895064776281
1693958211,510,,Aggregated,14.500000,0.700000,9100,14000,17000,18000,22000,25000,28000,29000,35000,41000,43000,85092,2589,9100.0,10140.686816902557,15.018099002190866,42755.78254799984,337.2909674234946
1693958212,510,,Aggregated,13.900000,0.700000,9100,14000,17000,18000,22000,25000,28000,29000,35000,41000,43000,85109,2591,9100.0,10143.247216975402,15.018099002190866,42755.78254799984,337.3158890364121
1693958213,510,,Aggregated,15.900000,1.000000,9100,14000,17000,18000,22000,25000,28000,29000,35000,41000,43000,85131,2595,9100.0,10146.757489591848,15.018099002190866,42755.78254799984,337.371826949055
1693958214,510,,Aggregated,15.700000,1.100000,9100,14000,17000,18000,22000,25000,28000,29000,35000,41000,45000,85151,2596,9100.0,10150.344267898565,15.018099002190866,44806.83848699846,337.37832791159235
1693958215,510,,Aggregated,15.900000,1.300000,9200,14000,17000,18000,22000,25000,28000,29000,35000,41000,45000,85170,2597,9100.0,10153.044432644767,15.018099002190866,44806.83848699846,337.3854056592697
1693958216,510,,Aggregated,17.200000,1.400000,9200,14000,17000,18000,22000,25000,28000,29000,35000,41000,45000,85184,2597,9200.0,10155.375280313685,15.018099002190866,44806.83848699846,337.3782635236664
1693958217,510,,Aggregated,17.300000,1.600000,9200,14000,17000,18000,22000,25000,28000,29000,35000,41000,45000,85203,2599,9200.0,10158.521527705501,15.018099002190866,44806.83848699846,337.4020985176578
1693958218,510,,Aggregated,17.700000,1.600000,9200,14000,17000,18000,22000,25000,28000,29000,35000,41000,45000,85223,2600,9200.0,10161.909267692121,15.018099002190866,44806.83848699846,337.4086807551952
1693958219,510,,Aggregated,17.300000,1.400000,9200,14000,17000,18000,22000,25000,28000,29000,35000,41000,45000,85241,2600,9200.0,10165.187780770808,15.018099002190866,44806.83848699846,337.3994556610082
1693958220,510,,Aggregated,17.900000,1.400000,9200,14000,17000,18000,22000,25000,28000,29000,35000,41000,45000,85258,2600,9200.0,10168.214185537125,15.018099002190866,44806.83848699846,337.39076684885873
1693958222,510,,Aggregated,18.400000,1.500000,9200,14000,17000,18000,22000,25000,28000,29000,35000,41000,45000,85278,2601,9200.0,10171.274549683629,15.018099002190866,44806.83848699846,337.3973123197073
1693958223,510,,Aggregated,17.000000,1.100000,9200,14000,17000,18000,22000,25000,28000,29000,35000,41000,45000,85288,2602,9200.0,10172.897402221794,15.018099002190866,44806.83848699846,337.40894381390115
1693958224,510,,Aggregated,18.100000,1.100000,9200,14000,17000,18000,22000,25000,28000,29000,35000,41000,45000,85303,2602,9200.0,10175.66413177871,15.018099002190866,44806.83848699846,337.40126373046667
1693958225,510,,Aggregated,16.900000,0.800000,9200,14000,17000,18000,22000,25000,28000,29000,35000,41000,45000,85322,2603,9200.0,10178.686977734022,15.018099002190866,44806.83848699846,337.4082417196034
1693958226,510,,Aggregated,16.200000,0.700000,9200,14000,17000,18000,22000,25000,28000,29000,35000,41000,45000,85334,2604,9200.0,10180.595948051285,15.018099002190866,44806.83848699846,337.41886000890617
1693958227,510,,Aggregated,16.000000,0.600000,9200,14000,17000,18000,22000,25000,28000,29000,35000,41000,45000,85355,2605,9200.0,10184.167544731688,15.018099002190866,44806.83848699846,337.4248608751684
1693958228,510,,Aggregated,15.300000,0.700000,9200,14000,17000,18000,22000,25000,28000,29000,35000,41000,45000,85373,2605,9200.0,10187.264165855768,15.018099002190866,44806.83848699846,337.41564663301045
1693958229,510,,Aggregated,16.100000,0.600000,9200,14000,17000,18000,22000,25000,28000,29000,35000,41000,45000,85387,2606,9200.0,10189.600403171436,15.018099002190866,44806.83848699846,337.42524037616965
1693958230,510,,Aggregated,16.200000,0.600000,9200,14000,17000,18000,22000,25000,28000,29000,35000,41000,45000,85401,2608,9200.0,10191.982789865942,15.018099002190866,44806.83848699846,337.45157550848353
1693958231,510,,Aggregated,15.500000,0.500000,9200,14000,17000,18000,22000,25000,28000,29000,35000,41000,45000,85411,2608,9200.0,10193.72592058192,15.018099002190866,44806.83848699846,337.4464647410755
1693958232,510,,Aggregated,15.000000,0.600000,9200,14000,17000,18000,22000,25000,28000,29000,35000,41000,45000,85421,2608,9200.0,10195.269405389032,15.018099002190866,44806.83848699846,337.44136687699745
1693958233,510,,Aggregated,14.700000,0.800000,9200,14000,17000,18000,22000,25000,28000,29000,35000,41000,45000,85434,2609,9200.0,10197.520380102658,15.018099002190866,44806.83848699846,337.45144790130394
1693958234,510,,Aggregated,13.500000,0.700000,9200,14000,17000,18000,22000,25000,28000,29000,35000,41000,45000,85449,2609,9200.0,10200.103151680598,15.018099002190866,44806.83848699846,337.44379688469144
1693958235,510,,Aggregated,13.500000,0.600000,9200,14000,17000,18000,22000,25000,28000,29000,35000,41000,45000,85464,2610,9200.0,10202.761825243313,15.018099002190866,44806.83848699846,337.4528573434429
1693958237,510,,Aggregated,13.400000,0.700000,9200,14000,17000,18000,22000,25000,28000,29000,35000,41000,45000,85480,2612,9200.0,10205.265480327089,15.018099002190866,44806.83848699846,337.4781352363126
1693958238,510,,Aggregated,13.300000,0.600000,9200,14000,17000,18000,22000,25000,28000,29000,35000,41000,45000,85492,2614,9200.0,10207.28443447894,15.018099002190866,44806.83848699846,337.50547419641606
1693958239,510,,Aggregated,13.200000,0.800000,9200,14000,17000,18000,22000,25000,28000,29000,35000,41000,45000,85507,2615,9200.0,10210.028143860516,15.018099002190866,44806.83848699846,337.5145309740723
1693958240,510,,Aggregated,12.400000,0.900000,9200,14000,17000,18000,22000,25000,28000,30000,35000,41000,45000,85528,2617,9200.0,10213.440886874334,15.018099002190866,44806.83848699846,337.53725095875035
1693958241,510,,Aggregated,12.400000,0.900000,9200,14000,17000,18000,22000,25000,28000,30000,35000,41000,45000,85549,2619,9200.0,10216.6172321467,15.018099002190866,44806.83848699846,337.559936410712
1693958242,510,,Aggregated,13.500000,1.100000,9200,14000,17000,18000,22000,25000,28000,30000,35000,41000,45000,85567,2621,9200.0,10219.786237736253,15.018099002190866,44806.83848699846,337.584138745077
1693958243,510,,Aggregated,13.500000,1.100000,9200,14000,17000,18000,22000,25000,28000,30000,35000,41000,45000,85587,2622,9200.0,10223.301478661946,15.018099002190866,44806.83848699846,337.5906153971982
1693958244,510,,Aggregated,14.800000,1.200000,9200,14000,17000,18000,22000,25000,28000,30000,35000,41000,45000,85609,2625,9200.0,10226.889254599448,15.018099002190866,44806.83848699846,337.6295015710965
1693958245,510,,Aggregated,15.700000,1.300000,9200,14000,17000,18000,22000,25000,28000,30000,35000,41000,45000,85626,2626,9200.0,10229.483687842012,15.018099002190866,44806.83848699846,337.63749328474995
1693958246,510,,Aggregated,16.500000,1.500000,9200,14000,17000,18000,22000,25000,28000,30000,35000,41000,45000,85649,2631,9200.0,10233.11883119914,15.018099002190866,44806.83848699846,337.70918516269893
1693958247,510,,Aggregated,16.400000,1.600000,9200,14000,17000,18000,22000,25000,28000,30000,35000,41000,45000,85671,2631,9200.0,10237.016712987986,15.018099002190866,44806.83848699846,337.6979141132939
1693958248,510,,Aggregated,16.700000,1.700000,9200,14000,17000,18000,22000,25000,28000,30000,35000,41000,45000,85694,2633,9200.0,10240.776557479074,15.018099002190866,44806.83848699846,337.71945527108085
1693958249,510,,Aggregated,17.400000,1.900000,9200,14000,17000,18000,22000,25000,28000,30000,35000,41000,45000,85707,2635,9200.0,10242.971299249066,15.018099002190866,44806.83848699846,337.74617009112444
1693958250,510,,Aggregated,18.800000,1.800000,9200,14000,17000,18000,22000,25000,28000,30000,35000,41000,45000,85721,2637,9200.0,10245.244374736014,15.018099002190866,44806.83848699846,337.7723078358862
1693958251,510,,Aggregated,19.300000,1.900000,9200,14000,17000,18000,22000,25000,28000,30000,35000,41000,45000,85740,2640,9200.0,10248.41570460943,15.018099002190866,44806.83848699846,337.8125612316305
1693958253,510,,Aggregated,18.200000,1.800000,9300,14000,17000,18000,22000,25000,28000,30000,35000,41000,45000,85756,2641,9300.0,10250.98527275951,15.018099002190866,44806.83848699846,337.82103876113626
1693958254,510,,Aggregated,18.200000,1.800000,9300,14000,17000,18000,22000,25000,28000,30000,35000,41000,45000,85771,2642,9300.0,10253.606406438212,15.018099002190866,44806.83848699846,337.830012475079
1693958255,510,,Aggregated,17.700000,2.000000,9300,14000,17000,18000,22000,25000,28000,30000,35000,41000,45000,85784,2642,9300.0,10255.806501332063,15.018099002190866,44806.83848699846,337.8233236967267
1693958256,510,,Aggregated,17.000000,1.800000,9300,14000,17000,18000,22000,25000,28000,30000,35000,41000,45000,85808,2642,9300.0,10259.892887355758,15.018099002190866,44806.83848699846,337.8110316054447
1693958257,510,,Aggregated,16.700000,1.700000,9300,14000,17000,18000,22000,25000,28000,30000,35000,41000,45000,85818,2642,9300.0,10261.499519839308,15.018099002190866,44806.83848699846,337.80591484303994
1693958258,510,,Aggregated,17.100000,1.500000,9300,14000,17000,18000,22000,25000,28000,30000,35000,41000,45000,85836,2644,9300.0,10264.46472938182,15.018099002190866,44806.83848699846,337.8300130481383
1693958259,510,,Aggregated,16.200000,1.100000,9300,14000,17000,18000,22000,25000,28000,30000,35000,41000,45000,85849,2647,9300.0,10266.322683147431,15.018099002190866,44806.83848699846,337.87331244394227
1693958260,510,,Aggregated,14.700000,1.000000,9300,14000,17000,18000,22000,25000,28000,30000,35000,41000,45000,85864,2647,9300.0,10268.954902640242,15.018099002190866,44806.83848699846,337.8655897698686
1693958261,510,,Aggregated,15.000000,1.400000,9300,14000,17000,18000,22000,25000,28000,30000,35000,41000,45000,85882,2647,9300.0,10272.24439172574,15.018099002190866,44806.83848699846,337.8563377657716
1693958262,510,,Aggregated,14.800000,1.200000,9300,14000,17000,18000,22000,25000,28000,30000,35000,41000,45000,85892,2647,9300.0,10274.036503950088,15.018099002190866,44806.83848699846,337.85122013691614
1693958263,510,,Aggregated,15.200000,1.000000,9300,14000,17000,18000,22000,25000,28000,30000,35000,41000,45000,85911,2648,9300.0,10277.380842026156,15.018099002190866,44806.83848699846,337.8581555330517
1693958264,510,,Aggregated,14.700000,0.700000,9300,14000,17000,18000,22000,25000,28000,30000,35000,41000,45000,85930,2648,9300.0,10280.338151455124,15.018099002190866,44806.83848699846,337.8483533108344
1693958265,510,,Aggregated,14.200000,0.600000,9300,14000,17000,18000,22000,25000,28000,30000,35000,41000,45000,85945,2649,9300.0,10283.002184177947,15.018099002190866,44806.83848699846,337.85733899586944
1693958266,510,,Aggregated,14.500000,0.600000,9300,14000,17000,18000,22000,25000,28000,30000,35000,41000,45000,85957,2650,9300.0,10285.054924975973,15.018099002190866,44806.83848699846,337.8678525309166
1693958267,515,,Aggregated,15.000000,0.700000,9300,14000,17000,18000,22000,25000,28000,30000,35000,41000,45000,85974,2650,9300.0,10287.876959906664,15.018099002190866,44806.83848699846,337.85913183055345
1693958269,515,,Aggregated,14.500000,0.800000,9300,14000,17000,18000,22000,25000,28000,30000,35000,41000,45000,85992,2653,9300.0,10290.673642504808,15.018099002190866,44806.83848699846,337.8998046329891
1693958270,515,,Aggregated,14.700000,0.800000,9300,14000,17000,18000,22000,25000,28000,30000,35000,41000,45000,86013,2655,9300.0,10294.022686179222,15.018099002190866,44806.83848699846,337.9223256949531
1693958271,515,,Aggregated,14.700000,0.800000,9300,14000,17000,18000,22000,25000,28000,30000,35000,41000,45000,86021,2655,9300.0,10295.42623022037,15.018099002190866,44806.83848699846,337.91819439439206
1693958272,515,,Aggregated,15.300000,0.800000,9300,14000,17000,18000,22000,25000,28000,30000,35000,41000,45000,86032,2657,9300.0,10297.199794049533,15.018099002190866,44806.83848699846,337.94582248465684
1693958273,515,,Aggregated,14.700000,0.800000,9300,14000,17000,18000,22000,25000,28000,30000,35000,41000,45000,86045,2658,9300.0,10299.187206885983,15.018099002190866,44806.83848699846,337.9557673310477
1693958274,515,,Aggregated,14.300000,1.000000,9300,14000,17000,18000,22000,25000,28000,30000,35000,41000,45000,86082,2659,9300.0,10305.190245777761,15.018099002190866,44806.83848699846,337.95338165934805
1693958275,515,,Aggregated,14.500000,1.100000,9300,14000,17000,18000,22000,25000,28000,30000,35000,41000,45000,86096,2661,9300.0,10307.47396969512,15.018099002190866,44806.83848699846,337.979453168556
1693958276,515,,Aggregated,15.700000,1.000000,9300,14000,17000,18000,22000,25000,28000,30000,35000,41000,45000,86125,2666,9300.0,10311.554777286889,15.018099002190866,44806.83848699846,338.04758200290274
1693958277,515,,Aggregated,15.700000,1.100000,9300,14000,17000,18000,22000,25000,28000,30000,35000,41000,45000,86148,2666,9300.0,10314.734530855289,15.018099002190866,44806.83848699846,338.035764033988
1693958278,515,,Aggregated,16.400000,1.300000,9300,14000,17000,19000,22000,25000,28000,30000,35000,41000,45000,86161,2666,9300.0,10316.739910088363,15.018099002190866,44806.83848699846,338.02910829725744
1693958279,515,,Aggregated,17.500000,1.600000,9300,14000,17000,19000,22000,25000,28000,30000,35000,41000,45000,86176,2667,9300.0,10318.65272301161,15.018099002190866,44806.83848699846,338.03801522465653
1693958280,515,,Aggregated,18.100000,1.600000,9300,14000,17000,19000,22000,25000,28000,30000,35000,41000,45000,86195,2668,9300.0,10321.297542542601,15.018099002190866,44806.83848699846,338.04488659435003
1693958281,515,,Aggregated,17.600000,1.300000,9300,14000,17000,19000,22000,25000,28000,30000,35000,41000,45000,86216,2668,9300.0,10324.732218680487,15.018099002190866,44806.83848699846,338.03411199777304
1693958282,515,,Aggregated,16.900000,1.200000,9300,14000,17000,19000,22000,25000,28000,30000,35000,41000,45000,86233,2669,9300.0,10327.313605063931,15.018099002190866,44806.83848699846,338.0419444992056
1693958283,515,,Aggregated,17.700000,1.300000,9300,14000,17000,19000,22000,25000,28000,30000,35000,41000,45000,86248,2669,9300.0,10330.173615930224,15.018099002190866,44806.83848699846,338.0342732585103
1693958285,515,,Aggregated,19.300000,1.100000,9300,14000,17000,19000,22000,25000,28000,30000,35000,41000,45000,86267,2670,9300.0,10332.971674730325,15.018099002190866,44806.83848699846,338.04110494163467
1693958286,515,,Aggregated,17.500000,1.100000,9300,14000,17000,19000,22000,25000,28000,30000,35000,41000,45000,86285,2672,9300.0,10336.103343175118,15.018099002190866,44806.83848699846,338.0650286840123
1693958287,515,,Aggregated,17.800000,1.000000,9300,14000,17000,19000,22000,25000,28000,30000,35000,41000,45000,86299,2672,9300.0,10337.897451299412,15.018099002190866,44806.83848699846,338.0578569855966
1693958288,515,,Aggregated,17.200000,1.000000,9400,14000,17000,19000,22000,25000,28000,30000,35000,41000,45000,86312,2673,9400.0,10339.692370933253,15.018099002190866,44806.83848699846,338.06771943646305
1693958289,515,,Aggregated,16.100000,0.600000,9400,14000,17000,19000,22000,25000,28000,30000,35000,41000,45000,86327,2673,9400.0,10342.42202306773,15.018099002190866,44806.83848699846,338.0600391534514
1693958290,515,,Aggregated,15.600000,0.700000,9400,14000,17000,19000,22000,25000,28000,30000,35000,41000,45000,86343,2673,9400.0,10345.080682850772,15.018099002190866,44806.83848699846,338.05186291882376
1693958291,515,,Aggregated,14.900000,0.700000,9400,14000,17000,19000,22000,25000,28000,30000,35000,41000,45000,86354,2675,9400.0,10346.821633209454,15.018099002190866,44806.83848699846,338.0793478009125
1693958292,515,,Aggregated,15.800000,0.600000,9400,14000,17000,19000,22000,25000,28000,30000,35000,41000,45000,86370,2677,9400.0,10349.257139484895,15.018099002190866,44806.83848699846,338.10424916058815
1693958293,515,,Aggregated,15.100000,0.600000,9400,14000,17000,19000,22000,25000,28000,30000,35000,41000,45000,86385,2678,9400.0,10351.823482666014,15.018099002190866,44806.83848699846,338.11307518666433
1693958294,515,,Aggregated,13.800000,0.800000,9400,14000,17000,19000,22000,25000,28000,30000,35000,41000,45000,86400,2678,9400.0,10354.449225995922,15.018099002190866,44806.83848699846,338.1053935185185
1693958295,515,,Aggregated,14.000000,0.800000,9400,14000,17000,19000,22000,25000,28000,30000,35000,41000,45000,86414,2679,9400.0,10356.730388625429,15.018099002190866,44806.83848699846,338.11476149697967
1693958296,515,,Aggregated,14.400000,0.900000,9400,14000,17000,19000,22000,25000,28000,30000,35000,41000,45000,86437,2679,9400.0,10360.817321388524,15.018099002190866,44806.83848699846,338.1029535962609
1693958297,515,,Aggregated,13.900000,0.800000,9400,14000,17000,19000,22000,25000,28000,30000,35000,41000,45000,86451,2681,9400.0,10363.02133830467,15.018099002190866,44806.83848699846,338.12888225700107
1693958298,515,,Aggregated,13.900000,0.700000,9400,14000,17000,19000,22000,25000,28000,30000,35000,41000,45000,86466,2682,9400.0,10365.369723834665,15.018099002190866,44806.83848699846,338.13774200263686
1693958299,515,,Aggregated,14.200000,0.700000,9400,14000,17000,19000,22000,25000,28000,30000,35000,41000,45000,86480,2683,9400.0,10367.81045708312,15.018099002190866,44806.83848699846,338.1470975948196
1693958301,515,,Aggregated,15.200000,0.900000,9400,14000,17000,19000,22000,25000,28000,30000,35000,41000,45000,86487,2683,9400.0,10368.992953425235,15.018099002190866,44806.83848699846,338.1434897730295
1693958302,515,,Aggregated,15.200000,0.900000,9400,14000,17000,19000,22000,25000,28000,30000,35000,41000,45000,86500,2684,9400.0,10371.408514156836,15.018099002190866,44806.83848699846,338.1533641618497
1693958303,515,,Aggregated,13.700000,0.900000,9400,14000,17000,19000,22000,25000,28000,30000,35000,41000,45000,86515,2684,9400.0,10374.125432693687,15.018099002190866,44806.83848699846,338.145662601861
1693958304,515,,Aggregated,13.900000,0.800000,9400,14000,17000,19000,22000,25000,28000,30000,35000,41000,45000,86531,2684,9400.0,10376.733085058951,15.018099002190866,44806.83848699846,338.1374882989911
1693958305,515,,Aggregated,13.400000,0.700000,9400,14000,17000,19000,22000,25000,28000,30000,35000,41000,45000,86544,2685,9400.0,10378.65683961043,15.018099002190866,44806.83848699846,338.1473354594195
1693958306,515,,Aggregated,13.500000,0.600000,9400,14000,17000,19000,22000,25000,28000,30000,35000,41000,45000,86560,2685,9400.0,10381.48378511876,15.018099002190866,44806.83848699846,338.13912892791126
1693958307,515,,Aggregated,13.700000,0.700000,9400,14000,17000,19000,22000,25000,28000,30000,35000,41000,45000,86574,2685,9400.0,10384.040365269515,15.018099002190866,44806.83848699846,338.1319449257283
1693958308,515,,Aggregated,12.800000,0.600000,9400,14000,17000,19000,22000,25000,28000,30000,35000,41000,45000,86589,2686,9400.0,10386.512789378752,15.018099002190866,44806.83848699846,338.1408031043204
1693958309,515,,Aggregated,12.700000,0.600000,9400,14000,17000,19000,22000,25000,28000,30000,35000,41000,45000,86607,2687,9400.0,10389.834839944244,15.018099002190866,44806.83848699846,338.1480711720762
1693958310,515,,Aggregated,12.900000,0.400000,9400,14000,17000,19000,22000,25000,28000,30000,35000,41000,45000,86622,2687,9400.0,10392.452578158493,15.018099002190866,44806.83848699846,338.14042621966706
1693958311,515,,Aggregated,13.000000,0.400000,9400,14000,17000,19000,22000,25000,28000,30000,35000,41000,45000,86651,2689,9400.0,10397.377961226412,15.018099002190866,44806.83848699846,338.1585902066912
1693958312,515,,Aggregated,13.500000,0.400000,9400,14000,17000,19000,22000,25000,28000,30000,35000,41000,45000,86666,2689,9400.0,10400.021230863036,15.018099002190866,44806.83848699846,338.15091269932844
1693958313,515,,Aggregated,14.300000,0.500000,9400,14000,17000,19000,22000,25000,28000,30000,35000,41000,45000,86685,2691,9400.0,10403.796907232529,15.018099002190866,44806.83848699846,338.17420545653806
1693958314,515,,Aggregated,15.600000,0.500000,9400,14000,17000,19000,22000,25000,28000,30000,35000,41000,45000,86698,2691,9400.0,10406.064477293889,15.018099002190866,44806.83848699846,338.16757018616346
1693958316,515,,Aggregated,15.900000,0.700000,9400,14000,17000,19000,22000,25000,28000,30000,35000,41000,45000,86718,2693,9400.0,10409.565333025099,15.018099002190866,44806.83848699846,338.19029497912777
1693958317,515,,Aggregated,15.500000,0.600000,9400,14000,17000,19000,22000,25000,28000,30000,36000,41000,45000,86741,2696,9400.0,10413.879924544382,15.018099002190866,44806.83848699846,338.2280121280594
1693958318,515,,Aggregated,16.700000,0.800000,9400,14000,17000,19000,22000,25000,28000,30000,36000,41000,45000,86767,2699,9400.0,10419.047909529476,15.018099002190866,44806.83848699846,338.2641211520509
1693958319,515,,Aggregated,17.300000,1.100000,9400,14000,17000,19000,22000,25000,28000,30000,36000,41000,45000,86787,2701,9400.0,10422.863424216072,15.018099002190866,44806.83848699846,338.28685171742313
1693958320,515,,Aggregated,18.300000,1.400000,9400,14000,17000,19000,22000,25000,28000,30000,36000,41000,45000,86801,2702,9400.0,10425.10866460904,15.018099002190866,44806.83848699846,338.2961601824864
1693958321,515,,Aggregated,18.300000,1.500000,9400,14000,17000,19000,22000,25000,28000,30000,36000,41000,45000,86817,2703,9400.0,10428.021704481504,15.018099002190866,44806.83848699846,338.30443346349216
1693958322,515,,Aggregated,17.900000,1.400000,9400,14000,17000,19000,22000,25000,28000,30000,36000,41000,45000,86833,2703,9400.0,10430.923216425055,15.018099002190866,44806.83848699846,338.2962353022468
1693958323,515,,Aggregated,18.200000,1.500000,9400,14000,17000,19000,22000,25000,28000,30000,36000,41000,45000,86848,2703,9400.0,10433.772960187103,15.018099002190866,44806.83848699846,338.28856162490786
1693958324,515,,Aggregated,17.200000,1.400000,9400,14000,17000,19000,22000,25000,28000,30000,36000,41000,45000,86859,2704,9400.0,10435.796256741809,15.018099002190866,44806.83848699846,338.2993587308166
1693958325,515,,Aggregated,17.500000,1.400000,9400,14000,17000,19000,22000,25000,28000,30000,36000,41000,45000,86875,2707,9400.0,10438.421560234943,15.018099002190866,44806.83848699846,338.34054676258995
1693958326,515,,Aggregated,16.600000,1.200000,9400,14000,17000,19000,22000,25000,28000,30000,36000,41000,45000,86888,2710,9400.0,10440.676608582597,15.018099002190866,44806.83848699846,338.3832865297855
1693958327,520,,Aggregated,16.800000,1.500000,9400,14000,17000,19000,22000,25000,28000,30000,36000,41000,45000,86904,2711,9400.0,10443.31390567359,15.018099002190866,44806.83848699846,338.391512473534
1693958328,520,,Aggregated,16.100000,1.500000,9400,14000,17000,19000,22000,25000,28000,30000,36000,41000,45000,86917,2714,9400.0,10445.475982681024,15.018099002190866,44806.83848699846,338.4342073472393
1693958329,520,,Aggregated,15.400000,1.400000,9400,14000,17000,19000,23000,25000,28000,30000,36000,41000,45000,86932,2715,9400.0,10448.198175832067,15.018099002190866,44806.83848699846,338.4429669166705
1693958330,520,,Aggregated,14.300000,1.200000,9400,14000,17000,19000,23000,25000,28000,30000,36000,41000,45000,86948,2716,9400.0,10450.896331656464,15.018099002190866,44806.83848699846,338.45118921654324
1693958332,520,,Aggregated,14.000000,1.400000,9400,14000,17000,19000,23000,25000,28000,30000,36000,41000,45000,86961,2717,9400.0,10453.201062308046,15.018099002190866,44806.83848699846,338.4609422614735
1693958333,520,,Aggregated,13.700000,1.300000,9400,14000,17000,19000,23000,25000,28000,30000,36000,41000,45000,86978,2717,9400.0,10456.446881555094,15.018099002190866,44806.83848699846,338.45222929936307
1693958334,520,,Aggregated,13.200000,1.300000,9400,14000,17000,19000,23000,25000,28000,30000,36000,41000,45000,86994,2717,9400.0,10459.128128852572,15.018099002190866,44806.83848699846,338.44403062280156
1693958335,520,,Aggregated,13.200000,1.400000,9400,14000,17000,19000,23000,25000,28000,30000,36000,41000,45000,87007,2718,9400.0,10461.20929502228,15.018099002190866,44806.83848699846,338.4538025676095
1693958336,520,,Aggregated,13.900000,1.400000,9500,14000,17000,19000,23000,25000,28000,30000,36000,41000,45000,87022,2720,9500.0,10463.64294632738,15.018099002190866,44806.83848699846,338.4789708349613
1693958337,520,,Aggregated,13.700000,1.100000,9500,14000,17000,19000,23000,25000,28000,30000,36000,41000,45000,87054,2722,9500.0,10469.568662846215,15.018099002190866,44806.83848699846,338.49540515082595
1693958338,520,,Aggregated,14.100000,1.200000,9500,14000,17000,19000,23000,25000,28000,30000,36000,41000,45000,87079,2722,9500.0,10473.88491047445,15.018099002190866,44806.83848699846,338.4825847793383
1693958339,520,,Aggregated,15.400000,1.200000,9500,14000,17000,19000,23000,25000,28000,30000,36000,41000,45000,87099,2722,9500.0,10477.026011121066,15.018099002190866,44806.83848699846,338.4723360773373
1693958340,520,,Aggregated,15.900000,1.100000,9500,14000,17000,19000,23000,25000,28000,30000,36000,41000,45000,87114,2724,9500.0,10479.480594351628,15.018099002190866,44806.83848699846,338.4974975319696
1693958341,520,,Aggregated,17.000000,0.800000,9500,14000,17000,19000,23000,25000,28000,30000,36000,41000,45000,87130,2725,9500.0,10482.090652667113,15.018099002190866,44806.83848699846,338.50570412028003
1693958342,520,,Aggregated,16.800000,0.700000,9500,14000,17000,19000,23000,25000,28000,30000,36000,41000,45000,87142,2725,9500.0,10483.74830283118,15.018099002190866,44806.83848699846,338.49955245461433
1693958343,520,,Aggregated,17.200000,0.900000,9500,14000,17000,19000,23000,25000,28000,30000,36000,41000,45000,87161,2728,9500.0,10486.554985076304,15.018099002190866,44806.83848699846,338.5390599006436
1693958344,520,,Aggregated,17.400000,0.900000,9500,14000,17000,19000,23000,25000,28000,30000,36000,41000,45000,87174,2729,9500.0,10488.502037276707,15.018099002190866,44806.83848699846,338.5487989538165
1693958345,520,,Aggregated,17.200000,0.900000,9500,14000,17000,19000,23000,25000,28000,30000,36000,41000,45000,87184,2731,9500.0,10490.028494145963,15.018099002190866,44806.83848699846,338.57648192328867
1693958347,520,,Aggregated,17.400000,1.100000,9500,14000,17000,19000,23000,25000,28000,30000,36000,41000,45000,87209,2735,9500.0,10493.797663678712,15.018099002190866,44806.83848699846,338.6292355146831
1693958348,520,,Aggregated,16.500000,1.100000,9500,14000,17000,19000,23000,25000,28000,30000,36000,41000,45000,87225,2736,9500.0,10496.372233997174,15.018099002190866,44806.83848699846,338.63743192891945
1693958349,520,,Aggregated,16.500000,1.100000,9500,14000,17000,19000,23000,25000,28000,30000,36000,41000,45000,87239,2737,9500.0,10498.748608870592,15.018099002190866,44806.83848699846,338.64664886117447
1693958350,520,,Aggregated,15.900000,1.300000,9500,14000,17000,19000,23000,25000,28000,30000,36000,41000,45000,87256,2741,9500.0,10501.233484632477,15.018099002190866,44806.83848699846,338.7034817089942
1693958351,520,,Aggregated,15.000000,1.500000,9500,14000,17000,19000,23000,25000,28000,30000,36000,41000,45000,87275,2742,9500.0,10504.092404974097,15.018099002190866,44806.83848699846,338.71004296763107
1693958352,520,,Aggregated,15.100000,1.900000,9500,14000,17000,19000,23000,25000,28000,30000,36000,41000,45000,87291,2742,9500.0,10506.992086955177,15.018099002190866,44806.83848699846,338.7018020185357
1693958353,520,,Aggregated,15.000000,1.700000,9500,14000,17000,19000,23000,25000,28000,30000,36000,41000,45000,87310,2742,9500.0,10510.516621504528,15.018099002190866,44806.83848699846,338.6920169510938
1693958354,520,,Aggregated,15.500000,1.700000,9500,14000,17000,19000,23000,25000,28000,30000,36000,41000,45000,87326,2742,9500.0,10513.224945963875,15.018099002190866,44806.83848699846,338.6837597050134
1693958355,520,,Aggregated,15.500000,1.600000,9500,14000,17000,19000,23000,25000,28000,30000,36000,41000,45000,87337,2742,9500.0,10515.1458058516,15.018099002190866,44806.83848699846,338.67812038425865
1693958356,520,,Aggregated,15.200000,1.400000,9500,14000,17000,19000,23000,25000,28000,30000,36000,41000,45000,87351,2743,9500.0,10517.573978495695,15.018099002190866,44806.83848699846,338.68727318519535
1693958357,520,,Aggregated,15.400000,1.300000,9500,14000,17000,19000,23000,25000,28000,30000,36000,41000,45000,87369,2744,9500.0,10520.771485467778,15.018099002190866,44806.83848699846,338.6944225068388
1693958358,520,,Aggregated,15.900000,1.100000,9500,14000,17000,19000,23000,25000,28000,30000,36000,41000,45000,87388,2746,9500.0,10524.091058681228,15.018099002190866,44806.83848699846,338.71743259944157
1693958359,520,,Aggregated,15.100000,0.800000,9500,14000,17000,19000,23000,25000,28000,30000,36000,41000,45000,87407,2747,9500.0,10527.450493536538,15.018099002190866,44806.83848699846,338.72403812051664
1693958360,520,,Aggregated,15.200000,1.000000,9500,14000,17000,19000,23000,25000,28000,30000,36000,41000,45000,87424,2748,9500.0,10530.51543167095,15.018099002190866,44806.83848699846,338.73162975841876
1693958361,520,,Aggregated,15.500000,0.900000,9500,14000,17000,19000,23000,25000,28000,30000,36000,41000,45000,87435,2749,9500.0,10532.413158293568,15.018099002190866,44806.83848699846,338.74233430548406
1693958363,520,,Aggregated,15.500000,0.600000,9500,14000,17000,19000,23000,25000,28000,30000,36000,41000,45000,87448,2750,9500.0,10534.664273773133,15.018099002190866,44806.83848699846,338.7520240600128
1693958364,520,,Aggregated,15.500000,0.600000,9500,14000,17000,19000,23000,25000,28000,30000,36000,41000,45000,87467,2751,9500.0,10538.04416880124,15.018099002190866,44806.83848699846,338.7586061028731
1693958365,520,,Aggregated,14.400000,0.700000,9500,14000,17000,19000,23000,25000,28000,30000,36000,41000,45000,87481,2752,9500.0,10540.403593030751,15.018099002190866,44806.83848699846,338.7677209908437
1693958366,520,,Aggregated,15.000000,0.900000,9500,14000,17000,19000,23000,25000,28000,30000,36000,41000,45000,87495,2753,9500.0,10542.806607128125,15.018099002190866,44806.83848699846,338.77687867878166
1693958367,520,,Aggregated,15.100000,1.000000,9500,14000,17000,19000,23000,25000,28000,30000,36000,41000,45000,87511,2754,9500.0,10545.387798970578,15.018099002190866,44806.83848699846,338.78497560306704
1693958368,520,,Aggregated,14.800000,1.000000,9500,14000,17000,19000,23000,25000,28000,30000,36000,41000,45000,87527,2755,9500.0,10548.098515913021,15.018099002190866,44806.83848699846,338.793080992151
1693958369,520,,Aggregated,14.700000,1.100000,9500,14000,17000,19000,23000,25000,28000,30000,36000,41000,45000,87546,2756,9500.0,10551.374226870925,15.018099002190866,44806.83848699846,338.7996481849542
1693958370,520,,Aggregated,14.600000,1.000000,9500,14000,17000,19000,23000,25000,28000,30000,36000,41000,45000,87565,2759,9500.0,10555.202828145279,15.018099002190866,44806.83848699846,338.8387711985382
1693958371,520,,Aggregated,14.500000,1.000000,9500,14000,17000,19000,23000,25000,28000,30000,36000,41000,45000,87578,2761,9500.0,10557.33990155094,15.018099002190866,44806.83848699846,338.8647377195186
1693958372,520,,Aggregated,14.700000,1.100000,9500,14000,17000,19000,23000,25000,28000,30000,36000,41000,45000,87593,2763,9500.0,10559.87277307832,15.018099002190866,44806.83848699846,338.88967154909636
1693958373,520,,Aggregated,14.800000,1.200000,9500,14000,17000,19000,23000,25000,28000,30000,36000,41000,45000,87611,2764,9500.0,10562.71621286235,15.018099002190866,44806.83848699846,338.8967367111436
1693958374,520,,Aggregated,14.700000,1.400000,9500,14000,17000,19000,23000,25000,28000,30000,36000,41000,45000,87626,2764,9500.0,10565.37880512202,15.018099002190866,44806.83848699846,338.889005546299
1693958375,520,,Aggregated,15.700000,1.500000,9500,14000,17000,19000,23000,25000,28000,30000,36000,41000,45000,87643,2765,9500.0,10568.351618286471,15.018099002190866,44806.83848699846,338.896591855596
1693958376,520,,Aggregated,15.000000,1.300000,9500,14000,17000,19000,23000,25000,28000,30000,36000,41000,45000,87661,2766,9500.0,10571.155627864777,15.018099002190866,44806.83848699846,338.90362875166835
1693958377,520,,Aggregated,14.900000,1.200000,9500,14000,17000,19000,23000,25000,28000,30000,36000,41000,45000,87685,2766,9500.0,10575.461330055909,15.018099002190866,44806.83848699846,338.89128129098475
1693958379,520,,Aggregated,15.700000,1.200000,9600,14000,17000,19000,23000,25000,28000,30000,36000,41000,45000,87702,2766,9600.0,10578.320334751472,15.018099002190866,44806.83848699846,338.88254543796035
1693958380,520,,Aggregated,16.300000,1.100000,9600,14000,17000,19000,23000,25000,28000,30000,36000,41000,45000,87719,2767,9600.0,10581.358718426252,15.018099002190866,44806.83848699846,338.8900922263136
1693958381,520,,Aggregated,16.300000,1.100000,9600,14000,17000,19000,23000,26000,28000,30000,36000,42000,45000,87730,2769,9600.0,10583.669043606866,15.018099002190866,44806.83848699846,338.917052319617
1693958382,520,,Aggregated,16.300000,0.900000,9600,14000,17000,19000,23000,26000,28000,30000,36000,42000,45000,87751,2770,9600.0,10587.460738429754,15.018099002190866,44806.83848699846,338.9225763808959
1693958383,520,,Aggregated,15.700000,0.900000,9600,14000,17000,19000,23000,26000,28000,30000,36000,42000,45000,87768,2770,9600.0,10590.478003503853,15.018099002190866,44806.83848699846,338.91381824810867
1693958384,520,,Aggregated,16.400000,0.600000,9600,14000,17000,19000,23000,26000,28000,30000,36000,42000,45000,87782,2771,9600.0,10593.027861570345,15.018099002190866,44806.83848699846,338.92289991114353
1693958385,520,,Aggregated,15.800000,0.600000,9600,14000,17000,19000,23000,26000,28000,30000,36000,42000,45000,87799,2771,9600.0,10595.794087314547,15.018099002190866,44806.83848699846,338.91417897698153
1693958386,520,,Aggregated,16.000000,0.700000,9600,14000,17000,19000,23000,26000,28000,30000,36000,42000,45000,87806,2772,9600.0,10596.924392232604,15.018099002190866,44806.83848699846,338.92685010135983
1693958387,525,,Aggregated,16.700000,0.700000,9600,14000,17000,19000,23000,26000,28000,30000,36000,42000,45000,87821,2772,9600.0,10599.577435953304,15.018099002190866,44806.83848699846,338.91907402557473
1693958388,525,,Aggregated,15.900000,0.700000,9600,14000,17000,19000,23000,26000,28000,30000,36000,42000,45000,87840,2773,9600.0,10602.90043956323,15.018099002190866,44806.83848699846,338.92559198542807
1693958389,525,,Aggregated,15.000000,0.600000,9600,14000,17000,19000,23000,26000,28000,30000,36000,42000,45000,87858,2774,9600.0,10606.149418956842,15.018099002190866,44806.83848699846,338.93261854355893
1693958390,525,,Aggregated,14.200000,0.600000,9600,14000,17000,19000,23000,26000,29000,30000,36000,42000,45000,87875,2775,9600.0,10609.128703453853,15.018099002190866,44806.83848699846,338.9401650071124
1693958391,525,,Aggregated,15.000000,0.700000,9600,14000,17000,19000,23000,26000,29000,30000,36000,42000,45000,87892,2777,9600.0,10611.935897000516,15.018099002190866,44806.83848699846,338.9639671414918
1693958392,525,,Aggregated,14.400000,0.800000,9600,14000,17000,19000,23000,26000,29000,30000,36000,42000,45000,87910,2781,9600.0,10615.0484490333,15.018099002190866,44806.83848699846,339.0197702195427
1693958394,525,,Aggregated,14.800000,0.600000,9600,14000,17000,19000,23000,26000,29000,30000,36000,42000,45000,87931,2782,9600.0,10619.024736092624,15.018099002190866,44806.83848699846,339.02523569617085
1693958395,525,,Aggregated,14.900000,1.100000,9600,14000,17000,19000,23000,26000,29000,30000,36000,42000,45000,87944,2784,9600.0,10621.297605913462,15.018099002190866,44806.83848699846,339.05104384608387
1693958396,525,,Aggregated,15.400000,1.100000,9600,14000,17000,19000,23000,26000,29000,30000,36000,42000,45000,87961,2784,9600.0,10624.337821070707,15.018099002190866,44806.83848699846,339.0423255761076
1693958397,525,,Aggregated,14.700000,1.300000,9600,14000,17000,19000,23000,26000,29000,30000,36000,42000,45000,87979,2784,9600.0,10627.60613686402,15.018099002190866,44806.83848699846,339.03306470862367
1693958398,525,,Aggregated,15.500000,1.200000,9600,14000,17000,19000,23000,26000,29000,30000,36000,42000,45000,87988,2784,9600.0,10628.967072422349,15.018099002190866,44806.83848699846,339.02842433059055
1693958399,525,,Aggregated,16.200000,1.200000,9600,14000,17000,19000,23000,26000,29000,30000,36000,42000,45000,88002,2786,9600.0,10631.365989968222,15.018099002190866,44806.83848699846,339.05372605168066
1693958400,525,,Aggregated,15.800000,1.200000,9600,14000,17000,19000,23000,26000,29000,30000,36000,42000,45000,88032,2788,9600.0,10636.849422774661,15.018099002190866,44806.83848699846,339.07079243911306
1693958401,525,,Aggregated,14.700000,1.300000,9600,15000,17000,19000,23000,26000,29000,30000,36000,42000,45000,88048,2788,9600.0,10639.463181945835,15.018099002190866,44806.83848699846,339.06256814464837
1693958402,525,,Aggregated,16.100000,1.300000,9600,15000,17000,19000,23000,26000,29000,30000,36000,42000,45000,88064,2790,9600.0,10641.585876155454,15.018099002190866,44806.83848699846,339.08685728561045
1693958403,525,,Aggregated,16.100000,1.300000,9600,15000,17000,19000,23000,26000,29000,30000,36000,42000,45000,88080,2791,9600.0,10644.243639117232,15.018099002190866,44806.83848699846,339.0948569482289
1693958404,525,,Aggregated,15.800000,1.100000,9600,15000,17000,19000,23000,26000,29000,30000,36000,42000,45000,88095,2792,9600.0,10646.745946832583,15.018099002190866,44806.83848699846,339.1033543333901
1693958405,525,,Aggregated,16.100000,1.000000,9600,15000,17000,19000,23000,26000,29000,30000,36000,42000,45000,88116,2792,9600.0,10650.52186191119,15.018099002190866,44806.83848699846,339.0925484588497
1693958406,525,,Aggregated,15.400000,1.000000,9600,15000,17000,19000,23000,26000,29000,31000,36000,42000,45000,88140,2794,9600.0,10654.297871305947,15.018099002190866,44806.83848699846,339.11260494667573
1693958407,525,,Aggregated,15.600000,0.800000,9600,15000,17000,19000,23000,26000,29000,31000,36000,42000,45000,88153,2795,9600.0,10656.410405628842,15.018099002190866,44806.83848699846,339.12212857191474
1693958408,525,,Aggregated,16.400000,0.800000,9600,15000,17000,19000,23000,26000,29000,31000,36000,42000,45000,88174,2797,9600.0,10659.86264722854,15.018099002190866,44806.83848699846,339.14376119944654
1693958410,525,,Aggregated,16.400000,1.000000,9600,15000,17000,19000,23000,26000,29000,31000,36000,42000,45000,88199,2798,9600.0,10663.579055438613,15.018099002190866,44806.83848699846,339.1471105114571
1693958411,525,,Aggregated,17.700000,1.100000,9600,15000,17000,19000,23000,26000,29000,31000,36000,42000,45000,88218,2799,9600.0,10666.6887951655,15.018099002190866,44806.83848699846,339.1535400938584
1693958412,525,,Aggregated,17.600000,1.000000,9600,15000,17000,19000,23000,26000,29000,31000,36000,42000,45000,88232,2800,9600.0,10668.688515690124,15.018099002190866,44806.83848699846,339.1625600689092
1693958413,525,,Aggregated,17.800000,1.100000,9600,15000,17000,19000,23000,26000,29000,31000,36000,42000,45000,88245,2802,9600.0,10670.571069062258,15.018099002190866,44806.83848699846,339.1882939543317
1693958414,525,,Aggregated,17.800000,1.100000,9700,15000,17000,19000,23000,26000,29000,31000,36000,42000,45000,88259,2803,9700.0,10672.661528578376,15.018099002190866,44806.83848699846,339.1973169875027
1693958415,525,,Aggregated,17.000000,1.100000,9700,15000,17000,19000,23000,26000,29000,31000,36000,42000,45000,88291,2804,9700.0,10678.104933870576,15.018099002190866,44806.83848699846,339.1970416010692
1693958416,525,,Aggregated,16.900000,1.000000,9700,15000,17000,19000,23000,26000,29000,31000,36000,42000,45000,88302,2805,9700.0,10679.942247897423,15.018099002190866,44806.83848699846,339.2075830672012
1693958417,525,,Aggregated,17.900000,1.200000,9700,15000,17000,19000,23000,26000,29000,31000,36000,42000,45000,88310,2805,9700.0,10681.550696547676,15.018099002190866,44806.83848699846,339.2034424187521
1693958418,525,,Aggregated,17.600000,1.300000,9700,15000,17000,19000,23000,26000,29000,31000,36000,42000,45000,88328,2805,9700.0,10684.51595666791,15.018099002190866,44806.83848699846,339.1941739878634
1693958419,525,,Aggregated,16.500000,1.100000,9700,15000,17000,19000,23000,26000,29000,31000,36000,42000,45000,88343,2807,9700.0,10686.736189157307,15.018099002190866,44806.83848699846,339.218806243845
1693958420,525,,Aggregated,16.400000,0.900000,9700,15000,17000,19000,23000,26000,29000,31000,36000,42000,45000,88361,2809,9700.0,10689.494561631558,15.018099002190866,44806.83848699846,339.24193931711955
1693958421,525,,Aggregated,16.100000,1.000000,9700,15000,17000,19000,23000,26000,29000,31000,36000,42000,45000,88374,2809,9700.0,10691.581206384988,15.018099002190866,44806.83848699846,339.2352388711612
1693958422,525,,Aggregated,14.900000,1.000000,9700,15000,17000,19000,23000,26000,29000,31000,36000,42000,45000,88380,2810,9700.0,10692.552096476576,15.018099002190866,44806.83848699846,339.24834804254357
1693958423,525,,Aggregated,14.800000,1.000000,9700,15000,17000,19000,23000,26000,29000,31000,36000,42000,45000,88396,2811,9700.0,10695.133309175912,15.018099002190866,44806.83848699846,339.25628987737
1693958424,525,,Aggregated,14.600000,1.000000,9700,15000,17000,19000,23000,26000,29000,31000,36000,42000,45000,88415,2816,9700.0,10697.991526640446,15.018099002190866,44806.83848699846,339.32736526607476
1693958426,525,,Aggregated,14.100000,0.800000,9700,15000,17000,19000,23000,26000,29000,31000,36000,42000,45000,88430,2816,9700.0,10700.520298763746,15.018099002190866,44806.83848699846,339.3196652719665
1693958427,525,,Aggregated,13.700000,1.200000,9700,15000,17000,19000,23000,26000,29000,31000,36000,42000,45000,88447,2817,9700.0,10703.177196741053,15.018099002190866,44806.83848699846,339.327077232693
1693958428,525,,Aggregated,13.200000,1.100000,9700,15000,17000,19000,23000,26000,29000,31000,36000,42000,45000,88457,2817,9700.0,10704.925627352464,15.018099002190866,44806.83848699846,339.321941734402
1693958429,525,,Aggregated,14.000000,1.200000,9700,15000,18000,19000,23000,26000,29000,31000,36000,42000,45000,88470,2822,9700.0,10706.806715930788,15.018099002190866,44806.83848699846,339.39608906974115
1693958430,525,,Aggregated,13.600000,1.200000,9700,15000,18000,19000,23000,26000,29000,31000,36000,42000,45000,88483,2824,9700.0,10708.829335093473,15.018099002190866,44806.83848699846,339.42171942633047
1693958431,525,,Aggregated,13.300000,1.400000,9700,15000,18000,19000,23000,26000,29000,31000,36000,42000,45000,88495,2825,9700.0,10710.801560216474,15.018099002190866,44806.83848699846,339.4316741058817
1693958432,525,,Aggregated,13.200000,1.600000,9700,15000,18000,19000,23000,26000,29000,31000,36000,42000,45000,88516,2825,9700.0,10714.248120554586,15.018099002190866,44806.83848699846,339.42085046771206
1693958433,525,,Aggregated,12.800000,1.500000,9700,15000,18000,19000,23000,26000,29000,31000,36000,42000,45000,88534,2825,9700.0,10717.456139546714,15.018099002190866,44806.83848699846,339.41158199109947
1693958434,525,,Aggregated,13.500000,1.600000,9700,15000,18000,19000,23000,26000,29000,31000,36000,42000,45000,88554,2826,9700.0,10720.651082561135,15.018099002190866,44806.83848699846,339.417440205976
1693958435,525,,Aggregated,14.000000,1.500000,9700,15000,18000,19000,23000,26000,29000,31000,36000,42000,45000,88570,2826,9700.0,10723.880769726358,15.018099002190866,44806.83848699846,339.40920176131874
1693958436,525,,Aggregated,14.300000,1.400000,9700,15000,18000,19000,23000,26000,29000,31000,36000,42000,45000,88584,2828,9700.0,10726.28880013126,15.018099002190866,44806.83848699846,339.43429964779193
1693958437,525,,Aggregated,14.700000,1.000000,9700,15000,18000,19000,23000,26000,29000,31000,36000,42000,45000,88609,2831,9700.0,10730.209209909079,15.018099002190866,44806.83848699846,339.4698619779029
1693958438,525,,Aggregated,14.400000,1.200000,9700,15000,18000,19000,23000,26000,29000,31000,36000,42000,45000,88626,2831,9700.0,10733.117027620005,15.018099002190866,44806.83848699846,339.4610723715388
1693958440,525,,Aggregated,14.400000,1.200000,9700,15000,18000,19000,23000,26000,29000,31000,36000,42000,45000,88642,2831,9700.0,10736.40967749776,15.018099002190866,44806.83848699846,339.45282146160963
1693958441,525,,Aggregated,15.800000,1.000000,9700,15000,18000,19000,23000,26000,29000,31000,36000,42000,45000,88660,2834,9700.0,10739.554475712885,15.018099002190866,44806.83848699846,339.491958041958
1693958442,525,,Aggregated,16.200000,0.700000,9700,15000,18000,19000,23000,26000,29000,31000,36000,42000,45000,88678,2837,9700.0,10742.402548867583,15.018099002190866,44806.83848699846,339.53106745754303
1693958443,525,,Aggregated,16.200000,0.700000,9700,15000,18000,19000,23000,26000,29000,31000,36000,42000,45000,88686,2837,9700.0,10743.856954265866,15.018099002190866,44806.83848699846,339.526937735381
1693958444,525,,Aggregated,16.300000,1.200000,9700,15000,18000,19000,23000,26000,29000,31000,36000,42000,45000,88705,2838,9700.0,10747.155660097724,15.018099002190866,44806.83848699846,339.5332844822727
1693958445,525,,Aggregated,16.400000,1.200000,9700,15000,18000,19000,23000,26000,29000,31000,36000,42000,45000,88715,2838,9700.0,10749.137589915217,15.018099002190866,44806.83848699846,339.52814067519586
1693958446,525,,Aggregated,16.100000,1.200000,9700,15000,18000,19000,23000,26000,29000,31000,36000,42000,45000,88727,2839,9700.0,10751.437830770808,15.018099002190866,44806.83848699846,339.53810001465166
1693958447,530,,Aggregated,14.900000,1.200000,9700,15000,18000,19000,23000,26000,29000,31000,36000,42000,45000,88741,2842,9700.0,10753.876659314652,15.018099002190866,44806.83848699846,339.57921366673804
1693958448,530,,Aggregated,14.600000,1.100000,9800,15000,18000,19000,23000,26000,29000,31000,36000,42000,45000,88764,2844,9800.0,10758.113684592137,15.018099002190866,44806.83848699846,339.5996011896715
1693958449,530,,Aggregated,14.400000,1.100000,9800,15000,18000,19000,23000,26000,29000,31000,36000,42000,45000,88779,2845,9800.0,10760.993533927283,15.018099002190866,44806.83848699846,339.6079928811994
1693958450,530,,Aggregated,14.500000,1.300000,9800,15000,18000,19000,23000,26000,29000,31000,36000,42000,45000,88797,2847,9800.0,10764.62343669461,15.018099002190866,44806.83848699846,339.6309222158406
1693958451,530,,Aggregated,14.500000,1.300000,9800,15000,18000,19000,23000,26000,29000,31000,36000,42000,45000,88809,2847,9800.0,10767.135116898877,15.018099002190866,44806.83848699846,339.6247339796642
1693958452,530,,Aggregated,14.500000,1.600000,9800,15000,18000,19000,23000,26000,29000,31000,36000,42000,45000,88821,2847,9800.0,10769.4683891422,15.018099002190866,44806.83848699846,339.6185136397924
1693958453,530,,Aggregated,14.000000,1.400000,9800,15000,18000,19000,23000,26000,29000,31000,36000,42000,45000,88838,2847,9800.0,10773.04504531443,15.018099002190866,44806.83848699846,339.6097615885094
1693958454,530,,Aggregated,13.900000,1.000000,9800,15000,18000,19000,23000,26000,29000,31000,36000,42000,45000,88856,2849,9800.0,10776.60553670447,15.018099002190866,44806.83848699846,339.63269784820386
1693958456,530,,Aggregated,13.800000,1.000000,9800,15000,18000,19000,23000,26000,29000,31000,36000,42000,45000,88874,2852,9800.0,10780.210501672638,15.018099002190866,44806.83848699846,339.6716925084952
1693958457,530,,Aggregated,13.900000,0.900000,9800,15000,18000,19000,23000,26000,29000,31000,36000,42000,45000,88888,2853,9800.0,10783.00814091162,15.018099002190866,44806.83848699846,339.68053055530555
1693958458,530,,Aggregated,15.400000,1.300000,9800,15000,18000,19000,23000,26000,29000,31000,36000,42000,45000,88894,2853,9800.0,10784.268703703558,15.018099002190866,44806.83848699846,339.67744729678043
1693958459,530,,Aggregated,15.500000,1.300000,9800,15000,18000,19000,23000,26000,29000,31000,37000,42000,45000,88910,2853,9800.0,10787.661081822609,15.018099002190866,44806.83848699846,339.6692048138567
1693958460,530,,Aggregated,13.700000,0.900000,9800,15000,18000,19000,23000,26000,29000,31000,37000,42000,45000,88929,2853,9800.0,10791.250244994442,15.018099002190866,44806.83848699846,339.65939119972114
1693958461,530,,Aggregated,13.700000,0.900000,9800,15000,18000,19000,23000,26000,29000,31000,37000,42000,45000,88939,2855,9800.0,10792.888722888392,15.018099002190866,44806.83848699846,339.68638055296327
1693958462,530,,Aggregated,13.700000,0.600000,9800,15000,18000,19000,23000,26000,29000,31000,37000,42000,45000,88960,2857,9800.0,10796.855255660013,15.018099002190866,44806.83848699846,339.70768884892084
1693958463,530,,Aggregated,14.000000,0.800000,9800,15000,18000,19000,23000,26000,29000,31000,37000,42000,45000,88990,2861,9800.0,10801.257322334175,15.018099002190866,44806.83848699846,339.75646701876616
1693958464,530,,Aggregated,13.700000,0.900000,9800,15000,18000,19000,23000,26000,29000,31000,36000,42000,45000,89018,2862,9800.0,10806.14961499044,15.018099002190866,44806.83848699846,339.7580826349727
1693958465,530,,Aggregated,15.900000,1.400000,9800,15000,18000,19000,23000,26000,29000,31000,37000,42000,45000,89036,2864,9800.0,10809.348195611528,15.018099002190866,44806.83848699846,339.78094254009613
1693958466,530,,Aggregated,16.400000,1.400000,9800,15000,18000,19000,23000,26000,29000,31000,37000,42000,45000,89063,2866,9800.0,10814.411941556617,15.018099002190866,44806.83848699846,339.79909726822586
1693958467,530,,Aggregated,17.000000,1.300000,9800,15000,18000,19000,23000,26000,29000,31000,37000,42000,45000,89077,2867,9800.0,10816.795577048579,15.018099002190866,44806.83848699846,339.8078965389494
1693958468,530,,Aggregated,17.000000,1.200000,9800,15000,18000,19000,23000,26000,29000,31000,37000,42000,45000,89093,2870,9800.0,10819.390327481407,15.018099002190866,44806.83848699846,339.8477770419674
1693958469,530,,Aggregated,18.000000,1.400000,9800,15000,18000,19000,23000,26000,29000,31000,37000,42000,45000,89111,2872,9800.0,10822.553032814829,15.018099002190866,44806.83848699846,339.8705322575215
1693958470,530,,Aggregated,18.600000,1.400000,9800,15000,18000,19000,23000,26000,29000,31000,37000,42000,45000,89122,2872,9800.0,10824.372296477044,15.018099002190866,44806.83848699846,339.8648257444851
1693958472,530,,Aggregated,18.800000,1.700000,9800,15000,18000,19000,23000,26000,29000,31000,37000,42000,45000,89139,2874,9800.0,10827.245391680073,15.018099002190866,44806.83848699846,339.88809611954366
1693958473,530,,Aggregated,18.500000,1.700000,9800,15000,18000,19000,23000,26000,29000,31000,37000,42000,45000,89156,2874,9800.0,10829.888191063039,15.018099002190866,44806.83848699846,339.8793350980304
1693958474,530,,Aggregated,18.900000,1.800000,9800,15000,18000,19000,23000,26000,29000,31000,37000,42000,45000,89172,2876,9800.0,10832.60530683853,15.018099002190866,44806.83848699846,339.9031085991118
1693958475,530,,Aggregated,16.800000,1.300000,9800,15000,18000,19000,23000,26000,29000,31000,37000,42000,45000,89183,2877,9800.0,10834.43025870698,15.018099002190866,44806.83848699846,339.9134027785565
1693958476,530,,Aggregated,16.600000,1.500000,9800,15000,18000,19000,23000,26000,29000,31000,37000,42000,45000,89196,2878,9800.0,10836.715018430441,15.018099002190866,44806.83848699846,339.9227319610745
1693958477,530,,Aggregated,15.200000,1.500000,9800,15000,18000,19000,23000,26000,29000,31000,37000,42000,45000,89211,2879,9800.0,10839.391083381272,15.018099002190866,44806.83848699846,339.9309726379034
1693958478,530,,Aggregated,14.900000,1.400000,9800,15000,18000,19000,23000,26000,29000,31000,37000,42000,45000,89233,2880,9800.0,10843.380447350135,15.018099002190866,44806.83848699846,339.9355955756279
1693958479,530,,Aggregated,13.700000,1.200000,9800,15000,18000,19000,23000,26000,29000,31000,37000,42000,45000,89249,2881,9800.0,10846.310857419629,15.018099002190866,44806.83848699846,339.9433158914946
1693958480,530,,Aggregated,14.200000,1.300000,9800,15000,18000,19000,23000,26000,29000,31000,37000,42000,45000,89266,2882,9800.0,10849.69575191099,15.018099002190866,44806.83848699846,339.9505858893644
1693958481,530,,Aggregated,14.700000,1.000000,9800,15000,18000,19000,23000,26000,29000,31000,37000,42000,45000,89282,2882,9800.0,10852.722545706363,15.018099002190866,44806.83848699846,339.9423176004122
1693958482,530,,Aggregated,14.700000,1.000000,9800,15000,18000,19000,23000,26000,29000,31000,37000,42000,45000,89294,2883,9800.0,10854.875205771885,15.018099002190866,44806.83848699846,339.9521468407732
1693958483,530,,Aggregated,14.900000,1.000000,9800,15000,18000,19000,23000,26000,29000,31000,37000,42000,45000,89305,2883,9800.0,10856.900581232145,15.018099002190866,44806.83848699846,339.94646436369743
1693958484,530,,Aggregated,14.600000,0.900000,9800,15000,18000,19000,23000,26000,29000,31000,37000,42000,45000,89322,2884,9800.0,10859.849315540343,15.018099002190866,44806.83848699846,339.9536956181008
1693958485,530,,Aggregated,14.500000,0.900000,9800,15000,18000,19000,23000,26000,29000,31000,37000,42000,45000,89332,2884,9800.0,10861.62494813118,15.018099002190866,44806.83848699846,339.94854027672056
1693958487,530,,Aggregated,13.700000,0.700000,9900,15000,18000,19000,23000,26000,29000,31000,37000,42000,45000,89347,2885,9900.0,10864.453021968153,15.018099002190866,44806.83848699846,339.95680884640785
1693958488,530,,Aggregated,13.900000,0.600000,9900,15000,18000,19000,23000,26000,29000,31000,37000,42000,45000,89360,2886,9900.0,10866.74726382429,15.018099002190866,44806.83848699846,339.9661257833483
1693958489,530,,Aggregated,13.900000,0.600000,9900,15000,18000,19000,23000,26000,29000,31000,37000,42000,45000,89377,2887,9900.0,10869.903771892063,15.018099002190866,44806.83848699846,339.9733488481377
1693958490,530,,Aggregated,13.600000,0.600000,9900,15000,18000,19000,23000,26000,29000,31000,37000,42000,45000,89387,2888,9900.0,10871.53728425414,15.018099002190866,44806.83848699846,339.9841699576001
1693958491,530,,Aggregated,13.400000,0.700000,9900,15000,18000,19000,23000,26000,29000,31000,37000,42000,45000,89397,2888,9900.0,10873.494046304315,15.018099002190866,44806.83848699846,339.97902614181686
1693958492,530,,Aggregated,12.700000,0.600000,9900,15000,18000,19000,23000,26000,29000,31000,37000,42000,45000,89415,2890,9900.0,10876.526705792394,15.018099002190866,44806.83848699846,340.00174467371244
1693958493,530,,Aggregated,12.400000,0.600000,9900,15000,18000,19000,23000,26000,29000,31000,37000,42000,45000,89426,2891,9900.0,10878.546772006393,15.018099002190866,44806.83848699846,340.01203229485833
1693958494,530,,Aggregated,12.500000,0.600000,9900,15000,18000,19000,23000,26000,29000,31000,37000,42000,45000,89442,2893,9900.0,10881.383001566732,15.018099002190866,44806.83848699846,340.03572147313344
1693958495,530,,Aggregated,12.600000,0.700000,9900,15000,18000,19000,23000,26000,29000,31000,37000,42000,45000,89463,2896,9900.0,10884.792764438671,15.018099002190866,44806.83848699846,340.0728345796586
1693958496,530,,Aggregated,12.800000,0.900000,9900,15000,18000,19000,23000,26000,29000,31000,37000,42000,45000,89481,2899,9900.0,10887.8356116632,15.018099002190866,44806.83848699846,340.1114761793006
1693958497,530,,Aggregated,13.300000,1.000000,9900,15000,18000,19000,23000,26000,29000,31000,37000,42000,45000,89491,2900,9900.0,10889.876356265757,15.018099002190866,44806.83848699846,340.12228045278295
1693958498,530,,Aggregated,13.800000,1.300000,9900,15000,18000,19000,23000,26000,29000,31000,37000,42000,45000,89512,2901,9900.0,10893.381628930196,15.018099002190866,44806.83848699846,340.1274130842792
1693958499,530,,Aggregated,13.600000,1.500000,9900,15000,18000,19000,23000,26000,29000,31000,37000,42000,45000,89530,2904,9900.0,10896.693292942407,15.018099002190866,44806.83848699846,340.16603373171006
1693958500,530,,Aggregated,14.000000,1.400000,9900,15000,18000,19000,23000,26000,29000,31000,37000,42000,45000,89546,2904,9900.0,10899.575937631025,15.018099002190866,44806.83848699846,340.15772898845285
1693958501,530,,Aggregated,13.800000,1.400000,9900,15000,18000,19000,23000,26000,29000,31000,37000,42000,45000,89565,2906,9900.0,10903.14466337241,15.018099002190866,44806.83848699846,340.17984703846366
1693958503,530,,Aggregated,15.300000,1.600000,9900,15000,18000,19000,23000,26000,29000,31000,37000,42000,45000,89594,2907,9900.0,10908.44722021885,15.018099002190866,44806.83848699846,340.1808045181597
1693958504,530,,Aggregated,15.500000,1.700000,9900,15000,18000,19000,23000,26000,29000,31000,37000,42000,45000,89615,2908,9900.0,10912.161328307297,15.018099002190866,44806.83848699846,340.18589521843444
1693958505,530,,Aggregated,17.100000,1.700000,9900,15000,18000,19000,23000,26000,29000,31000,37000,42000,45000,89629,2910,9900.0,10914.633694608056,15.018099002190866,44806.83848699846,340.2105680081224
1693958506,530,,Aggregated,17.900000,1.600000,9900,15000,18000,19000,23000,26000,29000,31000,37000,42000,45000,89651,2911,9900.0,10918.612101409952,15.018099002190866,44806.83848699846,340.2151230884206
1693958507,530,,Aggregated,17.300000,1.600000,9900,15000,18000,19000,23000,26000,29000,31000,37000,42000,45000,89672,2911,9900.0,10922.986570503419,15.018099002190866,44806.83848699846,340.2042332054599
1693958508,535,,Aggregated,17.200000,1.300000,9900,15000,18000,19000,23000,26000,29000,31000,37000,42000,45000,89681,2911,9900.0,10924.73632363295,15.018099002190866,44806.83848699846,340.1995963470523
1693958509,535,,Aggregated,18.400000,1.100000,9900,15000,18000,19000,23000,26000,29000,31000,37000,42000,45000,89694,2911,9900.0,10927.49573484327,15.018099002190866,44806.83848699846,340.1928891564653
1693958510,535,,Aggregated,18.000000,1.100000,9900,15000,18000,20000,23000,26000,29000,31000,37000,42000,45000,89704,2911,9900.0,10929.266712665012,15.018099002190866,44806.83848699846,340.18773967716044
1693958511,535,,Aggregated,17.200000,1.000000,9900,15000,18000,20000,23000,26000,29000,31000,37000,42000,45000,89718,2913,9900.0,10931.594494056511,15.018099002190866,44806.83848699846,340.2123877036938
1693958512,535,,Aggregated,16.300000,0.700000,9900,15000,18000,20000,23000,26000,29000,31000,37000,42000,45000,89734,2913,9900.0,10934.59746597487,15.018099002190866,44806.83848699846,340.20410323846033
1693958513,535,,Aggregated,16.500000,0.900000,9900,15000,18000,20000,23000,26000,29000,31000,37000,42000,45000,89743,2913,9900.0,10936.261300760561,15.018099002190866,44806.83848699846,340.19944731065374
1693958514,535,,Aggregated,15.600000,0.700000,9900,15000,18000,20000,23000,26000,29000,31000,37000,42000,45000,89756,2913,9900.0,10938.93739768478,15.018099002190866,44806.83848699846,340.19273363340614
1693958515,535,,Aggregated,14.500000,0.600000,9900,15000,18000,20000,23000,26000,29000,31000,37000,42000,45000,89774,2916,9900.0,10942.04925650663,15.018099002190866,44806.83848699846,340.23125849355046
1693958516,535,,Aggregated,13.200000,0.500000,9900,15000,18000,20000,23000,26000,29000,31000,37000,42000,45000,89785,2916,9900.0,10943.999475146875,15.018099002190866,44806.83848699846,340.2255610625383
1693958518,535,,Aggregated,13.200000,0.600000,9900,15000,18000,20000,23000,26000,29000,31000,37000,42000,45000,89797,2916,9900.0,10946.292411733511,15.018099002190866,44806.83848699846,340.21937258483024
1693958519,535,,Aggregated,13.200000,0.600000,9900,15000,18000,20000,23000,26000,29000,31000,37000,42000,45000,89813,2917,9900.0,10949.54476388397,15.018099002190866,44806.83848699846,340.2270606705043
1693958520,535,,Aggregated,11.900000,0.500000,9900,15000,18000,20000,23000,26000,29000,31000,37000,42000,45000,89831,2917,9900.0,10953.07698579489,15.018099002190866,44806.83848699846,340.2177422048068
1693958521,535,,Aggregated,12.600000,0.600000,9900,15000,18000,20000,23000,26000,29000,31000,37000,42000,45000,89850,2917,9900.0,10956.958287887197,15.018099002190866,44806.83848699846,340.20793544796885
1693958522,535,,Aggregated,13.000000,0.600000,9900,15000,18000,20000,23000,26000,29000,31000,37000,42000,45000,89861,2918,9900.0,10959.16715336278,15.018099002190866,44806.83848699846,340.218148028622
1693958523,535,,Aggregated,13.400000,0.400000,9900,15000,18000,20000,24000,26000,29000,31000,37000,42000,45000,89877,2921,9900.0,10961.902767703014,15.018099002190866,44806.83848699846,340.25760761930195
1693958524,535,,Aggregated,13.700000,0.500000,9900,15000,18000,20000,24000,26000,29000,31000,37000,42000,45000,89884,2921,9900.0,10963.118531893071,15.018099002190866,44806.83848699846,340.2539829113079
1693958525,535,,Aggregated,13.300000,0.800000,9900,15000,18000,20000,24000,26000,29000,31000,37000,42000,45000,89908,2924,9900.0,10967.898985770118,15.018099002190866,44806.83848699846,340.28928460203764
1693958526,535,,Aggregated,13.500000,0.800000,9900,15000,18000,20000,24000,26000,29000,31000,37000,42000,45000,89935,2930,9900.0,10972.777220103337,15.018099002190866,44806.83848699846,340.37076777672763
1693958527,535,,Aggregated,13.400000,0.800000,10000,15000,18000,20000,24000,26000,29000,31000,37000,42000,45000,89958,2934,10000.0,10976.625231661927,15.018099002190866,44806.83848699846,340.42245270014894
1693958528,535,,Aggregated,14.900000,1.000000,10000,15000,18000,20000,24000,26000,29000,31000,37000,42000,45000,89981,2937,10000.0,10980.29805782134,15.018099002190866,44806.83848699846,340.4582522977073
1693958529,535,,Aggregated,15.400000,1.400000,10000,15000,18000,20000,24000,26000,29000,31000,37000,42000,45000,89999,2937,10000.0,10983.378615517793,15.018099002190866,44806.83848699846,340.4489049878332
1693958530,535,,Aggregated,17.300000,2.000000,10000,15000,18000,20000,24000,26000,29000,31000,37000,42000,45000,90013,2939,10000.0,10985.673643758522,15.018099002190866,44806.83848699846,340.47344272493973
1693958531,535,,Aggregated,17.100000,2.000000,10000,15000,18000,20000,24000,26000,29000,31000,37000,42000,45000,90024,2939,10000.0,10987.682698876499,15.018099002190866,44806.83848699846,340.46769750288814
1693958533,535,,Aggregated,17.600000,2.000000,10000,15000,18000,20000,24000,26000,29000,31000,37000,42000,46000,90043,2940,10000.0,10991.268796018501,15.018099002190866,46263.450759997795,340.4737625356774
1693958534,535,,Aggregated,16.600000,2.100000,10000,15000,18000,20000,24000,26000,29000,31000,37000,42000,46000,90060,2941,10000.0,10994.324782168365,15.018099002190866,46263.450759997795,340.48084610259826
1693958535,535,,Aggregated,17.200000,1.900000,10000,15000,18000,20000,24000,26000,29000,31000,37000,42000,46000,90077,2941,10000.0,10997.013999559309,15.018099002190866,46263.450759997795,340.47198507943205
1693958536,535,,Aggregated,17.700000,2.000000,10000,15000,18000,20000,24000,26000,29000,31000,37000,42000,46000,90095,2942,10000.0,11000.275979695554,15.018099002190866,46263.450759997795,340.4785393196071
1693958537,535,,Aggregated,18.100000,1.900000,10000,15000,18000,20000,24000,26000,29000,31000,37000,42000,46000,90113,2943,10000.0,11003.23487517294,15.018099002190866,46263.450759997795,340.48507984419564
1693958538,535,,Aggregated,17.100000,1.600000,10000,15000,18000,20000,24000,26000,29000,31000,37000,42000,46000,90131,2944,10000.0,11006.54069918441,15.018099002190866,46263.450759997795,340.49161775637685
1693958539,535,,Aggregated,17.000000,1.300000,10000,15000,18000,20000,24000,26000,29000,31000,37000,42000,46000,90153,2947,10000.0,11010.326561635698,15.018099002190866,46263.450759997795,340.5278138276042
1693958540,535,,Aggregated,15.500000,0.700000,10000,15000,18000,20000,24000,26000,29000,32000,37000,42000,46000,90171,2949,10000.0,11013.864849280337,15.018099002190866,46263.450759997795,340.5501990662186
1693958541,535,,Aggregated,15.600000,0.800000,10000,15000,18000,20000,24000,26000,29000,32000,37000,42000,46000,90190,2951,10000.0,11017.151780304757,15.018099002190866,46263.450759997795,340.57204789888016
1693958542,535,,Aggregated,15.900000,1.100000,10000,15000,18000,20000,24000,26000,29000,32000,37000,42000,46000,90206,2952,10000.0,11019.783555468106,15.018099002190866,46263.450759997795,340.57960667804804
1693958543,535,,Aggregated,16.500000,1.000000,10000,15000,18000,20000,24000,26000,29000,32000,37000,42000,46000,90220,2952,10000.0,11022.315042489316,15.018099002190866,46263.450759997795,340.57234537796495
1693958544,535,,Aggregated,16.900000,1.200000,10000,15000,18000,20000,24000,26000,30000,32000,37000,42000,46000,90233,2954,10000.0,11024.494329416995,15.018099002190866,46263.450759997795,340.59732027085437
1693958545,535,,Aggregated,16.700000,1.200000,10000,15000,18000,20000,24000,26000,30000,32000,37000,42000,46000,90247,2954,10000.0,11027.010384692421,15.018099002190866,46263.450759997795,340.5900473145922
1693958546,535,,Aggregated,16.600000,1.200000,10000,15000,18000,20000,24000,26000,30000,32000,37000,42000,46000,90265,2954,10000.0,11030.529570061673,15.018099002190866,46263.450759997795,340.5807455824517
1693958547,535,,Aggregated,15.800000,1.300000,10000,15000,18000,20000,24000,26000,30000,32000,37000,42000,46000,90279,2955,10000.0,11033.046430664206,15.018099002190866,46263.450759997795,340.58933971355464
1693958549,535,,Aggregated,15.300000,1.200000,10000,15000,18000,20000,24000,26000,30000,32000,37000,42000,46000,90295,2958,10000.0,11035.699979019844,15.018099002190866,46263.450759997795,340.6285730106872
1693958550,535,,Aggregated,15.500000,1.200000,10000,15000,18000,20000,24000,26000,30000,32000,37000,42000,46000,90309,2959,10000.0,11038.348475466186,15.018099002190866,46263.450759997795,340.637145799422
1693958551,535,,Aggregated,15.500000,1.300000,10000,15000,18000,20000,24000,26000,30000,32000,37000,42000,46000,90324,2960,10000.0,11041.172694355871,15.018099002190866,46263.450759997795,340.64515521898943
1693958552,535,,Aggregated,14.700000,1.100000,10000,15000,18000,20000,24000,26000,30000,32000,37000,42000,46000,90338,2960,10000.0,11043.598059233875,15.018099002190866,46263.450759997795,340.6379153844451
1693958553,535,,Aggregated,14.100000,1.100000,10000,15000,18000,20000,24000,26000,30000,32000,37000,42000,46000,90351,2961,10000.0,11045.954931462007,15.018099002190866,46263.450759997795,340.64702106230146
1693958554,535,,Aggregated,14.100000,0.900000,10000,15000,18000,20000,24000,26000,30000,32000,37000,42000,46000,90364,2961,10000.0,11048.136540581889,15.018099002190866,46263.450759997795,340.6402549687929
1693958555,535,,Aggregated,13.700000,0.900000,10000,15000,18000,20000,24000,26000,30000,32000,37000,42000,46000,90380,2961,10000.0,11050.773112265568,15.018099002190866,46263.450759997795,340.63198716530206
1693958556,535,,Aggregated,13.600000,0.800000,10000,15000,18000,20000,24000,26000,30000,32000,37000,42000,46000,90385,2961,10000.0,11051.613763727819,15.018099002190866,46263.450759997795,340.62940753443604
1693958557,535,,Aggregated,13.900000,0.700000,10000,15000,18000,20000,24000,26000,30000,32000,37000,42000,46000,90403,2962,10000.0,11054.466491706093,15.018099002190866,46263.450759997795,340.6359081003949
1693958558,535,,Aggregated,13.500000,0.700000,10000,15000,18000,20000,24000,26000,30000,32000,37000,42000,46000,90411,2962,10000.0,11055.665458639955,15.018099002190866,46263.450759997795,340.6317483492053
1693958559,535,,Aggregated,12.400000,0.800000,10000,15000,18000,20000,24000,26000,30000,32000,37000,42000,46000,90423,2964,10000.0,11057.765279769294,15.018099002190866,46263.450759997795,340.6571779303938
1693958560,535,,Aggregated,12.700000,0.700000,10000,15000,18000,20000,24000,26000,30000,32000,37000,42000,46000,90441,2964,10000.0,11060.972278863368,15.018099002190866,46263.450759997795,340.6478588250904
1693958561,535,,Aggregated,11.800000,0.400000,10000,15000,18000,20000,24000,27000,30000,32000,37000,42000,46000,90460,2967,10000.0,11064.167177125115,15.018099002190866,46263.450759997795,340.6854410789299
1693958562,535,,Aggregated,11.700000,0.500000,10000,15000,18000,20000,24000,27000,30000,32000,37000,42000,46000,90475,2970,10000.0,11066.531019545178,15.018099002190866,46263.450759997795,340.7250842774247
1693958564,535,,Aggregated,12.700000,0.700000,10000,15000,18000,20000,24000,27000,30000,32000,37000,42000,46000,90501,2974,10000.0,11070.826784371488,15.018099002190866,46263.450759997795,340.7748422669363
1693958565,535,,Aggregated,12.800000,0.900000,10000,15000,18000,20000,24000,27000,30000,32000,37000,42000,46000,90516,2975,10000.0,11073.400779678665,15.018099002190866,46263.450759997795,340.78283397410405
1693958566,535,,Aggregated,14.000000,1.300000,10000,15000,18000,20000,24000,27000,30000,32000,37000,42000,46000,90540,2975,10000.0,11078.16976946108,15.018099002190866,46263.450759997795,340.7703998232825
1693958567,535,,Aggregated,14.100000,1.300000,10000,15000,18000,20000,24000,27000,30000,32000,37000,42000,46000,90560,2978,10000.0,11081.708580016233,15.018099002190866,46263.450759997795,340.807398409894
1693958568,540,,Aggregated,15.200000,1.400000,10000,15000,18000,20000,24000,27000,30000,32000,37000,42000,46000,90580,2979,10000.0,11085.695851962355,15.018099002190866,46263.450759997795,340.8127401192316
1693958569,540,,Aggregated,16.100000,1.500000,10000,15000,18000,20000,24000,27000,30000,32000,37000,42000,46000,90602,2982,10000.0,11089.839378222103,15.018099002190866,46263.450759997795,340.8486567625439
1693958570,540,,Aggregated,16.800000,1.600000,10000,15000,18000,20000,24000,27000,30000,32000,37000,42000,46000,90624,2984,10000.0,11093.925822256995,15.018099002190866,46263.450759997795,340.8687875176554
1693958571,540,,Aggregated,18.400000,2.000000,10000,15000,18000,20000,24000,27000,30000,32000,37000,42000,46000,90637,2985,10000.0,11096.455569752372,15.018099002190866,46263.450759997795,340.8778203162064
1693958572,540,,Aggregated,19.300000,2.000000,10000,15000,18000,20000,24000,27000,30000,32000,37000,42000,46000,90647,2985,10000.0,11098.295469147592,15.018099002190866,46263.450759997795,340.87260471940607
1693958573,540,,Aggregated,18.900000,2.100000,10000,15000,18000,20000,24000,27000,30000,32000,37000,42000,46000,90664,2986,10000.0,11101.272874467624,15.018099002190866,46263.450759997795,340.87957734051
1693958574,540,,Aggregated,18.300000,1.800000,10000,15000,18000,20000,24000,27000,30000,32000,37000,42000,46000,90679,2986,10000.0,11104.13001781692,15.018099002190866,46263.450759997795,340.87180052713416
1693958575,540,,Aggregated,18.000000,1.600000,10000,15000,18000,20000,24000,27000,30000,32000,37000,42000,46000,90693,2988,10000.0,11106.492158864427,15.018099002190866,46263.450759997795,340.8960890035615
1693958576,540,,Aggregated,16.800000,1.200000,10000,15000,18000,20000,24000,27000,30000,32000,37000,42000,46000,90713,2991,10000.0,11110.177331380964,15.018099002190866,46263.450759997795,340.93301952311134
1693958577,540,,Aggregated,16.700000,1.200000,10000,15000,18000,20000,24000,27000,30000,32000,37000,42000,46000,90728,2992,10000.0,11112.91631725868,15.018099002190866,46263.450759997795,340.94098844899037
1693958578,540,,Aggregated,16.700000,1.300000,10000,15000,18000,20000,24000,27000,30000,32000,37000,42000,46000,90739,2993,10000.0,11114.69118090936,15.018099002190866,46263.450759997795,340.9510243665899
1693958580,540,,Aggregated,16.200000,1.400000,10000,15000,18000,20000,24000,27000,30000,32000,37000,42000,46000,90753,2994,10000.0,11117.356822836098,15.018099002190866,46263.450759997795,340.959516489813
1693958581,540,,Aggregated,15.500000,1.400000,10000,15000,18000,20000,24000,27000,30000,32000,37000,42000,46000,90765,2995,10000.0,11119.708893573033,15.018099002190866,46263.450759997795,340.9690188949485
1693958582,540,,Aggregated,13.500000,1.000000,10000,15000,18000,20000,24000,27000,30000,32000,37000,42000,46000,90780,2995,10000.0,11122.90850918545,15.018099002190866,46263.450759997795,340.96121392377177
1693958583,540,,Aggregated,13.400000,1.000000,10000,15000,18000,20000,24000,27000,30000,32000,37000,42000,46000,90790,2996,10000.0,11125.03076636286,15.018099002190866,46263.450759997795,340.97177001872456
1693958584,540,,Aggregated,13.400000,1.000000,10000,15000,18000,20000,24000,27000,30000,32000,37000,42000,46000,90808,2997,10000.0,11128.300018461621,15.018099002190866,46263.450759997795,340.9781517046956
1693958585,540,,Aggregated,13.200000,0.900000,10000,15000,18000,20000,24000,27000,30000,32000,37000,42000,46000,90833,2997,10000.0,11133.318155313233,15.018099002190866,46263.450759997795,340.9651778538637
1693958586,540,,Aggregated,13.600000,1.100000,10000,15000,18000,20000,24000,27000,30000,32000,37000,42000,46000,90848,2999,10000.0,11136.372408429273,15.018099002190866,46263.450759997795,340.98887152166253
1693958587,540,,Aggregated,13.700000,1.100000,10000,15000,18000,20000,24000,27000,30000,32000,37000,42000,46000,90861,3001,10000.0,11138.394277798161,15.018099002190866,46263.450759997795,341.0135811844466
1693958588,540,,Aggregated,13.700000,1.000000,10000,15000,18000,20000,24000,27000,30000,32000,37000,42000,46000,90879,3003,10000.0,11141.470172568192,15.018099002190866,46263.450759997795,341.0357288262415
1693958589,540,,Aggregated,14.000000,0.800000,10000,15000,18000,20000,24000,27000,30000,32000,37000,42000,46000,90906,3005,10000.0,11146.367338284324,15.018099002190866,46263.450759997795,341.0531978087255
1693958590,540,,Aggregated,13.800000,0.900000,10000,15000,18000,20000,24000,27000,30000,32000,37000,42000,46000,90932,3009,10000.0,11150.47487124023,15.018099002190866,46263.450759997795,341.10263713544185
1693958591,540,,Aggregated,15.500000,1.100000,10000,15000,18000,20000,24000,27000,30000,32000,37000,42000,46000,90953,3011,10000.0,11153.600798597863,15.018099002190866,46263.450759997795,341.12310753905865
1693958592,540,,Aggregated,16.000000,1.100000,10000,15000,18000,20000,24000,27000,30000,32000,37000,42000,46000,90966,3013,10000.0,11155.465184281638,15.018099002190866,46263.450759997795,341.14781346876856
1693958593,540,,Aggregated,17.300000,1.400000,10000,15000,18000,20000,24000,27000,30000,32000,37000,42000,46000,90982,3014,10000.0,11157.77876927405,15.018099002190866,46263.450759997795,341.15520652436743
1693958595,540,,Aggregated,17.700000,1.600000,10000,15000,18000,20000,24000,27000,30000,32000,37000,42000,46000,91006,3016,10000.0,11161.526032244736,15.018099002190866,46263.450759997795,341.1741533525262
1693958596,540,,Aggregated,17.800000,1.700000,10000,15000,18000,20000,24000,27000,30000,32000,37000,42000,46000,91025,3019,10000.0,11164.590943209572,15.018099002190866,46263.450759997795,341.21140346058775
1693958597,540,,Aggregated,18.900000,1.900000,10000,15000,18000,20000,24000,27000,30000,32000,37000,42000,46000,91047,3021,10000.0,11167.232654787027,15.018099002190866,46263.450759997795,341.23138598745703
1693958598,540,,Aggregated,18.600000,2.100000,10000,15000,18000,20000,24000,27000,30000,32000,37000,42000,46000,91071,3027,10000.0,11170.87193447604,15.018099002190866,46263.450759997795,341.3130963753555
1693958599,540,,Aggregated,18.600000,2.200000,10000,15000,18000,20000,24000,27000,30000,32000,37000,42000,46000,91086,3027,10000.0,11173.044088912746,15.018099002190866,46263.450759997795,341.30528291943875
1693958600,540,,Aggregated,19.700000,2.400000,10000,15000,18000,20000,24000,27000,30000,32000,37000,42000,46000,91101,3027,10000.0,11175.275473479624,15.018099002190866,46263.450759997795,341.2974720365309
1693958601,540,,Aggregated,18.500000,2.300000,10000,15000,18000,20000,24000,27000,30000,32000,37000,42000,46000,91122,3028,10000.0,11178.594859889889,15.018099002190866,46263.450759997795,341.3022211979544
1693958602,540,,Aggregated,18.100000,2.200000,10000,15000,18000,20000,24000,27000,30000,32000,37000,42000,46000,91128,3029,10000.0,11179.538653687805,15.018099002190866,46263.450759997795,341.3147879905188
1693958603,540,,Aggregated,17.600000,1.800000,10000,15000,18000,20000,24000,27000,30000,32000,37000,42000,46000,91144,3032,10000.0,11181.858940304028,15.018099002190866,46263.450759997795,341.3535284824015
1693958604,540,,Aggregated,17.000000,1.800000,10000,15000,18000,20000,24000,27000,30000,32000,37000,42000,46000,91163,3033,10000.0,11185.006705751108,15.018099002190866,46263.450759997795,341.35933437907926
1693958605,540,,Aggregated,16.900000,1.700000,10000,15000,18000,20000,24000,27000,30000,32000,37000,42000,46000,91180,3034,10000.0,11187.606505381818,15.018099002190866,46263.450759997795,341.3661877604738
1693958606,540,,Aggregated,17.000000,1.800000,10000,15000,18000,20000,24000,27000,30000,32000,37000,42000,46000,91195,3035,10000.0,11190.150582504873,15.018099002190866,46263.450759997795,341.3740446296398
1693958607,540,,Aggregated,16.200000,1.800000,10000,15000,18000,20000,24000,27000,30000,32000,37000,42000,46000,91209,3035,10000.0,11192.648537031586,15.018099002190866,46263.450759997795,341.36674012432985
1693958608,540,,Aggregated,16.000000,1.500000,10000,15000,18000,20000,24000,27000,30000,32000,37000,42000,46000,91224,3036,10000.0,11195.439946276583,15.018099002190866,46263.450759997795,341.3746163290362
1693958610,540,,Aggregated,14.600000,1.000000,10000,15000,18000,20000,24000,27000,30000,32000,37000,42000,46000,91240,3036,10000.0,11198.254032478211,15.018099002190866,46263.450759997795,341.36625383603683
1693958611,540,,Aggregated,14.500000,0.900000,10000,15000,18000,20000,24000,27000,30000,32000,37000,42000,46000,91254,3037,10000.0,11200.529892970653,15.018099002190866,46263.450759997795,341.3746246739869
1693958612,540,,Aggregated,14.500000,0.900000,10000,15000,18000,20000,24000,27000,30000,32000,37000,42000,46000,91265,3038,10000.0,11202.405921687008,15.018099002190866,46263.450759997795,341.3845723990577
1693958613,540,,Aggregated,13.700000,0.900000,10000,15000,18000,20000,24000,27000,30000,32000,38000,42000,46000,91277,3038,10000.0,11204.778545439256,15.018099002190866,46263.450759997795,341.37832093517534
1693958614,540,,Aggregated,13.600000,0.800000,10000,15000,18000,20000,24000,27000,30000,32000,38000,42000,46000,91289,3038,10000.0,11206.81266408394,15.018099002190866,46263.450759997795,341.3720711148112
1693958615,540,,Aggregated,13.500000,0.700000,10000,15000,18000,20000,24000,27000,30000,32000,38000,42000,46000,91300,3039,10000.0,11208.76057507345,15.018099002190866,46263.450759997795,341.381982475356
1693958616,540,,Aggregated,13.400000,0.600000,10000,15000,18000,20000,24000,27000,30000,32000,38000,42000,46000,91315,3040,10000.0,11211.215379489082,15.018099002190866,46263.450759997795,341.389815473909
1693958617,540,,Aggregated,12.600000,0.500000,10000,15000,18000,20000,24000,27000,30000,32000,38000,42000,46000,91325,3041,10000.0,11212.779485614616,15.018099002190866,46263.450759997795,341.4002627977005
1693958618,540,,Aggregated,12.300000,0.600000,10000,15000,18000,20000,24000,27000,30000,32000,38000,42000,46000,91332,3042,10000.0,11214.062305530688,15.018099002190866,46263.450759997795,341.4122651425568
1693958619,540,,Aggregated,12.100000,0.600000,10000,15000,18000,20000,24000,27000,30000,32000,38000,42000,46000,91343,3045,10000.0,11215.824621009151,15.018099002190866,46263.450759997795,341.4534884993924
1693958620,540,,Aggregated,11.800000,0.700000,10000,15000,18000,20000,24000,27000,30000,32000,38000,43000,46000,91359,3046,10000.0,11218.938336231602,15.018099002190866,46263.450759997795,341.46077562144944
1693958621,540,,Aggregated,11.300000,0.800000,10000,15000,18000,20000,24000,27000,30000,32000,38000,43000,46000,91371,3046,10000.0,11221.26667362196,15.018099002190866,46263.450759997795,341.4545205809283
1693958622,540,,Aggregated,10.800000,0.900000,10000,15000,18000,20000,24000,27000,30000,32000,38000,43000,46000,91394,3048,10000.0,11225.484317881828,15.018099002190866,46263.450759997795,341.4738494868372
1693958623,540,,Aggregated,11.000000,1.000000,10000,15000,18000,20000,24000,27000,30000,32000,38000,43000,46000,91413,3050,10000.0,11228.521340526477,15.018099002190866,46263.450759997795,341.495192149913
1693958624,540,,Aggregated,11.500000,1.000000,10000,15000,18000,20000,24000,27000,30000,32000,38000,43000,46000,91427,3052,10000.0,11230.695079951121,15.018099002190866,46263.450759997795,341.5191901735811
1693958626,540,,Aggregated,12.700000,1.200000,10000,15000,18000,20000,24000,27000,30000,32000,38000,43000,46000,91445,3052,10000.0,11234.150712809154,15.018099002190866,46263.450759997795,341.50979277161133
1693958627,540,,Aggregated,13.300000,1.300000,10000,15000,18000,20000,24000,27000,30000,32000,38000,43000,46000,91461,3055,10000.0,11236.94617001017,15.018099002190866,46263.450759997795,341.54835394321077
1693958628,545,,Aggregated,13.700000,1.200000,10000,15000,18000,20000,24000,27000,30000,32000,38000,43000,46000,91476,3055,10000.0,11239.593670194468,15.018099002190866,46263.450759997795,341.5404477677205
1693958629,545,,Aggregated,13.600000,1.200000,10000,15000,18000,20000,24000,27000,30000,32000,38000,43000,46000,91493,3057,10000.0,11242.670224447573,15.018099002190866,46263.450759997795,341.5628299432743
1693958630,545,,Aggregated,14.400000,1.300000,10000,15000,18000,20000,24000,27000,30000,32000,38000,43000,46000,91521,3060,10000.0,11247.227386930199,15.018099002190866,46263.450759997795,341.5950765398105
1693958631,545,,Aggregated,15.200000,1.300000,10000,15000,18000,20000,24000,27000,30000,32000,38000,43000,46000,91542,3062,10000.0,11251.329646216662,15.018099002190866,46263.450759997795,341.61538965720655
1693958632,545,,Aggregated,16.700000,1.400000,10000,15000,18000,20000,24000,27000,30000,32000,38000,43000,46000,91560,3064,10000.0,11255.009378515157,15.018099002190866,46263.450759997795,341.6372105723023
1693958633,545,,Aggregated,17.000000,1.500000,10000,15000,18000,20000,24000,27000,30000,32000,38000,43000,46000,91576,3064,10000.0,11258.545828273673,15.018099002190866,46263.450759997795,341.62886564165285
1693958634,545,,Aggregated,17.700000,1.500000,10000,15000,18000,20000,24000,27000,30000,32000,38000,43000,46000,91590,3066,10000.0,11261.207926704421,15.018099002190866,46263.450759997795,341.65278960585215
1693958635,545,,Aggregated,17.000000,1.600000,10000,15000,18000,20000,24000,27000,30000,32000,38000,43000,46000,91613,3067,10000.0,11265.686706501012,15.018099002190866,46263.450759997795,341.65642430659403
1693958636,545,,Aggregated,16.700000,1.400000,10000,15000,18000,20000,24000,27000,30000,32000,38000,43000,46000,91625,3068,10000.0,11268.037759952547,15.018099002190866,46263.450759997795,341.66576807639836
1693958637,545,,Aggregated,17.100000,1.500000,10000,15000,18000,20000,24000,27000,30000,32000,38000,43000,46000,91647,3068,10000.0,11272.28554517762,15.018099002190866,46263.450759997795,341.654282191452
1693958638,545,,Aggregated,17.200000,1.600000,10000,15000,18000,20000,24000,27000,30000,32000,38000,43000,46000,91658,3068,10000.0,11274.817936948093,15.018099002190866,46263.450759997795,341.64854131663355
1693958640,545,,Aggregated,17.100000,1.500000,10000,15000,18000,20000,24000,27000,30000,32000,38000,43000,46000,91674,3068,10000.0,11278.087373866183,15.018099002190866,46263.450759997795,341.64017060453347
1693958641,545,,Aggregated,18.200000,1.300000,10000,15000,18000,20000,24000,27000,30000,32000,38000,43000,46000,91687,3068,10000.0,11280.705592923769,15.018099002190866,46263.450759997795,341.633383140467
1693958642,545,,Aggregated,16.000000,0.900000,10000,15000,18000,20000,24000,27000,30000,32000,38000,43000,46000,91707,3072,10000.0,11284.480870831205,15.018099002190866,46263.450759997795,341.68535662490325
1693958643,545,,Aggregated,15.600000,0.700000,10000,15000,18000,20000,24000,27000,30000,32000,38000,43000,46000,91720,3073,10000.0,11287.1580195455,15.018099002190866,46263.450759997795,341.6941452245966
1693958644,545,,Aggregated,15.300000,1.000000,10000,15000,18000,20000,24000,27000,30000,32000,38000,43000,46000,91735,3073,10000.0,11290.045655623782,15.018099002190866,46263.450759997795,341.6862484329863
1693958645,545,,Aggregated,14.900000,0.900000,10000,15000,18000,20000,24000,27000,30000,32000,38000,43000,46000,91750,3073,10000.0,11293.173809594873,15.018099002190866,46263.450759997795,341.67839782016347
1693958646,545,,Aggregated,14.900000,0.900000,10000,15000,18000,20000,24000,27000,30000,32000,38000,43000,46000,91765,3073,10000.0,11296.21141740198,15.018099002190866,46263.450759997795,341.6705606712799
1693958647,545,,Aggregated,14.700000,0.600000,10000,15000,18000,20000,24000,27000,30000,32000,38000,43000,46000,91781,3075,10000.0,11299.040868135886,15.018099002190866,46263.450759997795,341.69335701288935
1693958648,545,,Aggregated,14.300000,0.500000,10000,15000,18000,20000,24000,27000,30000,32000,38000,43000,46000,91798,3075,10000.0,11302.090010668944,15.018099002190866,46263.450759997795,341.6845247173141
1693958649,545,,Aggregated,14.900000,0.600000,10000,15000,18000,20000,24000,27000,30000,32000,38000,43000,46000,91815,3076,10000.0,11304.889440520466,15.018099002190866,46263.450759997795,341.6912378151718
1693958650,545,,Aggregated,13.500000,0.700000,10000,15000,18000,20000,24000,27000,30000,32000,38000,43000,46000,91840,3078,10000.0,11309.27299853641,15.018099002190866,46263.450759997795,341.70933144599303
1693958651,545,,Aggregated,14.800000,0.800000,10000,15000,18000,20000,24000,27000,30000,32000,38000,43000,46000,91864,3078,10000.0,11313.72026778328,15.018099002190866,46263.450759997795,341.69681267961334
1693958652,545,,Aggregated,15.000000,0.900000,10000,15000,18000,20000,24000,27000,30000,32000,38000,43000,46000,91889,3081,10000.0,11317.84877782836,15.018099002190866,46263.450759997795,341.7304138689071
1693958653,545,,Aggregated,16.100000,1.000000,10000,15000,18000,20000,24000,27000,30000,32000,38000,43000,46000,91912,3084,10000.0,11321.225833573346,15.018099002190866,46263.450759997795,341.76507964139614
1693958654,545,,Aggregated,16.600000,0.800000,10000,15000,18000,20000,24000,27000,30000,32000,38000,43000,46000,91930,3087,10000.0,11323.963044278618,15.018099002190866,46263.450759997795,341.8023604916784
1693958656,545,,Aggregated,18.300000,1.100000,10000,15000,18000,20000,24000,27000,30000,32000,38000,43000,46000,91943,3088,10000.0,11326.236360933508,15.018099002190866,46263.450759997795,341.81113298456654
1693958657,545,,Aggregated,18.300000,1.100000,10000,15000,18000,20000,24000,27000,30000,32000,38000,43000,46000,91958,3091,10000.0,11328.787243608544,15.018099002190866,46263.450759997795,341.8499097414037
1693958658,545,,Aggregated,18.300000,1.500000,10000,15000,18000,20000,24000,27000,30000,32000,38000,43000,46000,91968,3091,10000.0,11330.208593560408,15.018099002190866,46263.450759997795,341.8446851078636
1693958659,545,,Aggregated,18.300000,1.700000,10000,15000,18000,20000,24000,27000,30000,32000,38000,43000,46000,91983,3092,10000.0,11332.526419646625,15.018099002190866,46263.450759997795,341.8523748953611
1693958660,545,,Aggregated,17.800000,1.600000,10000,15000,18000,20000,24000,27000,30000,32000,38000,43000,46000,92002,3093,10000.0,11335.490162647557,15.018099002190866,46263.450759997795,341.85802482554726
1693958661,545,,Aggregated,17.200000,1.500000,10000,15000,18000,20000,24000,27000,30000,32000,38000,43000,46000,92016,3093,10000.0,11337.6195150559,15.018099002190866,46263.450759997795,341.85069987828206
1693958662,545,,Aggregated,17.400000,1.600000,10000,15000,18000,20000,24000,27000,30000,32000,38000,43000,46000,92029,3093,10000.0,11339.828517850523,15.018099002190866,46263.450759997795,341.84388616631713
1693958663,545,,Aggregated,16.500000,1.500000,10000,15000,18000,20000,24000,27000,30000,32000,38000,43000,46000,92045,3095,10000.0,11342.308102024721,15.018099002190866,46263.450759997795,341.86663045249605
1693958664,545,,Aggregated,15.200000,1.300000,10000,15000,18000,20000,24000,27000,30000,32000,38000,43000,46000,92058,3097,10000.0,11344.48050782782,15.018099002190866,46263.450759997795,341.890916596059
1693958665,545,,Aggregated,14.500000,1.400000,10000,15000,18000,20000,24000,27000,30000,32000,38000,43000,46000,92092,3099,10000.0,11349.59044474412,15.018099002190866,46263.450759997795,341.9042370672805
1693958666,545,,Aggregated,14.000000,1.200000,10000,15000,18000,20000,24000,27000,30000,32000,38000,43000,46000,92105,3099,10000.0,11351.558818612037,15.018099002190866,46263.450759997795,341.89741056403017
1693958667,545,,Aggregated,13.900000,1.100000,10000,15000,18000,20000,24000,27000,30000,32000,38000,43000,46000,92125,3100,10000.0,11354.906192939403,15.018099002190866,46263.450759997795,341.9024911804613
1693958668,545,,Aggregated,15.700000,1.100000,10000,15000,18000,20000,24000,27000,30000,32000,38000,43000,46000,92137,3103,10000.0,11356.930718122769,15.018099002190866,46263.450759997795,341.9427808589383
1693958669,545,,Aggregated,15.000000,0.800000,10000,15000,18000,20000,24000,27000,30000,32000,38000,43000,46000,92158,3104,10000.0,11360.562887390008,15.018099002190866,46263.450759997795,341.94729703335577
1693958671,545,,Aggregated,16.000000,0.900000,10000,15000,18000,20000,24000,27000,30000,32000,38000,43000,46000,92173,3105,10000.0,11363.097896911333,15.018099002190866,46263.450759997795,341.95495427077344
1693958672,545,,Aggregated,16.200000,1.200000,10000,15000,19000,20000,24000,27000,30000,32000,38000,43000,46000,92187,3106,10000.0,11365.33083083561,15.018099002190866,46263.450759997795,341.9631075965158
1693958673,545,,Aggregated,16.000000,1.200000,10000,15000,19000,20000,24000,27000,30000,32000,38000,43000,46000,92206,3111,10000.0,11368.244020349073,15.018099002190866,46263.450759997795,342.0307463722534
1693958674,545,,Aggregated,16.300000,1.300000,10000,15000,19000,20000,24000,27000,30000,32000,38000,43000,46000,92217,3111,10000.0,11370.276105696972,15.018099002190866,46263.450759997795,342.0249953913053
1693958675,545,,Aggregated,16.600000,1.400000,10000,15000,19000,20000,24000,27000,30000,32000,38000,43000,46000,92229,3112,10000.0,11372.442659816812,15.018099002190866,46263.450759997795,342.03423001442064
1693958676,545,,Aggregated,16.300000,1.500000,10000,15000,19000,20000,24000,27000,30000,32000,38000,43000,46000,92239,3112,10000.0,11374.005984321984,15.018099002190866,46263.450759997795,342.02900074805666
1693958677,545,,Aggregated,15.700000,1.300000,10000,15000,19000,20000,24000,27000,30000,32000,38000,43000,46000,92254,3116,10000.0,11376.42900893359,15.018099002190866,46263.450759997795,342.0831725453639
1693958678,545,,Aggregated,13.800000,1.300000,10000,15000,19000,20000,24000,27000,30000,32000,38000,43000,46000,92268,3116,10000.0,11378.904775450052,15.018099002190866,46263.450759997795,342.0758442797069
1693958679,545,,Aggregated,13.900000,1.600000,10000,15000,19000,20000,24000,27000,30000,32000,38000,43000,46000,92288,3117,10000.0,11382.539202117778,15.018099002190866,46263.450759997795,342.08087725381415
1693958680,545,,Aggregated,13.400000,1.600000,10000,15000,19000,20000,24000,27000,30000,32000,38000,43000,46000,92302,3119,10000.0,11384.802115181377,15.018099002190866,46263.450759997795,342.10455894780176
1693958681,545,,Aggregated,14.000000,1.400000,10000,16000,19000,20000,24000,27000,30000,32000,38000,43000,46000,92315,3120,10000.0,11386.916831439197,15.018099002190866,46263.450759997795,342.1132318691437
1693958682,545,,Aggregated,13.600000,1.400000,10000,16000,19000,20000,24000,27000,30000,32000,38000,43000,46000,92326,3121,10000.0,11388.693849528187,15.018099002190866,46263.450759997795,342.12295561380324
1693958683,545,,Aggregated,13.200000,1.400000,10000,16000,19000,20000,24000,27000,30000,32000,38000,43000,46000,92344,3124,10000.0,11391.89443569469,15.018099002190866,46263.450759997795,342.16001039591094
1693958684,545,,Aggregated,13.100000,1.400000,10000,16000,19000,20000,24000,27000,30000,32000,38000,43000,46000,92365,3125,10000.0,11395.664965518645,15.018099002190866,46263.450759997795,342.1644778866454
1693958685,545,,Aggregated,12.700000,1.200000,10000,16000,19000,20000,24000,27000,30000,32000,38000,43000,46000,92386,3125,10000.0,11399.48893525747,15.018099002190866,46263.450759997795,342.15347563483647
1693958687,545,,Aggregated,13.900000,1.400000,10000,16000,19000,20000,24000,27000,30000,32000,38000,43000,46000,92403,3128,10000.0,11402.189748308883,15.018099002190866,46263.450759997795,342.19103275867667
1693958688,550,,Aggregated,14.900000,1.300000,10000,16000,19000,20000,24000,27000,30000,32000,38000,43000,46000,92415,3129,10000.0,11404.323844428938,15.018099002190866,46263.450759997795,342.2002164150841
1693958689,550,,Aggregated,15.400000,1.100000,10000,16000,19000,20000,24000,27000,30000,32000,38000,43000,46000,92434,3130,10000.0,11407.990227136132,15.018099002190866,46263.450759997795,342.20572516606444
1693958690,550,,Aggregated,15.300000,1.300000,10000,16000,19000,20000,24000,27000,30000,32000,38000,43000,46000,92453,3132,10000.0,11411.385118625747,15.018099002190866,46263.450759997795,342.2267097876759
1693958691,550,,Aggregated,15.100000,1.300000,10000,16000,19000,20000,24000,27000,30000,32000,38000,43000,46000,92473,3133,10000.0,11414.656870299075,15.018099002190866,46263.450759997795,342.23166762190044
1693958692,550,,Aggregated,15.300000,1.400000,10000,16000,19000,20000,24000,27000,30000,32000,38000,43000,46000,92489,3133,10000.0,11417.571544389393,15.018099002190866,46263.450759997795,342.22328060634237
1693958693,550,,Aggregated,15.900000,1.300000,10000,16000,19000,20000,24000,27000,30000,32000,38000,43000,46000,92501,3134,10000.0,11419.723094509514,15.018099002190866,46263.450759997795,342.23244073037046
1693958694,550,,Aggregated,16.800000,1.300000,10000,16000,19000,20000,24000,27000,30000,32000,38000,43000,46000,92513,3135,10000.0,11421.885956218484,15.018099002190866,46263.450759997795,342.2416200966351
1693958695,550,,Aggregated,16.500000,1.300000,10000,16000,19000,20000,24000,27000,30000,32000,38000,43000,46000,92529,3138,10000.0,11424.664378894802,15.018099002190866,46263.450759997795,342.2796204433205
1693958696,550,,Aggregated,15.900000,1.100000,10000,16000,19000,20000,24000,27000,30000,32000,38000,43000,46000,92550,3138,10000.0,11428.954959986411,15.018099002190866,46263.450759997795,342.26858995137763
1693958697,550,,Aggregated,15.300000,1.200000,10000,16000,19000,20000,24000,27000,30000,32000,38000,43000,46000,92565,3138,10000.0,11431.631108227097,15.018099002190866,46263.450759997795,342.26066007670283
1693958698,550,,Aggregated,15.400000,1.300000,10000,16000,19000,20000,24000,27000,30000,32000,38000,43000,46000,92580,3141,10000.0,11434.249109626238,15.018099002190866,46263.450759997795,342.299125081011
1693958699,550,,Aggregated,15.600000,1.200000,10000,16000,19000,20000,24000,27000,30000,32000,38000,43000,46000,92594,3143,10000.0,11436.526133495552,15.018099002190866,46263.450759997795,342.32269909497376
1693958700,550,,Aggregated,15.700000,1.100000,10000,16000,19000,20000,24000,27000,30000,32000,38000,43000,46000,92605,3143,10000.0,11438.547906575317,15.018099002190866,46263.450759997795,342.3169483289239
1693958702,550,,Aggregated,14.700000,1.100000,10000,16000,19000,20000,24000,27000,30000,32000,38000,43000,46000,92624,3143,10000.0,11442.134354088359,15.018099002190866,46263.450759997795,342.30700466401794
1693958703,550,,Aggregated,14.100000,1.100000,10000,16000,19000,20000,24000,27000,30000,32000,38000,43000,46000,92635,3143,10000.0,11444.117910516805,15.018099002190866,46263.450759997795,342.3012576240082
1693958704,550,,Aggregated,13.700000,1.000000,10000,16000,19000,20000,24000,27000,30000,32000,38000,43000,46000,92651,3145,10000.0,11447.24158297057,15.018099002190866,46263.450759997795,342.32374178368286
1693958705,550,,Aggregated,14.000000,0.900000,10000,16000,19000,20000,24000,27000,31000,32000,38000,43000,46000,92670,3146,10000.0,11451.095910766444,15.018099002190866,46263.450759997795,342.3292543433689
1693958706,550,,Aggregated,14.600000,1.000000,10000,16000,19000,20000,24000,27000,31000,32000,38000,43000,47000,92684,3149,10000.0,11454.018028785113,15.018099002190866,47085.163067000394,342.3682188943075
1693958707,550,,Aggregated,14.700000,0.900000,10000,16000,19000,20000,24000,27000,31000,33000,39000,43000,47000,92702,3151,10000.0,11457.640248642601,15.018099002190866,47085.163067000394,342.3896571810748
1693958708,550,,Aggregated,14.000000,1.000000,10000,16000,19000,20000,24000,27000,31000,33000,39000,43000,47000,92712,3153,10000.0,11459.417648289837,15.018099002190866,47085.163067000394,342.4152536888429
1693958709,550,,Aggregated,14.000000,1.200000,10000,16000,19000,20000,24000,27000,31000,33000,39000,43000,47000,92730,3155,10000.0,11463.057041948574,15.018099002190866,47085.163067000394,342.43667637226355
1693958710,550,,Aggregated,13.800000,1.200000,10000,16000,19000,20000,24000,27000,31000,33000,39000,43000,47000,92755,3157,10000.0,11467.48796537138,15.018099002190866,47085.163067000394,342.4544013799795
1693958711,550,,Aggregated,13.800000,1.300000,10000,16000,19000,20000,24000,27000,31000,33000,39000,44000,47000,92771,3157,10000.0,11470.551166253419,15.018099002190866,47085.163067000394,342.44599066518634
1693958712,550,,Aggregated,14.200000,1.200000,10000,16000,19000,20000,24000,27000,31000,33000,39000,44000,47000,92783,3159,10000.0,11472.956819703628,15.018099002190866,47085.163067000394,342.4705387840445
1693958713,550,,Aggregated,15.500000,1.400000,10000,16000,19000,20000,24000,27000,31000,33000,39000,44000,47000,92794,3160,10000.0,11475.051366099971,15.018099002190866,47085.163067000394,342.4801711317542
1693958714,550,,Aggregated,14.800000,1.400000,10000,16000,19000,20000,24000,27000,31000,33000,39000,44000,47000,92818,3161,10000.0,11479.883943032988,15.018099002190866,47085.163067000394,342.48297743972074
1693958715,550,,Aggregated,14.900000,1.600000,10000,16000,19000,20000,25000,27000,31000,33000,39000,44000,47000,92837,3161,10000.0,11483.149206264417,15.018099002190866,47085.163067000394,342.4730333810873
1693958717,550,,Aggregated,15.700000,1.500000,10000,16000,19000,20000,25000,27000,31000,33000,39000,44000,47000,92864,3164,10000.0,11487.752829702733,15.018099002190866,47085.163067000394,342.50508270158514
1693958718,550,,Aggregated,15.700000,1.300000,10000,16000,19000,20000,25000,27000,31000,33000,39000,44000,47000,92888,3165,10000.0,11491.934147768181,15.018099002190866,47085.163067000394,342.50784816122643
1693958719,550,,Aggregated,16.600000,1.400000,10000,16000,19000,20000,25000,27000,31000,33000,39000,44000,47000,92905,3167,10000.0,11494.646126575546,15.018099002190866,47085.163067000394,342.5297023841559
1693958720,550,,Aggregated,17.800000,1.300000,10000,16000,19000,20000,25000,27000,31000,33000,39000,44000,47000,92919,3168,10000.0,11496.966096483862,15.018099002190866,47085.163067000394,342.53771564480894
1693958721,550,,Aggregated,18.200000,1.300000,10000,16000,19000,20000,25000,27000,31000,33000,39000,44000,47000,92943,3168,10000.0,11500.911685655014,15.018099002190866,47085.163067000394,342.52506374874923
1693958722,550,,Aggregated,17.900000,1.300000,10000,16000,19000,20000,25000,27000,31000,33000,39000,44000,47000,92959,3170,10000.0,11503.396256839345,15.018099002190866,47085.163067000394,342.5474348906507
1693958723,550,,Aggregated,17.700000,1.100000,10000,16000,19000,20000,25000,27000,31000,33000,39000,44000,47000,92973,3173,10000.0,11505.550736977142,15.018099002190866,47085.163067000394,342.58623471330384
1693958724,550,,Aggregated,17.700000,1.200000,10000,16000,19000,20000,25000,27000,31000,33000,39000,44000,47000,92986,3175,10000.0,11507.526774637265,15.018099002190866,47085.163067000394,342.61014561331814
1693958725,550,,Aggregated,18.600000,1.200000,10000,16000,19000,20000,25000,27000,31000,33000,39000,44000,47000,92999,3176,10000.0,11509.71534005535,15.018099002190866,47085.163067000394,342.61867331906797
1693958726,550,,Aggregated,18.000000,1.300000,10000,16000,19000,20000,25000,27000,31000,33000,39000,44000,47000,93013,3176,10000.0,11512.436389754568,15.018099002190866,47085.163067000394,342.6113016460065
1693958727,550,,Aggregated,16.700000,1.400000,10000,16000,19000,20000,25000,27000,31000,33000,39000,44000,47000,93033,3176,10000.0,11515.994240445256,15.018099002190866,47085.163067000394,342.6007760687068
1693958728,550,,Aggregated,16.900000,1.500000,10000,16000,19000,20000,25000,27000,31000,33000,39000,44000,47000,93043,3178,10000.0,11517.536418410913,15.018099002190866,47085.163067000394,342.6262910697205
1693958729,550,,Aggregated,15.600000,1.200000,10000,16000,19000,20000,25000,27000,31000,33000,39000,44000,47000,93053,3178,10000.0,11519.4033249697,15.018099002190866,47085.163067000394,342.62103317464243
1693958730,550,,Aggregated,14.900000,1.100000,10000,16000,19000,20000,25000,28000,31000,33000,39000,44000,47000,93077,3178,10000.0,11523.933652408165,15.018099002190866,47085.163067000394,342.6084532161544
1693958732,550,,Aggregated,14.100000,1.100000,10000,16000,19000,20000,25000,28000,31000,33000,39000,44000,47000,93083,3178,10000.0,11525.039844273784,15.018099002190866,47085.163067000394,342.6053092401405
1693958733,550,,Aggregated,14.000000,1.000000,10000,16000,19000,20000,25000,28000,31000,33000,39000,44000,47000,93095,3179,10000.0,11527.277662169974,15.018099002190866,47085.163067000394,342.6143724152747
1693958734,550,,Aggregated,13.500000,0.900000,10000,16000,19000,20000,25000,28000,31000,33000,39000,44000,47000,93113,3179,10000.0,11530.331150652484,15.018099002190866,47085.163067000394,342.60492090255923
1693958735,550,,Aggregated,12.300000,0.700000,10000,16000,19000,21000,25000,28000,31000,33000,39000,44000,47000,93131,3180,10000.0,11533.525477645866,15.018099002190866,47085.163067000394,342.61080628362197
1693958736,550,,Aggregated,13.300000,0.600000,10000,16000,19000,21000,25000,28000,31000,33000,39000,44000,47000,93143,3182,10000.0,11535.791938059796,15.018099002190866,47085.163067000394,342.6351953447924
1693958737,550,,Aggregated,14.000000,0.400000,10000,16000,19000,21000,25000,28000,31000,33000,39000,44000,47000,93163,3185,10000.0,11539.674030089895,15.018099002190866,47085.163067000394,342.6707598510138
1693958738,550,,Aggregated,13.300000,0.500000,10000,16000,19000,21000,25000,28000,31000,33000,39000,44000,47000,93175,3185,10000.0,11541.713011108674,15.018099002190866,47085.163067000394,342.6644700831768
1693958739,550,,Aggregated,13.800000,0.700000,10000,16000,19000,21000,25000,28000,31000,33000,39000,44000,47000,93185,3186,10000.0,11543.367249339291,15.018099002190866,47085.163067000394,342.67458281912326
1693958740,550,,Aggregated,13.300000,0.900000,11000,16000,19000,21000,25000,28000,31000,33000,39000,44000,47000,93208,3189,10000.0,11547.394609752791,15.018099002190866,47085.163067000394,342.70856578834434
1693958741,550,,Aggregated,13.700000,0.700000,11000,16000,19000,21000,25000,28000,31000,33000,39000,44000,47000,93222,3190,11000.0,11550.154187517684,15.018099002190866,47085.163067000394,342.7165690502242
1693958742,550,,Aggregated,14.000000,0.900000,11000,16000,19000,21000,25000,28000,31000,33000,39000,44000,47000,93228,3190,11000.0,11551.361528698993,15.018099002190866,47085.163067000394,342.7134337323551
1693958743,550,,Aggregated,13.400000,1.100000,11000,16000,19000,21000,25000,28000,31000,33000,39000,44000,47000,93243,3190,11000.0,11554.54954301073,15.018099002190866,47085.163067000394,342.70556502901024
1693958744,550,,Aggregated,14.000000,1.200000,11000,16000,19000,21000,25000,28000,31000,33000,39000,44000,47000,93255,3190,11000.0,11556.72172865894,15.018099002190866,47085.163067000394,342.6992547316498
1693958745,550,,Aggregated,13.900000,1.200000,11000,16000,19000,21000,25000,28000,31000,33000,39000,44000,47000,93268,3190,11000.0,11559.064022206616,15.018099002190866,47085.163067000394,342.692434704293
1693958747,550,,Aggregated,13.600000,1.100000,11000,16000,19000,21000,25000,28000,31000,33000,39000,44000,47000,93282,3193,11000.0,11561.353485251098,15.018099002190866,47085.163067000394,342.73110567955234
1693958748,555,,Aggregated,13.000000,1.100000,11000,16000,19000,21000,25000,28000,31000,33000,39000,44000,47000,93298,3193,11000.0,11564.201234835684,15.018099002190866,47085.163067000394,342.7227164569444
1693958749,555,,Aggregated,12.500000,1.000000,11000,16000,19000,21000,25000,28000,31000,33000,39000,44000,47000,93312,3193,11000.0,11566.868220262142,15.018099002190866,47085.163067000394,342.7153420781893
1693958750,555,,Aggregated,12.900000,0.800000,11000,16000,19000,21000,25000,28000,31000,33000,39000,44000,47000,93326,3193,11000.0,11569.297647889005,15.018099002190866,47085.163067000394,342.7080020573045
1693958751,555,,Aggregated,12.900000,0.800000,11000,16000,19000,21000,25000,28000,31000,33000,39000,44000,47000,93338,3194,11000.0,11571.428632561641,15.018099002190866,47085.163067000394,342.7170070067925
1693958752,555,,Aggregated,12.600000,0.600000,11000,16000,19000,21000,25000,28000,31000,33000,39000,44000,47000,93360,3197,11000.0,11575.409002175935,15.018099002190866,47085.163067000394,342.7514353041988
1693958753,555,,Aggregated,12.500000,0.500000,11000,16000,19000,21000,25000,28000,31000,33000,39000,44000,47000,93374,3197,11000.0,11578.072359837171,15.018099002190866,47085.163067000394,342.74410435453126
1693958754,555,,Aggregated,12.800000,0.700000,11000,16000,19000,21000,25000,28000,31000,33000,39000,44000,47000,93392,3199,11000.0,11581.37041875755,15.018099002190866,47085.163067000394,342.7652903888984
1693958755,555,,Aggregated,13.700000,0.700000,11000,16000,19000,21000,25000,28000,31000,33000,39000,44000,47000,93407,3199,11000.0,11584.590735705242,15.018099002190866,47085.163067000394,342.75741646771655
1693958756,555,,Aggregated,13.600000,0.800000,11000,16000,19000,21000,25000,28000,31000,33000,39000,44000,47000,93426,3199,11000.0,11588.528227207165,15.018099002190866,47085.163067000394,342.7474471774452
1693958757,555,,Aggregated,14.000000,0.900000,11000,16000,19000,21000,25000,28000,31000,33000,39000,44000,47000,93441,3199,11000.0,11591.42054139047,15.018099002190866,47085.163067000394,342.73956828372985
1693958758,555,,Aggregated,14.500000,0.900000,11000,16000,19000,21000,25000,28000,31000,33000,39000,44000,47000,93454,3200,11000.0,11594.163466245931,15.018099002190866,47085.163067000394,342.74804716759047
1693958759,555,,Aggregated,14.500000,0.600000,11000,16000,19000,21000,25000,28000,31000,33000,39000,44000,47000,93475,3200,11000.0,11598.39409733432,15.018099002190866,47085.163067000394,342.73703129178926
1693958760,555,,Aggregated,14.800000,0.600000,11000,16000,19000,21000,25000,28000,31000,33000,39000,44000,47000,93492,3202,11000.0,11601.719464929074,15.018099002190866,47085.163067000394,342.7587601078167
1693958762,555,,Aggregated,14.500000,0.700000,11000,16000,19000,21000,25000,28000,31000,33000,39000,44000,47000,93510,3203,11000.0,11605.517866999491,15.018099002190866,47085.163067000394,342.76463479841726
1693958763,555,,Aggregated,15.300000,0.700000,11000,16000,19000,21000,25000,28000,31000,33000,39000,44000,47000,93527,3205,11000.0,11608.992465823449,15.018099002190866,47085.163067000394,342.7862970051429
1693958764,555,,Aggregated,15.900000,0.600000,11000,16000,19000,21000,25000,28000,31000,33000,39000,44000,47000,93559,3206,11000.0,11615.66345196793,15.018099002190866,47085.163067000394,342.7848737160508
1693958765,555,,Aggregated,15.900000,0.800000,11000,16000,19000,21000,25000,28000,31000,33000,39000,44000,47000,93574,3207,11000.0,11618.512973461695,15.018099002190866,47085.163067000394,342.7923141043452
1693958766,555,,Aggregated,17.200000,0.800000,11000,16000,19000,21000,25000,28000,31000,33000,39000,44000,47000,93597,3207,11000.0,11623.426235488752,15.018099002190866,47441.1678059987,342.7803027874825
1693958767,555,,Aggregated,17.200000,0.800000,11000,16000,19000,21000,25000,28000,31000,33000,39000,44000,47000,93610,3208,11000.0,11625.748393968475,15.018099002190866,47441.1678059987,342.7887939322722
1693958768,555,,Aggregated,18.000000,0.800000,11000,16000,19000,21000,25000,28000,31000,33000,39000,44000,47000,93625,3209,11000.0,11629.028191694975,15.018099002190866,47441.1678059987,342.79618691588786
1693958769,555,,Aggregated,17.800000,0.900000,11000,16000,19000,21000,25000,28000,31000,33000,39000,44000,47000,93636,3210,11000.0,11631.320719501742,15.018099002190866,47441.1678059987,342.8056943910462
1693958770,555,,Aggregated,17.400000,0.900000,11000,16000,19000,21000,25000,28000,31000,33000,39000,44000,47000,93660,3211,11000.0,11636.466338210057,15.018099002190866,47441.1678059987,342.80830664104207
1693958771,555,,Aggregated,17.700000,0.900000,11000,16000,19000,21000,25000,28000,31000,33000,39000,44000,53000,93674,3211,11000.0,11639.581253529455,15.018099002190866,53038.58693499933,342.80096931912806
1693958772,555,,Aggregated,17.100000,1.000000,11000,16000,19000,21000,25000,28000,31000,33000,39000,44000,53000,93683,3211,11000.0,11641.31380156391,15.018099002190866,53038.58693499933,342.7962704012468
1693958773,555,,Aggregated,17.400000,0.900000,11000,16000,19000,21000,25000,28000,31000,33000,39000,45000,53000,93697,3213,11000.0,11643.889331237986,15.018099002190866,53038.58693499933,342.81949261982777
1693958774,555,,Aggregated,16.800000,0.800000,11000,16000,19000,21000,25000,28000,31000,33000,39000,45000,53000,93713,3213,11000.0,11647.003920658934,15.018099002190866,53038.58693499933,342.8111041157577
1693958775,555,,Aggregated,15.900000,0.600000,11000,16000,19000,21000,25000,28000,31000,33000,39000,45000,53000,93727,3214,11000.0,11649.578519597757,15.018099002190866,53038.58693499933,342.8190489400066
1693958776,555,,Aggregated,14.500000,0.700000,11000,16000,19000,21000,25000,28000,31000,33000,39000,45000,53000,93742,3214,11000.0,11652.621103323354,15.018099002190866,53038.58693499933,342.81119455526874
1693958778,555,,Aggregated,13.500000,0.700000,11000,16000,19000,21000,25000,28000,31000,33000,39000,45000,53000,93774,3219,11000.0,11658.303334030927,15.018099002190866,53038.58693499933,342.8706891035895
1693958779,555,,Aggregated,13.700000,0.600000,11000,16000,19000,21000,25000,28000,31000,33000,39000,45000,53000,93791,3220,11000.0,11661.111363455728,15.018099002190866,53038.58693499933,342.8770457719824
1693958780,555,,Aggregated,15.100000,1.100000,11000,16000,19000,21000,25000,28000,31000,33000,39000,45000,53000,93807,3223,11000.0,11663.49675375884,15.018099002190866,53038.58693499933,342.9144093724349
1693958781,555,,Aggregated,15.500000,1.000000,11000,16000,19000,21000,25000,28000,31000,33000,39000,45000,53000,93828,3226,11000.0,11667.107212660318,15.018099002190866,53038.58693499933,342.9490983501727
1693958782,555,,Aggregated,15.400000,1.200000,11000,16000,19000,21000,25000,28000,31000,33000,39000,45000,53000,93848,3227,11000.0,11670.37017810688,15.018099002190866,53038.58693499933,342.95388287443524
1693958783,555,,Aggregated,15.700000,1.400000,11000,16000,19000,21000,25000,28000,31000,33000,39000,45000,53000,93866,3228,11000.0,11673.483471552645,15.018099002190866,53038.58693499933,342.9596659067181
1693958784,555,,Aggregated,16.400000,1.600000,11000,16000,19000,21000,25000,28000,31000,33000,39000,45000,53000,93883,3231,11000.0,11675.979643302462,15.018099002190866,53038.58693499933,342.996463683521
1693958785,555,,Aggregated,17.200000,1.600000,11000,16000,19000,21000,25000,28000,31000,33000,39000,45000,53000,93903,3231,11000.0,11679.210077607162,15.018099002190866,53038.58693499933,342.9859855382682
1693958786,555,,Aggregated,17.500000,1.700000,11000,16000,19000,21000,25000,28000,31000,33000,39000,45000,53000,93918,3231,11000.0,11681.378691955206,15.018099002190866,53038.58693499933,342.9781511531336
1693958787,555,,Aggregated,18.000000,1.800000,11000,16000,19000,21000,25000,28000,31000,33000,39000,45000,53000,93930,3232,11000.0,11683.38545868153,15.018099002190866,53038.58693499933,342.98708612796764
1693958788,555,,Aggregated,18.100000,1.700000,11000,16000,19000,21000,25000,28000,31000,33000,39000,45000,53000,93948,3236,11000.0,11685.952448844118,15.018099002190866,53038.58693499933,343.03856388640526
1693958789,555,,Aggregated,18.000000,1.700000,11000,16000,19000,21000,25000,28000,31000,33000,39000,45000,53000,93961,3237,11000.0,11687.869734089729,15.018099002190866,53038.58693499933,343.04693436638604
1693958790,555,,Aggregated,16.400000,1.300000,11000,16000,19000,21000,25000,28000,31000,33000,39000,45000,53000,93974,3237,11000.0,11689.96528673616,15.018099002190866,53038.58693499933,343.0401068380616
1693958791,555,,Aggregated,16.200000,1.700000,11000,16000,19000,21000,25000,28000,31000,33000,39000,45000,53000,93990,3239,11000.0,11692.68275643314,15.018099002190866,53038.58693499933,343.0621449090329
1693958793,555,,Aggregated,15.200000,1.200000,11000,16000,19000,21000,25000,28000,31000,33000,39000,45000,53000,94004,3242,11000.0,11694.82214133511,15.018099002190866,53038.58693499933,343.10045317220545
1693958794,555,,Aggregated,15.200000,1.200000,11000,16000,19000,21000,25000,28000,31000,33000,39000,45000,53000,94021,3244,11000.0,11697.34524140598,15.018099002190866,53038.58693499933,343.12191957115965
1693958795,555,,Aggregated,14.500000,1.500000,11000,16000,19000,21000,25000,28000,31000,33000,39000,45000,53000,94034,3244,11000.0,11699.496663050277,15.018099002190866,53038.58693499933,343.11509666716296
1693958796,555,,Aggregated,14.600000,1.400000,11000,16000,19000,21000,25000,28000,31000,33000,39000,45000,53000,94049,3246,11000.0,11701.769230417594,15.018099002190866,53038.58693499933,343.1376410169167
1693958797,555,,Aggregated,14.000000,1.300000,11000,16000,19000,21000,25000,28000,31000,33000,39000,45000,53000,94068,3249,11000.0,11704.93483945527,15.018099002190866,53038.58693499933,343.1732576434069
1693958798,555,,Aggregated,13.300000,1.400000,11000,16000,19000,21000,25000,28000,31000,33000,39000,45000,53000,94077,3249,11000.0,11706.438348557695,15.018099002190866,53038.58693499933,343.1685321598265
1693958799,555,,Aggregated,14.300000,1.800000,11000,16000,19000,21000,25000,28000,31000,33000,39000,45000,53000,94096,3250,11000.0,11710.325436320318,15.018099002190866,53038.58693499933,343.1737374596157
1693958800,555,,Aggregated,13.800000,1.700000,11000,16000,19000,21000,25000,28000,31000,33000,39000,45000,53000,94107,3250,11000.0,11712.20373902666,15.018099002190866,53038.58693499933,343.1679790026247
1693958801,555,,Aggregated,13.900000,1.400000,11000,16000,19000,21000,25000,28000,31000,33000,39000,45000,53000,94120,3250,11000.0,11714.70795654309,15.018099002190866,53038.58693499933,343.16114534636637
1693958802,555,,Aggregated,14.100000,1.300000,11000,16000,19000,21000,25000,28000,31000,33000,39000,45000,53000,94137,3250,11000.0,11717.645658525304,15.018099002190866,53038.58693499933,343.15220370311357
1693958803,555,,Aggregated,14.100000,1.300000,11000,16000,19000,21000,25000,28000,31000,33000,39000,45000,53000,94152,3251,11000.0,11720.448680970116,15.018099002190866,53038.58693499933,343.1595292718158
1693958804,555,,Aggregated,13.700000,1.100000,11000,16000,19000,21000,25000,28000,31000,33000,39000,45000,53000,94166,3252,11000.0,11722.956248328124,15.018099002190866,53038.58693499933,343.1673640167364
1693958805,555,,Aggregated,13.800000,0.800000,11000,16000,19000,21000,25000,28000,31000,33000,39000,45000,53000,94189,3255,11000.0,11727.246792728822,15.018099002190866,53038.58693499933,343.20085147947213
1693958806,555,,Aggregated,13.400000,0.700000,11000,16000,19000,21000,25000,28000,31000,33000,39000,45000,53000,94209,3255,11000.0,11730.781432473768,15.018099002190866,53038.58693499933,343.19038520735813
1693958808,560,,Aggregated,14.900000,1.000000,11000,16000,19000,21000,25000,28000,31000,33000,39000,45000,53000,94219,3256,11000.0,11732.603456839557,15.018099002190866,53038.58693499933,343.2003205298294
1693958809,560,,Aggregated,14.900000,1.000000,11000,16000,19000,21000,25000,28000,31000,33000,39000,45000,53000,94228,3257,11000.0,11734.07548931378,15.018099002190866,53038.58693499933,343.21077599015155
1693958810,560,,Aggregated,14.500000,0.700000,11000,16000,19000,21000,25000,28000,31000,33000,39000,45000,53000,94237,3260,11000.0,11735.353412875113,15.018099002190866,53038.58693499933,343.2515890785997
1693958811,560,,Aggregated,14.000000,0.700000,11000,16000,19000,21000,25000,28000,31000,33000,39000,45000,53000,94253,3262,11000.0,11738.266573060819,15.018099002190866,53038.58693499933,343.27352975502106
1693958812,560,,Aggregated,13.300000,1.000000,11000,16000,19000,21000,25000,28000,31000,33000,39000,45000,53000,94268,3262,11000.0,11741.073085822914,15.018099002190866,53038.58693499933,343.2656574871643
1693958813,560,,Aggregated,13.400000,1.100000,11000,16000,19000,21000,25000,28000,31000,33000,39000,45000,53000,94285,3263,11000.0,11744.15442071411,15.018099002190866,53038.58693499933,343.27193084796096
1693958814,560,,Aggregated,13.500000,1.200000,11000,16000,19000,21000,25000,28000,31000,33000,39000,45000,53000,94299,3263,11000.0,11747.060711567048,15.018099002190866,53038.58693499933,343.26456272070754
1693958815,560,,Aggregated,13.800000,1.300000,11000,16000,19000,21000,25000,28000,31000,33000,39000,45000,53000,94317,3268,11000.0,11750.237775154064,15.018099002190866,53038.58693499933,343.33093715873065
1693958816,560,,Aggregated,13.800000,1.200000,11000,16000,19000,21000,25000,28000,31000,33000,39000,45000,53000,94331,3270,11000.0,11752.731265266582,15.018099002190866,53038.58693499933,343.3538815447732
1693958817,560,,Aggregated,13.700000,1.000000,11000,16000,19000,21000,25000,28000,31000,33000,39000,45000,53000,94343,3272,11000.0,11754.82411841227,15.018099002190866,53038.58693499933,343.37791887050446
1693958818,560,,Aggregated,13.400000,1.500000,11000,16000,19000,21000,25000,28000,31000,33000,39000,45000,53000,94360,3273,11000.0,11758.082257871789,15.018099002190866,53038.58693499933,343.3841670199237
1693958819,560,,Aggregated,12.500000,1.600000,11000,16000,19000,21000,25000,28000,31000,33000,39000,45000,53000,94384,3275,11000.0,11763.006509193812,15.018099002190866,53038.58693499933,343.4018583658247
1693958820,560,,Aggregated,13.000000,1.600000,11000,16000,19000,21000,25000,28000,31000,33000,39000,45000,53000,94400,3275,11000.0,11766.243416387326,15.018099002190866,53038.58693499933,343.3934639830508
1693958821,560,,Aggregated,13.600000,1.600000,11000,16000,19000,21000,25000,28000,31000,33000,39000,45000,53000,94416,3276,11000.0,11769.201559053712,15.018099002190866,53038.58693499933,343.400175817658
1693958823,560,,Aggregated,15.300000,1.500000,11000,16000,19000,21000,25000,28000,31000,33000,39000,45000,53000,94429,3277,11000.0,11771.797175596059,15.018099002190866,53038.58693499933,343.4084656196719
1693958824,560,,Aggregated,15.400000,1.400000,11000,16000,19000,21000,25000,28000,31000,33000,39000,45000,53000,94451,3278,11000.0,11776.233957713985,15.018099002190866,53038.58693499933,343.4120761029529
1693958825,560,,Aggregated,15.000000,1.400000,11000,16000,19000,21000,25000,28000,31000,33000,40000,45000,53000,94469,3279,11000.0,11779.729180404716,15.018099002190866,53038.58693499933,343.41778784574836
1693958826,560,,Aggregated,15.300000,1.500000,11000,16000,19000,21000,25000,28000,31000,33000,40000,45000,53000,94483,3279,11000.0,11782.637655582954,15.018099002190866,53038.58693499933,343.41044420689434
1693958827,560,,Aggregated,15.400000,1.300000,11000,16000,19000,21000,25000,28000,31000,33000,40000,45000,53000,94497,3279,11000.0,11785.796449815125,15.018099002190866,53038.58693499933,343.40310274400247
1693958828,560,,Aggregated,15.600000,0.900000,11000,16000,19000,21000,25000,28000,31000,34000,40000,45000,53000,94512,3280,11000.0,11788.966201553265,15.018099002190866,53038.58693499933,343.41038175046555
1693958829,560,,Aggregated,16.000000,0.800000,11000,16000,19000,21000,25000,28000,31000,34000,40000,45000,53000,94525,3281,11000.0,11791.68766131959,15.018099002190866,53038.58693499933,343.41870404654856
1693958830,560,,Aggregated,15.800000,0.800000,11000,16000,19000,21000,25000,28000,31000,34000,40000,45000,53000,94546,3281,11000.0,11795.959162641086,15.018099002190866,53038.58693499933,343.40765341738415
1693958831,560,,Aggregated,15.600000,0.800000,11000,16000,19000,21000,25000,28000,31000,34000,40000,45000,53000,94560,3281,11000.0,11798.725725424169,15.018099002190866,53038.58693499933,343.40031725888326
1693958832,560,,Aggregated,14.600000,0.600000,11000,16000,19000,21000,25000,28000,31000,34000,40000,45000,53000,94574,3282,11000.0,11801.335042624141,15.018099002190866,53038.58693499933,343.4080825596887
1693958833,560,,Aggregated,15.400000,0.600000,11000,16000,19000,21000,25000,28000,31000,34000,40000,45000,53000,94598,3284,11000.0,11805.948941790084,15.018099002190866,53038.58693499933,343.4257701008478
1693958834,560,,Aggregated,14.700000,0.500000,11000,16000,19000,21000,25000,28000,31000,34000,40000,45000,53000,94607,3284,11000.0,11807.592751738448,15.018099002190866,53038.58693499933,343.42104706839876
1693958835,560,,Aggregated,15.300000,0.500000,11000,16000,19000,21000,25000,28000,32000,34000,40000,45000,53000,94623,3285,11000.0,11810.206386849784,15.018099002190866,53038.58693499933,343.427750124177
1693958836,560,,Aggregated,15.300000,0.600000,11000,16000,19000,21000,25000,28000,32000,34000,40000,45000,53000,94636,3285,11000.0,11812.713508809715,15.018099002190866,53038.58693499933,343.42093917748
1693958838,560,,Aggregated,14.600000,0.600000,11000,16000,19000,21000,25000,28000,32000,34000,40000,45000,53000,94652,3285,11000.0,11816.134487237288,15.018099002190866,53038.58693499933,343.4125216582851
1693958839,560,,Aggregated,14.300000,0.600000,11000,16000,19000,21000,25000,28000,32000,34000,40000,45000,53000,94668,3285,11000.0,11819.5998178495,15.018099002190866,53038.58693499933,343.4041492373347
1693958840,560,,Aggregated,14.600000,0.500000,11000,16000,19000,21000,25000,28000,32000,34000,40000,45000,53000,94690,3287,11000.0,11823.372881803658,15.018099002190866,53038.58693499933,343.42279015735556
1693958841,560,,Aggregated,14.800000,0.400000,11000,16000,19000,21000,25000,28000,32000,34000,40000,45000,53000,94724,3289,11000.0,11829.538822217253,15.018099002190866,53038.58693499933,343.43520121616484
1693958842,560,,Aggregated,15.300000,0.600000,11000,16000,19000,21000,25000,28000,32000,34000,40000,45000,53000,94746,3290,11000.0,11833.53280565541,15.018099002190866,53038.58693499933,343.4387836953539
1693958843,560,,Aggregated,16.800000,0.800000,11000,16000,19000,21000,25000,28000,32000,34000,40000,46000,53000,94764,3292,11000.0,11836.686610248657,15.018099002190866,53038.58693499933,343.4595204930142
1693958844,560,,Aggregated,17.800000,0.900000,11000,16000,19000,21000,25000,28000,32000,34000,40000,46000,53000,94784,3295,11000.0,11839.546822319082,15.018099002190866,53038.58693499933,343.4943028359217
1693958845,560,,Aggregated,17.400000,0.900000,11000,16000,19000,21000,25000,28000,32000,34000,40000,46000,53000,94798,3296,11000.0,11841.9435974415,15.018099002190866,53038.58693499933,343.5020781029136
1693958846,560,,Aggregated,17.700000,1.100000,11000,16000,19000,21000,25000,28000,32000,34000,40000,46000,53000,94816,3296,11000.0,11845.063752346769,15.018099002190866,53038.58693499933,343.4926383732703
1693958847,560,,Aggregated,17.900000,1.100000,11000,16000,19000,21000,25000,28000,32000,34000,40000,46000,53000,94827,3296,11000.0,11846.923213361712,15.018099002190866,53038.58693499933,343.4868655551689
1693958848,560,,Aggregated,18.500000,1.100000,11000,16000,19000,21000,25000,28000,32000,34000,40000,46000,53000,94842,3298,11000.0,11849.037837865217,15.018099002190866,53038.58693499933,343.5091626072837
1693958849,560,,Aggregated,18.600000,1.100000,11000,16000,19000,21000,25000,28000,32000,34000,40000,46000,53000,94850,3299,11000.0,11850.465951420798,15.018099002190866,53038.58693499933,343.52006325777546
1693958850,560,,Aggregated,18.000000,1.100000,11000,16000,19000,21000,25000,28000,32000,34000,40000,46000,53000,94868,3301,11000.0,11853.352932092776,15.018099002190866,53038.58693499933,343.5407724417085
1693958851,560,,Aggregated,17.500000,1.300000,11000,16000,19000,21000,25000,28000,32000,34000,40000,46000,53000,94882,3302,11000.0,11855.476509450617,15.018099002190866,53038.58693499933,343.5485234291014
1693958853,560,,Aggregated,16.600000,1.200000,11000,16000,19000,21000,25000,28000,32000,34000,40000,46000,53000,94890,3302,11000.0,11856.693626756512,15.018099002190866,53038.58693499933,343.54432500790386
1693958854,560,,Aggregated,14.100000,1.200000,11000,16000,19000,21000,25000,28000,32000,34000,40000,46000,53000,94905,3302,11000.0,11859.261241252887,15.018099002190866,53038.58693499933,343.536462778568
1693958855,560,,Aggregated,13.400000,1.100000,11000,16000,19000,21000,25000,28000,32000,34000,40000,46000,53000,94926,3306,11000.0,11862.762725545897,15.018099002190866,53038.58693499933,343.58567726439543
1693958856,560,,Aggregated,12.800000,0.700000,11000,16000,19000,21000,25000,28000,32000,34000,40000,46000,53000,94942,3307,11000.0,11865.180750395062,15.018099002190866,53038.58693499933,343.5923300541383
1693958857,560,,Aggregated,13.200000,1.000000,11000,16000,19000,21000,25000,28000,32000,34000,40000,46000,53000,94959,3308,11000.0,11868.035283575135,15.018099002190866,53038.58693499933,343.59850040543813
1693958858,560,,Aggregated,13.000000,1.100000,11000,16000,19000,21000,25000,28000,32000,34000,40000,46000,53000,94969,3309,11000.0,11870.010523173101,15.018099002190866,53038.58693499933,343.60831429203216
1693958859,560,,Aggregated,13.200000,1.100000,11000,16000,19000,21000,25000,28000,32000,34000,40000,46000,53000,94984,3311,11000.0,11872.762327417075,15.018099002190866,53038.58693499933,343.630558830961
1693958860,560,,Aggregated,13.400000,1.300000,11000,16000,19000,21000,25000,28000,32000,34000,40000,46000,53000,95004,3315,11000.0,11876.573345180956,15.018099002190866,53038.58693499933,343.6802766199318
1693958861,560,,Aggregated,13.300000,1.300000,11000,16000,19000,21000,25000,28000,32000,34000,40000,46000,53000,95034,3320,11000.0,11882.058174227202,15.018099002190866,53038.58693499933,343.73975629774606
1693958862,560,,Aggregated,13.800000,1.600000,11000,16000,19000,21000,25000,28000,32000,34000,40000,46000,53000,95044,3320,11000.0,11883.986233751968,15.018099002190866,53038.58693499933,343.73451243634526
1693958863,560,,Aggregated,14.600000,1.600000,11000,16000,19000,21000,25000,28000,32000,34000,40000,46000,53000,95060,3322,11000.0,11887.137191589463,15.018099002190866,53038.58693499933,343.7562066063539
1693958864,560,,Aggregated,15.300000,1.800000,11000,16000,19000,21000,25000,28000,32000,34000,40000,46000,53000,95073,3322,11000.0,11889.71863402022,15.018099002190866,53038.58693499933,343.7493610173235
1693958865,560,,Aggregated,15.700000,2.000000,11000,16000,19000,21000,25000,28000,32000,34000,40000,46000,53000,95084,3323,11000.0,11892.068459537752,15.018099002190866,53038.58693499933,343.7586239535569
1693958866,560,,Aggregated,15.800000,2.000000,11000,16000,19000,21000,25000,28000,32000,34000,40000,46000,53000,95101,3324,11000.0,11895.28864810915,15.018099002190866,53038.58693499933,343.76474485021186
1693958868,565,,Aggregated,15.200000,1.800000,11000,16000,19000,21000,25000,28000,32000,34000,40000,46000,53000,95113,3326,11000.0,11897.726905977035,15.018099002190866,53038.58693499933,343.78851471407694
1693958869,565,,Aggregated,14.700000,1.600000,11000,16000,19000,21000,25000,28000,32000,34000,40000,46000,53000,95118,3326,11000.0,11898.67846157747,15.018099002190866,53038.58693499933,343.78588700351145
1693958870,565,,Aggregated,14.700000,1.700000,11000,16000,19000,21000,25000,28000,32000,34000,40000,46000,53000,95135,3326,11000.0,11902.007582659859,15.018099002190866,53038.58693499933,343.7769800809376
1693958871,565,,Aggregated,14.200000,1.500000,11000,16000,19000,21000,25000,28000,32000,34000,40000,46000,53000,95141,3326,11000.0,11903.277640319702,15.018099002190866,53038.58693499933,343.7738199093976
1693958872,565,,Aggregated,14.100000,1.100000,11000,16000,19000,21000,25000,28000,32000,34000,40000,46000,53000,95154,3327,11000.0,11905.929056418287,15.018099002190866,53038.58693499933,343.782006011308
1693958873,565,,Aggregated,12.300000,0.900000,11000,16000,19000,21000,25000,28000,32000,34000,40000,46000,53000,95169,3328,11000.0,11908.568197667459,15.018099002190866,53038.58693499933,343.7891120007566
1693958874,565,,Aggregated,11.500000,0.700000,11000,16000,19000,21000,25000,28000,32000,34000,40000,46000,53000,95180,3328,11000.0,11910.554000363454,15.018099002190866,53038.58693499933,343.78333683546964
1693958875,565,,Aggregated,11.500000,0.600000,11000,16000,19000,21000,25000,28000,32000,34000,40000,46000,53000,95190,3328,11000.0,11912.318329067304,15.018099002190866,53038.58693499933,343.77808593339637
1693958876,565,,Aggregated,11.400000,0.600000,11000,16000,19000,21000,25000,28000,32000,34000,40000,46000,53000,95208,3329,11000.0,11915.582079713035,15.018099002190866,53038.58693499933,343.78369464750864
1693958877,565,,Aggregated,10.800000,0.500000,11000,16000,19000,21000,25000,28000,32000,34000,40000,46000,53000,95231,3331,11000.0,11920.00212891477,15.018099002190866,53038.58693499933,343.8016507229789
1693958878,565,,Aggregated,11.100000,0.500000,11000,16000,19000,21000,25000,28000,32000,34000,40000,46000,53000,95246,3332,11000.0,11922.943791419519,15.018099002190866,53038.58693499933,343.8088003695693
1693958879,565,,Aggregated,11.600000,0.600000,11000,16000,19000,21000,25000,28000,32000,34000,40000,46000,53000,95256,3332,11000.0,11924.950019789949,15.018099002190866,53038.58693499933,343.80357142857144
1693958880,565,,Aggregated,12.200000,0.600000,11000,16000,19000,21000,25000,28000,32000,34000,40000,46000,53000,95272,3334,11000.0,11928.155517832753,15.018099002190866,53038.58693499933,343.8252057267613
1693958881,565,,Aggregated,12.900000,0.600000,11000,16000,19000,21000,25000,28000,32000,34000,40000,46000,53000,95289,3334,11000.0,11931.576801327685,15.018099002190866,53038.58693499933,343.81626420678145
1693958883,565,,Aggregated,12.600000,0.600000,11000,16000,19000,21000,25000,28000,32000,34000,40000,46000,53000,95305,3335,11000.0,11934.952996104677,15.018099002190866,53038.58693499933,343.82285294580555
1693958884,565,,Aggregated,13.900000,0.700000,11000,16000,19000,21000,25000,28000,32000,34000,40000,46000,53000,95313,3335,11000.0,11936.44954123441,15.018099002190866,53038.58693499933,343.8186606234197
1693958885,565,,Aggregated,14.300000,0.700000,11000,16000,19000,21000,25000,29000,32000,34000,40000,46000,53000,95333,3337,11000.0,11940.801380193976,15.018099002190866,53038.58693499933,343.8381777558663
1693958886,565,,Aggregated,13.400000,0.700000,11000,16000,19000,21000,25000,29000,32000,34000,40000,46000,53000,95354,3339,11000.0,11944.733766035926,15.018099002190866,53038.58693499933,343.8571638316169
1693958887,565,,Aggregated,14.700000,0.900000,11000,16000,19000,21000,25000,29000,32000,34000,40000,46000,53000,95375,3341,11000.0,11949.678599473544,15.018099002190866,53038.58693499933,343.8760891218873
1693958888,565,,Aggregated,15.300000,1.000000,11000,16000,19000,21000,25000,29000,32000,34000,40000,46000,53000,95395,3343,11000.0,11953.973192765126,15.018099002190866,53038.58693499933,343.89553959851145
1693958889,565,,Aggregated,15.200000,1.100000,11000,16000,19000,21000,25000,29000,32000,34000,40000,46000,53000,95410,3343,11000.0,11957.383112197092,15.018099002190866,53038.58693499933,343.88766376690074
1693958890,565,,Aggregated,15.500000,1.100000,11000,16000,19000,21000,25000,29000,32000,34000,40000,46000,53000,95434,3344,11000.0,11962.832363666404,15.018099002190866,53038.58693499933,343.8900182324958
1693958891,565,,Aggregated,15.600000,1.100000,11000,16000,19000,21000,25000,29000,32000,34000,41000,46000,53000,95452,3347,11000.0,11966.338708647538,15.018099002190866,53038.58693499933,343.9255332523153
1693958892,565,,Aggregated,16.300000,1.200000,11000,16000,19000,21000,25000,29000,32000,34000,41000,46000,53000,95459,3348,11000.0,11967.628355466637,15.018099002190866,53038.58693499933,343.936831519291
1693958893,565,,Aggregated,16.900000,1.100000,11000,16000,19000,21000,25000,29000,32000,34000,41000,46000,53000,95474,3349,11000.0,11970.933448837584,15.018099002190866,53038.58693499933,343.9439533276075
1693958894,565,,Aggregated,16.600000,1.300000,11000,16000,19000,21000,25000,29000,32000,34000,41000,47000,53000,95501,3349,11000.0,11977.12553792336,15.018099002190866,53038.58693499933,343.9297808399912
1693958895,565,,Aggregated,15.900000,1.400000,11000,16000,19000,21000,25000,29000,32000,34000,41000,47000,53000,95515,3349,11000.0,11980.049020480763,15.018099002190866,53038.58693499933,343.92242056221534
1693958896,565,,Aggregated,17.200000,1.400000,11000,16000,19000,21000,25000,29000,32000,34000,41000,47000,53000,95533,3349,11000.0,11983.80590410257,15.018099002190866,53038.58693499933,343.912930610365
1693958898,565,,Aggregated,16.600000,1.100000,11000,16000,19000,21000,26000,29000,32000,34000,41000,47000,53000,95548,3350,11000.0,11986.846293351078,15.018099002190866,53038.58693499933,343.91998785950517
1693958899,565,,Aggregated,16.400000,0.800000,11000,16000,19000,21000,26000,29000,32000,34000,41000,47000,53000,95567,3350,11000.0,11990.592312028553,15.018099002190866,53038.58693499933,343.91001077777895
1693958900,565,,Aggregated,15.500000,0.700000,11000,16000,19000,21000,26000,29000,32000,34000,41000,47000,53000,95577,3351,11000.0,11992.572761993864,15.018099002190866,53038.58693499933,343.9197296420687
1693958901,565,,Aggregated,16.200000,0.700000,11000,16000,19000,21000,26000,29000,32000,34000,41000,47000,53000,95588,3352,11000.0,11994.620047599428,15.018099002190866,53038.58693499933,343.9289136711721
1693958902,565,,Aggregated,15.000000,0.600000,11000,16000,19000,21000,26000,29000,32000,34000,41000,47000,53000,95599,3353,11000.0,11996.744536838934,15.018099002190866,53038.58693499933,343.93811650749484
1693958903,565,,Aggregated,14.300000,0.700000,11000,16000,19000,21000,26000,29000,32000,34000,41000,47000,53000,95621,3360,11000.0,12000.590215845452,15.018099002190866,53038.58693499933,344.0312797398061
1693958904,565,,Aggregated,13.800000,0.500000,11000,16000,19000,21000,26000,29000,32000,34000,41000,47000,53000,95655,3362,11000.0,12006.958055040119,15.018099002190866,53038.58693499933,344.0433537190947
1693958905,565,,Aggregated,14.500000,0.600000,11000,16000,19000,21000,26000,29000,32000,34000,41000,47000,53000,95677,3363,11000.0,12010.806496835,15.018099002190866,53038.58693499933,344.04675104779625
1693958906,565,,Aggregated,16.300000,1.300000,11000,16000,19000,21000,26000,29000,32000,34000,41000,47000,53000,95708,3367,11000.0,12016.120193839748,15.018099002190866,53038.58693499933,344.09024323985454
1693958907,565,,Aggregated,16.300000,1.300000,11000,16000,19000,21000,26000,29000,32000,34000,41000,47000,53000,95717,3367,11000.0,12017.91219115515,15.018099002190866,53038.58693499933,344.0854916054619
1693958908,565,,Aggregated,17.300000,1.600000,11000,16000,19000,21000,26000,29000,32000,34000,41000,47000,53000,95726,3371,11000.0,12019.327269184261,15.018099002190866,53038.58693499933,344.14052608486725
1693958909,565,,Aggregated,18.200000,1.800000,11000,16000,19000,21000,26000,29000,32000,34000,41000,47000,53000,95739,3372,11000.0,12021.988281918831,15.018099002190866,53038.58693499933,344.1486437084156
1693958910,565,,Aggregated,17.500000,1.900000,11000,16000,19000,21000,26000,29000,32000,34000,41000,47000,53000,95762,3376,11000.0,12025.638193340992,15.018099002190866,53038.58693499933,344.19629915833
1693958911,565,,Aggregated,16.300000,2.100000,11000,16000,19000,21000,26000,29000,32000,34000,41000,47000,53000,95779,3379,11000.0,12028.222260237855,15.018099002190866,53038.58693499933,344.23215945040147
1693958913,565,,Aggregated,17.900000,2.400000,11000,16000,19000,21000,26000,29000,32000,34000,41000,47000,53000,95794,3379,11000.0,12030.766205272777,15.018099002190866,53038.58693499933,344.22428335803914
1693958914,565,,Aggregated,18.600000,2.700000,11000,16000,19000,21000,26000,29000,32000,34000,41000,47000,53000,95805,3380,11000.0,12032.366658244133,15.018099002190866,53038.58693499933,344.2334116173477
1693958915,565,,Aggregated,18.400000,2.400000,11000,16000,19000,21000,26000,29000,32000,34000,41000,47000,53000,95830,3383,11000.0,12036.20667152794,15.018099002190866,53038.58693499933,344.26507356777626
1693958916,565,,Aggregated,15.800000,1.800000,11000,16000,19000,21000,26000,29000,32000,34000,41000,47000,53000,95838,3383,11000.0,12037.669201602668,15.018099002190866,53038.58693499933,344.2608777311714
1693958917,565,,Aggregated,15.800000,2.100000,11000,16000,19000,21000,26000,29000,32000,34000,41000,47000,53000,95852,3383,11000.0,12040.03757499493,15.018099002190866,53038.58693499933,344.25350540416474
1693958918,565,,Aggregated,14.700000,1.800000,11000,16000,19000,21000,26000,29000,32000,34000,41000,47000,53000,95865,3383,11000.0,12042.126919646906,15.018099002190866,53038.58693499933,344.24668022740315
1693958919,565,,Aggregated,13.100000,1.600000,11000,16000,19000,21000,26000,29000,32000,34000,41000,47000,53000,95878,3384,11000.0,12044.52641819279,15.018099002190866,53038.58693499933,344.25478211894284
1693958920,565,,Aggregated,14.100000,1.400000,11000,16000,19000,21000,26000,29000,32000,34000,41000,47000,53000,95889,3384,11000.0,12046.198760247302,15.018099002190866,53038.58693499933,344.2490066639552
1693958921,565,,Aggregated,14.300000,1.200000,11000,16000,19000,21000,26000,29000,32000,34000,41000,47000,53000,95903,3384,11000.0,12048.429816900572,15.018099002190866,53038.58693499933,344.241619136002
1693958922,565,,Aggregated,13.900000,1.100000,11000,16000,19000,21000,26000,29000,32000,34000,41000,47000,53000,95934,3387,11000.0,12053.335731715719,15.018099002190866,53038.58693499933,344.26996685221087
1693958923,565,,Aggregated,13.100000,0.800000,11000,16000,19000,21000,26000,29000,32000,34000,41000,47000,53000,95949,3389,11000.0,12055.784858450152,15.018099002190866,53038.58693499933,344.2919050745709
1693958924,565,,Aggregated,13.500000,0.800000,11000,16000,20000,21000,26000,29000,32000,34000,41000,47000,53000,95972,3393,11000.0,12059.245575882293,15.018099002190866,53038.58693499933,344.33943233443085
1693958925,565,,Aggregated,14.500000,0.800000,11000,16000,20000,21000,26000,29000,32000,34000,41000,47000,53000,95998,3393,11000.0,12063.471153784301,15.018099002190866,53038.58693499933,344.32574636971606
1693958926,565,,Aggregated,15.100000,1.000000,11000,16000,20000,21000,26000,29000,32000,34000,41000,47000,53000,96010,3394,11000.0,12065.057160245293,15.018099002190866,53038.58693499933,344.3342880949901
1693958928,570,,Aggregated,16.200000,1.000000,11000,16000,20000,21000,26000,29000,32000,34000,41000,47000,53000,96030,3398,11000.0,12068.119042880731,15.018099002190866,53038.58693499933,344.3833385400396
1693958929,570,,Aggregated,16.400000,1.100000,11000,16000,20000,21000,26000,29000,32000,34000,41000,47000,53000,96074,3402,11000.0,12074.86355618841,15.018099002190866,53038.58693499933,344.41972854258177
1693958930,570,,Aggregated,16.700000,1.500000,11000,16000,20000,21000,26000,29000,32000,34000,41000,47000,53000,96118,3406,11000.0,12080.636210510746,15.018099002190866,53038.58693499933,344.4560228053018
1693958931,570,,Aggregated,19.800000,1.800000,11000,16000,20000,21000,26000,29000,32000,34000,41000,47000,53000,96139,3408,11000.0,12082.656150234545,15.018099002190866,53038.58693499933,344.4747084949916
1693958932,570,,Aggregated,22.600000,2.200000,11000,16000,20000,21000,26000,29000,32000,34000,41000,47000,53000,96160,3412,11000.0,12085.133357957777,15.018099002190866,53038.58693499933,344.5231073211314
1693958933,570,,Aggregated,23.900000,2.400000,11000,16000,20000,21000,26000,29000,32000,34000,41000,47000,53000,96184,3412,11000.0,12088.003166709887,15.018099002190866,53038.58693499933,344.5104487232804
1693958934,570,,Aggregated,24.200000,2.500000,11000,16000,20000,21000,26000,29000,32000,34000,41000,47000,53000,96203,3413,11000.0,12090.399219666657,15.018099002190866,53038.58693499933,344.51528538611063
1693958935,570,,Aggregated,23.900000,2.500000,11000,16000,20000,21000,26000,29000,32000,34000,41000,47000,53000,96212,3413,11000.0,12091.525656143707,15.018099002190866,53038.58693499933,344.51054961959005
1693958936,570,,Aggregated,24.200000,2.300000,11000,16000,20000,21000,26000,29000,32000,34000,41000,47000,53000,96223,3413,11000.0,12092.91740583014,15.018099002190866,53038.58693499933,344.5047545805057
1693958937,570,,Aggregated,22.800000,2.000000,11000,16000,20000,21000,26000,29000,32000,34000,41000,47000,53000,96237,3414,11000.0,12094.77621162075,15.018099002190866,53038.58693499933,344.51226659185136
1693958938,570,,Aggregated,21.600000,2.000000,11000,16000,20000,21000,26000,29000,32000,34000,41000,47000,53000,96252,3415,11000.0,12096.71268030125,15.018099002190866,53038.58693499933,344.5192307692308
1693958939,570,,Aggregated,21.800000,2.000000,11000,16000,20000,21000,26000,29000,32000,34000,41000,47000,53000,96264,3415,11000.0,12098.064720832144,15.018099002190866,53038.58693499933,344.51285007894955
1693958940,570,,Aggregated,21.300000,1.600000,11000,16000,20000,21000,26000,29000,32000,34000,41000,47000,53000,96280,3416,11000.0,12100.117617745225,15.018099002190866,53038.58693499933,344.51927710843376
1693958941,570,,Aggregated,18.600000,1.400000,11000,16000,20000,21000,26000,29000,32000,34000,41000,47000,53000,96292,3418,11000.0,12101.845945844363,15.018099002190866,53038.58693499933,344.54267228845595
1693958943,570,,Aggregated,14.800000,0.800000,11000,16000,20000,21000,26000,29000,32000,34000,41000,47000,53000,96309,3419,11000.0,12104.107358534233,15.018099002190866,53038.58693499933,344.5485780145158
1693958944,570,,Aggregated,13.600000,0.600000,11000,16000,20000,21000,26000,29000,32000,34000,41000,47000,53000,96332,3422,11000.0,12106.936349952508,15.018099002190866,53038.58693499933,344.58100112112277
1693958945,570,,Aggregated,13.000000,0.700000,11000,16000,20000,21000,26000,29000,32000,34000,41000,47000,53000,96349,3424,11000.0,12109.331647033572,15.018099002190866,53038.58693499933,344.6017602673614
1693958946,570,,Aggregated,13.500000,0.900000,11000,16000,20000,21000,26000,29000,32000,34000,41000,47000,53000,96362,3424,11000.0,12111.438484697645,15.018099002190866,53038.58693499933,344.5948817998796
1693958947,570,,Aggregated,13.500000,1.100000,11000,16000,20000,21000,26000,29000,32000,34000,41000,47000,53000,96378,3425,11000.0,12113.821691474415,15.018099002190866,53038.58693499933,344.60125754840317
1693958948,570,,Aggregated,14.500000,1.100000,11000,16000,20000,21000,26000,29000,32000,34000,41000,47000,53000,96396,3425,11000.0,12116.599640432405,15.018099002190866,53038.58693499933,344.59179841487196
1693958949,570,,Aggregated,14.500000,1.100000,11000,16000,20000,21000,26000,29000,32000,34000,41000,47000,53000,96413,3427,11000.0,12118.888640814155,15.018099002190866,53038.58693499933,344.61251076099694
1693958950,570,,Aggregated,14.900000,1.100000,11000,16000,20000,21000,26000,29000,32000,34000,41000,47000,53000,96426,3427,11000.0,12120.72574412028,15.018099002190866,53038.58693499933,344.60564578018375
1693958951,570,,Aggregated,14.900000,1.000000,11000,16000,20000,21000,26000,29000,32000,34000,41000,47000,53000,96436,3427,11000.0,12122.232729983161,15.018099002190866,53038.58693499933,344.6003878219752
1693958952,570,,Aggregated,15.300000,1.200000,11000,16000,20000,21000,26000,29000,32000,34000,41000,47000,53000,96447,3427,11000.0,12123.918863251856,15.018099002190866,53038.58693499933,344.5946167325059
1693958953,570,,Aggregated,14.500000,1.100000,11000,16000,20000,21000,26000,29000,32000,34000,41000,47000,53000,96456,3427,11000.0,12125.359941792147,15.018099002190866,53038.58693499933,344.58987517624615
1693958954,570,,Aggregated,14.900000,0.900000,11000,16000,20000,21000,26000,29000,32000,34000,41000,47000,53000,96463,3427,11000.0,12126.476030742235,15.018099002190866,53038.58693499933,344.58619367011187
1693958955,570,,Aggregated,14.400000,0.800000,11000,16000,20000,21000,26000,29000,32000,34000,41000,47000,53000,96473,3430,11000.0,12127.967336998934,15.018099002190866,53038.58693499933,344.62540814528415
1693958956,570,,Aggregated,12.900000,0.500000,11000,16000,20000,21000,26000,29000,32000,34000,41000,47000,53000,96484,3431,11000.0,12129.761656518987,15.018099002190866,53038.58693499933,344.6344264333983
1693958958,570,,Aggregated,11.500000,0.600000,11000,16000,20000,21000,26000,29000,32000,34000,41000,47000,53000,96492,3432,11000.0,12130.74932928628,15.018099002190866,53038.58693499933,344.64501720349875
1693958959,570,,Aggregated,11.100000,0.600000,11000,16000,20000,21000,26000,29000,32000,34000,41000,47000,53000,96501,3433,11000.0,12132.168327057821,15.018099002190866,53038.58693499933,344.6550812944944
1693958960,570,,Aggregated,10.100000,0.700000,11000,16000,20000,21000,26000,29000,32000,34000,41000,47000,53000,96518,3438,11000.0,12134.569992625984,15.018099002190866,53038.58693499933,344.7202076296649
1693958961,570,,Aggregated,9.600000,0.800000,11000,16000,20000,22000,26000,29000,32000,34000,41000,47000,53000,96538,3438,11000.0,12137.992117968972,15.018099002190866,53038.58693499933,344.70962729702296
1693958962,570,,Aggregated,9.600000,1.000000,11000,16000,20000,22000,26000,29000,32000,34000,41000,47000,53000,96548,3438,11000.0,12139.684046650063,15.018099002190866,53038.58693499933,344.70435431080915
1693958963,570,,Aggregated,10.700000,1.100000,11000,17000,20000,22000,26000,29000,32000,34000,41000,47000,53000,96561,3439,11000.0,12141.761405723215,15.018099002190866,53038.58693499933,344.7123062105819
1693958964,570,,Aggregated,10.200000,1.100000,11000,17000,20000,22000,26000,29000,32000,34000,41000,47000,53000,96577,3441,11000.0,12144.368752557433,15.018099002190866,53038.58693499933,344.73350797809
1693958965,570,,Aggregated,10.700000,1.200000,11000,17000,20000,22000,26000,29000,32000,34000,41000,47000,53000,96602,3443,11000.0,12149.009534445151,15.018099002190866,53038.58693499933,344.7499120101033
1693958966,570,,Aggregated,10.700000,1.300000,11000,17000,20000,22000,26000,29000,32000,34000,41000,47000,53000,96631,3445,11000.0,12154.3949388259,15.018099002190866,53038.58693499933,344.7641854063396
1693958967,570,,Aggregated,12.300000,1.500000,11000,17000,20000,22000,26000,29000,32000,34000,41000,47000,53000,96669,3452,11000.0,12160.58711235205,15.018099002190866,53038.58693499933,344.8477381580445
1693958968,570,,Aggregated,13.600000,1.300000,11000,17000,20000,22000,26000,29000,32000,34000,41000,47000,53000,96688,3452,11000.0,12163.960156853376,15.018099002190866,53038.58693499933,344.8377358100281
1693958969,570,,Aggregated,16.800000,1.900000,11000,17000,20000,22000,26000,29000,32000,34000,41000,47000,53000,96711,3455,11000.0,12167.893253207933,15.018099002190866,53038.58693499933,344.8699837660659
1693958970,570,,Aggregated,18.100000,2.000000,11000,17000,20000,22000,26000,29000,32000,35000,41000,47000,53000,96735,3456,11000.0,12172.590697308147,15.018099002190866,53038.58693499933,344.8720835271618
1693958972,570,,Aggregated,19.000000,2.100000,11000,17000,20000,22000,26000,29000,32000,35000,41000,47000,53000,96750,3456,11000.0,12175.319630125743,15.018099002190866,53038.58693499933,344.86418604651163
1693958973,570,,Aggregated,20.100000,1.800000,11000,17000,20000,22000,26000,29000,32000,35000,41000,47000,53000,96768,3458,11000.0,12178.685158638571,15.018099002190866,53038.58693499933,344.88424892526456
1693958974,570,,Aggregated,20.700000,1.800000,11000,17000,20000,22000,26000,29000,32000,35000,41000,47000,53000,96787,3459,11000.0,12182.318907272029,15.018099002190866,53038.58693499933,344.8889830245798
1693958975,570,,Aggregated,20.800000,1.900000,11000,17000,20000,22000,26000,29000,32000,35000,41000,47000,53000,96804,3459,11000.0,12185.835661778858,15.018099002190866,53038.58693499933,344.88001528862446
1693958976,570,,Aggregated,21.800000,1.800000,11000,17000,20000,22000,26000,29000,32000,35000,41000,47000,53000,96816,3460,11000.0,12187.968284825873,15.018099002190866,53038.58693499933,344.888458519253
1693958977,570,,Aggregated,21.100000,1.700000,11000,17000,20000,22000,26000,29000,32000,35000,41000,47000,53000,96834,3461,11000.0,12191.548986860718,15.018099002190866,53038.58693499933,344.8937356713551
1693958978,570,,Aggregated,20.200000,1.600000,11000,17000,20000,22000,26000,29000,32000,35000,41000,47000,53000,96850,3461,11000.0,12194.827590766577,15.018099002190866,53038.58693499933,344.8853278265359
1693958979,570,,Aggregated,17.600000,1.000000,11000,17000,20000,22000,26000,29000,32000,35000,41000,47000,53000,96865,3462,11000.0,12197.469019288817,15.018099002190866,53038.58693499933,344.89219016156505
1693958980,570,,Aggregated,17.400000,0.900000,11000,17000,20000,22000,26000,29000,32000,35000,41000,47000,53000,96876,3462,11000.0,12199.564853364924,15.018099002190866,53038.58693499933,344.8863598827367
1693958981,570,,Aggregated,16.800000,0.700000,11000,17000,20000,22000,26000,29000,32000,35000,41000,47000,53000,96890,3462,11000.0,12202.14545333535,15.018099002190866,53038.58693499933,344.8789761585303
1693958982,570,,Aggregated,15.300000,0.700000,11000,17000,20000,22000,26000,29000,32000,35000,41000,47000,53000,96899,3462,11000.0,12203.930399753548,15.018099002190866,53038.58693499933,344.87421954818933
1693958983,570,,Aggregated,14.600000,0.600000,11000,17000,20000,22000,26000,29000,32000,35000,41000,47000,53000,96915,3464,11000.0,12207.03050761497,15.018099002190866,53038.58693499933,344.8952793685188
1693958984,570,,Aggregated,14.100000,0.600000,11000,17000,20000,22000,26000,29000,32000,35000,41000,47000,53000,96938,3465,11000.0,12211.201831029333,15.018099002190866,53038.58693499933,344.89793476242545
1693958985,570,,Aggregated,13.800000,0.500000,11000,17000,20000,22000,26000,29000,32000,35000,41000,47000,53000,96951,3466,11000.0,12213.626877757903,15.018099002190866,53038.58693499933,344.9058080886221
1693958986,570,,Aggregated,13.500000,0.600000,11000,17000,20000,22000,26000,29000,32000,35000,41000,47000,53000,96958,3466,11000.0,12214.95134118926,15.018099002190866,53038.58693499933,344.9021225685348
1693958988,575,,Aggregated,14.100000,0.600000,11000,17000,20000,22000,26000,29000,32000,35000,41000,47000,53000,96973,3467,11000.0,12217.884907501166,15.018099002190866,53038.58693499933,344.9089849751993
1693958989,575,,Aggregated,13.000000,0.600000,11000,17000,20000,22000,26000,29000,32000,35000,41000,47000,53000,96984,3467,11000.0,12219.832489737033,15.018099002190866,53038.58693499933,344.9031799059639
1693958990,575,,Aggregated,12.700000,0.600000,11000,17000,20000,22000,26000,29000,32000,35000,41000,47000,53000,96997,3469,11000.0,12221.971905315744,15.018099002190866,53038.58693499933,344.92581213851975
1693958991,575,,Aggregated,12.500000,0.600000,11000,17000,20000,22000,26000,29000,32000,35000,41000,47000,53000,97015,3470,11000.0,12225.627621933332,15.018099002190866,53038.58693499933,344.931082822244
1693958992,575,,Aggregated,12.300000,0.600000,11000,17000,20000,22000,26000,29000,32000,35000,41000,47000,53000,97024,3474,11000.0,12227.09968925429,15.018099002190866,53038.58693499933,344.98531291226914
1693958993,575,,Aggregated,12.900000,0.800000,11000,17000,20000,22000,26000,29000,33000,35000,41000,47000,53000,97043,3479,11000.0,12230.625354529597,15.018099002190866,53038.58693499933,345.0489885926857
1693958994,575,,Aggregated,13.000000,1.100000,11000,17000,20000,22000,26000,29000,33000,35000,41000,47000,53000,97057,3480,11000.0,12232.989783823921,15.018099002190866,53038.58693499933,345.05631742172125
1693958995,575,,Aggregated,13.100000,1.200000,11000,17000,20000,22000,26000,29000,33000,35000,41000,47000,53000,97070,3482,11000.0,12235.751916275742,15.018099002190866,53038.58693499933,345.07891212527045
1693958996,575,,Aggregated,13.100000,1.600000,11000,17000,20000,22000,26000,29000,33000,35000,41000,47000,53000,97083,3484,11000.0,12237.719555351261,15.018099002190866,53038.58693499933,345.10153167907873
1693958997,575,,Aggregated,12.100000,1.600000,11000,17000,20000,22000,26000,29000,33000,35000,41000,47000,53000,97097,3484,11000.0,12240.052562568539,15.018099002190866,53038.58693499933,345.0941223724729
1693958998,575,,Aggregated,12.300000,1.800000,11000,17000,20000,22000,26000,29000,33000,35000,41000,47000,53000,97112,3485,11000.0,12242.441357054537,15.018099002190866,53038.58693499933,345.10092470549466
1693958999,575,,Aggregated,12.900000,1.800000,11000,17000,20000,22000,26000,29000,33000,35000,41000,47000,53000,97134,3485,11000.0,12246.64669247942,15.018099002190866,53038.58693499933,345.0893302036362
1693959000,575,,Aggregated,12.700000,1.700000,11000,17000,20000,22000,26000,29000,33000,35000,41000,47000,53000,97152,3486,11000.0,12249.308203445384,15.018099002190866,53038.58693499933,345.0945322793149
1693959001,575,,Aggregated,13.400000,1.800000,11000,17000,20000,22000,26000,29000,33000,35000,41000,47000,53000,97170,3489,11000.0,12252.496710516583,15.018099002190866,53038.58693499933,345.12919625398786
1693959003,575,,Aggregated,14.500000,1.700000,11000,17000,20000,22000,26000,29000,33000,35000,41000,47000,53000,97187,3492,11000.0,12254.850313004003,15.018099002190866,53038.58693499933,345.16438412544886
1693959004,575,,Aggregated,14.900000,1.600000,11000,17000,20000,22000,26000,29000,33000,35000,41000,47000,53000,97207,3495,11000.0,12258.156654360388,15.018099002190866,53038.58693499933,345.1979589947226
1693959005,575,,Aggregated,15.200000,1.700000,11000,17000,20000,22000,26000,29000,33000,35000,41000,47000,53000,97230,3497,11000.0,12262.1609154003,15.018099002190866,53038.58693499933,345.2152113545202
1693959006,575,,Aggregated,15.200000,1.500000,11000,17000,20000,22000,26000,29000,33000,35000,41000,47000,53000,97255,3502,11000.0,12266.42706489314,15.018099002190866,53038.58693499933,345.2754922626086
1693959007,575,,Aggregated,16.600000,1.600000,11000,17000,20000,22000,26000,29000,33000,35000,41000,47000,53000,97269,3502,11000.0,12268.942512008894,15.018099002190866,53038.58693499933,345.26809158107926
1693959008,575,,Aggregated,17.100000,1.600000,11000,17000,20000,22000,26000,29000,33000,35000,41000,47000,53000,97285,3503,11000.0,12271.952784018134,15.018099002190866,53038.58693499933,345.2743382844221
1693959009,575,,Aggregated,17.700000,1.800000,11000,17000,20000,22000,26000,29000,33000,35000,41000,47000,53000,97297,3505,11000.0,12274.145067502772,15.018099002190866,53038.58693499933,345.2974089643052
1693959010,575,,Aggregated,17.600000,1.900000,11000,17000,20000,22000,26000,29000,33000,35000,41000,47000,53000,97317,3506,11000.0,12278.141128446634,15.018099002190866,53038.58693499933,345.30153005127573
1693959011,575,,Aggregated,17.700000,2.000000,11000,17000,20000,22000,26000,29000,33000,35000,41000,47000,53000,97333,3508,11000.0,12281.006132884115,15.018099002190866,53038.58693499933,345.3224497344169
1693959012,575,,Aggregated,16.800000,2.100000,11000,17000,20000,22000,26000,29000,33000,35000,41000,47000,53000,97348,3509,11000.0,12284.1244865665,15.018099002190866,53038.58693499933,345.3291901220364
1693959013,575,,Aggregated,17.000000,2.000000,11000,17000,20000,22000,26000,29000,33000,35000,41000,47000,53000,97358,3510,11000.0,12286.134852914189,15.018099002190866,53038.58693499933,345.3385648842417
1693959014,575,,Aggregated,16.600000,1.900000,11000,17000,20000,22000,26000,29000,33000,35000,41000,47000,53000,97370,3511,11000.0,12288.266802267195,15.018099002190866,53038.58693499933,345.34685221320734
1693959015,575,,Aggregated,16.200000,1.700000,11000,17000,20000,22000,26000,29000,33000,35000,41000,47000,53000,97384,3511,11000.0,12291.003074313947,15.018099002190866,53038.58693499933,345.33945001232235
1693959017,575,,Aggregated,15.600000,1.500000,11000,17000,20000,22000,26000,29000,33000,35000,41000,47000,53000,97404,3514,11000.0,12294.804175380525,15.018099002190866,53038.58693499933,345.3729004968995
1693959018,575,,Aggregated,13.800000,1.100000,11000,17000,20000,22000,26000,29000,33000,35000,41000,47000,53000,97425,3514,11000.0,12299.783603517653,15.018099002190866,53038.58693499933,345.36175519630484
1693959019,575,,Aggregated,14.000000,1.200000,11000,17000,20000,22000,26000,29000,33000,35000,41000,47000,53000,97439,3514,11000.0,12302.563079802363,15.018099002190866,53038.58693499933,345.35435503237926
1693959020,575,,Aggregated,14.800000,1.100000,11000,17000,20000,22000,26000,29000,33000,35000,41000,47000,53000,97454,3515,11000.0,12305.359458049408,15.018099002190866,53038.58693499933,345.36108317770436
1693959021,575,,Aggregated,14.400000,0.900000,11000,17000,20000,22000,26000,29000,33000,35000,41000,47000,53000,97470,3515,11000.0,12308.798872993097,15.018099002190866,53038.58693499933,345.35263157894735
1693959022,575,,Aggregated,14.400000,0.900000,11000,17000,20000,22000,26000,29000,33000,35000,41000,47000,53000,97484,3517,11000.0,12311.700541250055,15.018099002190866,53038.58693499933,345.3745948053014
1693959023,575,,Aggregated,14.400000,0.900000,11000,17000,20000,22000,26000,29000,33000,35000,41000,47000,53000,97502,3520,11000.0,12315.415432302776,15.018099002190866,53038.58693499933,345.4090685319276
1693959024,575,,Aggregated,14.300000,0.800000,11000,17000,20000,22000,26000,29000,33000,35000,41000,47000,53000,97517,3520,11000.0,12318.238624877878,15.018099002190866,53038.58693499933,345.4011505686188
1693959025,575,,Aggregated,14.600000,0.900000,11000,17000,20000,22000,26000,29000,33000,35000,41000,47000,53000,97529,3521,11000.0,12320.760892354656,15.018099002190866,53038.58693499933,345.40947820648216
1693959026,575,,Aggregated,15.000000,1.000000,11000,17000,20000,22000,26000,29000,33000,35000,41000,47000,53000,97542,3524,11000.0,12322.969332923152,15.018099002190866,53038.58693499933,345.4465768591991
1693959027,575,,Aggregated,14.900000,0.900000,11000,17000,20000,22000,26000,29000,33000,35000,41000,47000,53000,97558,3527,11000.0,12325.814667484625,15.018099002190866,53038.58693499933,345.48209270382745
1693959028,575,,Aggregated,15.000000,1.100000,11000,17000,20000,22000,26000,29000,33000,35000,41000,47000,53000,97578,3528,11000.0,12329.702208080244,15.018099002190866,53038.58693499933,345.4861444177991
1693959029,575,,Aggregated,14.500000,1.100000,11000,17000,20000,22000,26000,29000,33000,35000,41000,47000,53000,97606,3531,11000.0,12334.75348238856,15.018099002190866,53038.58693499933,345.5152859455361
1693959030,575,,Aggregated,13.800000,1.300000,11000,17000,20000,22000,26000,29000,33000,35000,41000,47000,53000,97622,3532,11000.0,12337.327251318738,15.018099002190866,53038.58693499933,345.5214398393805
1693959032,575,,Aggregated,15.800000,1.600000,11000,17000,20000,22000,26000,29000,33000,35000,41000,47000,53000,97643,3534,11000.0,12340.677018441986,15.018099002190866,53038.58693499933,345.53960857409135
1693959033,575,,Aggregated,15.600000,1.700000,11000,17000,20000,22000,26000,29000,33000,35000,41000,47000,53000,97666,3538,11000.0,12344.326520484643,15.018099002190866,53038.58693499933,345.58602789097534
1693959034,575,,Aggregated,16.300000,1.800000,11000,17000,20000,22000,26000,29000,33000,35000,41000,47000,53000,97682,3541,11000.0,12346.800761249842,15.018099002190866,53038.58693499933,345.62146557195797
1693959035,575,,Aggregated,16.800000,2.000000,11000,17000,20000,22000,26000,29000,33000,35000,41000,47000,53000,97720,3546,11000.0,12352.585492317507,15.018099002190866,53038.58693499933,345.67449856733526
1693959036,575,,Aggregated,17.000000,2.000000,11000,17000,20000,22000,26000,29000,33000,35000,41000,47000,53000,97732,3547,11000.0,12354.47967068971,15.018099002190866,53038.58693499933,345.68276511275735
1693959037,575,,Aggregated,19.000000,2.400000,11000,17000,20000,22000,26000,29000,33000,35000,41000,47000,53000,97753,3549,11000.0,12357.70865180282,15.018099002190866,53038.58693499933,345.70083782594907
1693959038,575,,Aggregated,19.500000,2.500000,11000,17000,20000,22000,26000,29000,33000,35000,41000,47000,53000,97766,3552,11000.0,12359.61579859186,15.018099002190866,53038.58693499933,345.73784342204857
1693959039,575,,Aggregated,19.500000,2.200000,11000,17000,20000,22000,26000,29000,33000,35000,41000,47000,53000,97789,3556,11000.0,12363.515340160164,15.018099002190866,53038.58693499933,345.7841577273517
1693959040,575,,Aggregated,20.000000,2.400000,11000,17000,20000,22000,26000,29000,33000,35000,41000,47000,53000,97805,3557,11000.0,12365.931718660295,15.018099002190866,53038.58693499933,345.79026634630134
1693959041,575,,Aggregated,19.800000,2.600000,11000,17000,20000,22000,26000,29000,33000,35000,41000,47000,53000,97823,3559,11000.0,12368.850960332049,15.018099002190866,53038.58693499933,345.809932224528
1693959042,575,,Aggregated,19.000000,2.600000,11000,17000,20000,22000,26000,29000,33000,35000,41000,47000,53000,97838,3561,11000.0,12371.161441541139,15.018099002190866,53038.58693499933,345.8312107769987
1693959043,575,,Aggregated,19.000000,2.600000,11000,17000,20000,22000,26000,29000,33000,35000,41000,47000,53000,97854,3562,11000.0,12374.038231363646,15.018099002190866,53038.58693499933,345.8373188627956
1693959044,575,,Aggregated,18.400000,2.500000,11000,17000,20000,22000,26000,29000,33000,35000,41000,47000,53000,97864,3563,11000.0,12375.583010792498,15.018099002190866,53038.58693499933,345.84662388620944
1693959045,575,,Aggregated,17.600000,2.300000,11000,17000,20000,22000,26000,29000,33000,35000,41000,47000,53000,97883,3564,11000.0,12378.562631938199,15.018099002190866,53038.58693499933,345.8511283879734
1693959047,575,,Aggregated,15.600000,2.000000,11000,17000,20000,22000,26000,29000,33000,35000,41000,47000,53000,97899,3564,11000.0,12381.608700707331,15.018099002190866,53038.58693499933,345.84263373476745
1693959048,580,,Aggregated,15.400000,1.700000,11000,17000,20000,22000,26000,29000,33000,35000,41000,47000,53000,97914,3564,11000.0,12384.018805476418,15.018099002190866,53038.58693499933,345.8346712421104
1693959049,580,,Aggregated,15.400000,1.700000,11000,17000,20000,22000,26000,29000,33000,35000,41000,47000,53000,97926,3565,11000.0,12385.999894270533,15.018099002190866,53038.58693499933,345.84292220656414
1693959050,580,,Aggregated,15.100000,1.300000,11000,17000,20000,22000,26000,29000,33000,35000,41000,47000,53000,97934,3565,11000.0,12387.40611971783,15.018099002190866,53038.58693499933,345.8386566463128
1693959051,580,,Aggregated,14.400000,1.100000,11000,17000,20000,22000,26000,29000,33000,35000,41000,47000,53000,97948,3565,11000.0,12389.87376243456,15.018099002190866,53038.58693499933,345.8311859353943
1693959052,580,,Aggregated,13.400000,0.800000,11000,17000,20000,22000,26000,29000,33000,35000,41000,47000,53000,97959,3565,11000.0,12391.944154633195,15.018099002190866,53038.58693499933,345.82533508917
1693959053,580,,Aggregated,13.300000,0.700000,11000,17000,20000,22000,26000,29000,33000,35000,41000,47000,53000,97971,3566,11000.0,12393.982803023413,15.018099002190866,53038.58693499933,345.8335527860285
1693959054,580,,Aggregated,12.700000,0.600000,11000,17000,20000,22000,26000,29000,33000,35000,41000,47000,53000,97986,3566,11000.0,12396.638130441695,15.018099002190866,53038.58693499933,345.8255873288021
1693959055,580,,Aggregated,12.800000,0.400000,11000,17000,20000,22000,26000,29000,33000,35000,41000,47000,53000,98000,3567,11000.0,12399.037589963576,15.018099002190866,53038.58693499933,345.8327142857143
1693959056,580,,Aggregated,12.300000,0.300000,11000,17000,20000,22000,26000,29000,33000,35000,41000,47000,53000,98015,3569,11000.0,12401.63371479128,15.018099002190866,53038.58693499933,345.8539407233587
1693959057,580,,Aggregated,12.400000,0.300000,11000,17000,20000,22000,26000,29000,33000,35000,41000,47000,53000,98025,3569,11000.0,12403.390365234984,15.018099002190866,53038.58693499933,345.84861004845703
1693959058,580,,Aggregated,12.400000,0.400000,11000,17000,20000,22000,26000,29000,33000,35000,41000,47000,53000,98039,3570,11000.0,12405.626364697317,15.018099002190866,53038.58693499933,345.8557716826977
1693959059,580,,Aggregated,12.000000,0.500000,11000,17000,20000,22000,26000,29000,33000,35000,41000,47000,53000,98053,3571,11000.0,12408.218956745575,15.018099002190866,53038.58693499933,345.86294147042923
1693959061,580,,Aggregated,11.300000,0.500000,11000,17000,20000,22000,26000,29000,33000,35000,41000,47000,53000,98068,3572,11000.0,12410.873406302459,15.018099002190866,53038.58693499933,345.86957009422036
1693959062,580,,Aggregated,12.200000,0.600000,11000,17000,20000,22000,26000,29000,33000,35000,41000,47000,53000,98078,3572,11000.0,12412.44037106224,15.018099002190866,53038.58693499933,345.86425090234303
1693959063,580,,Aggregated,12.300000,0.700000,11000,17000,20000,22000,26000,29000,33000,35000,41000,47000,53000,98097,3573,11000.0,12415.891612760593,15.018099002190866,53038.58693499933,345.86875235736056
1693959064,580,,Aggregated,12.400000,0.700000,11000,17000,20000,22000,26000,30000,33000,35000,41000,47000,53000,98115,3573,11000.0,12419.533724867591,15.018099002190866,53038.58693499933,345.85921622585744
1693959065,580,,Aggregated,12.900000,0.800000,11000,17000,20000,22000,26000,30000,33000,35000,41000,47000,53000,98125,3575,11000.0,12421.067871755455,15.018099002190866,53038.58693499933,345.88305732484076
1693959066,580,,Aggregated,13.300000,0.700000,11000,17000,20000,22000,26000,30000,33000,35000,41000,47000,53000,98145,3577,11000.0,12424.525578484207,15.018099002190866,53038.58693499933,345.9015334454124
1693959067,580,,Aggregated,13.000000,0.700000,11000,17000,20000,22000,26000,30000,33000,35000,41000,47000,53000,98160,3580,11000.0,12426.893218674342,15.018099002190866,53038.58693499933,345.9372758761206
1693959068,580,,Aggregated,12.900000,0.800000,11000,17000,20000,22000,26000,30000,33000,35000,41000,47000,53000,98179,3583,11000.0,12429.884767931993,15.018099002190866,53038.58693499933,345.97086953421814
1693959069,580,,Aggregated,13.900000,1.000000,11000,17000,20000,22000,26000,30000,33000,35000,41000,47000,53000,98200,3584,11000.0,12433.637806709261,15.018099002190866,53038.58693499933,345.97429735234215
1693959070,580,,Aggregated,14.400000,1.300000,11000,17000,20000,22000,26000,30000,33000,35000,41000,47000,53000,98214,3584,11000.0,12436.197743729705,15.018099002190866,53038.58693499933,345.9668173580141
1693959071,580,,Aggregated,14.400000,1.300000,11000,17000,20000,22000,26000,30000,33000,35000,41000,47000,53000,98225,3587,11000.0,12438.249644691019,15.018099002190866,53038.58693499933,346.0046627640621
1693959072,580,,Aggregated,15.700000,1.300000,11000,17000,20000,22000,26000,30000,33000,35000,41000,47000,53000,98240,3587,11000.0,12441.292178973768,15.018099002190866,53038.58693499933,345.9966815960912
1693959073,580,,Aggregated,15.000000,1.200000,11000,17000,20000,22000,26000,30000,33000,35000,41000,47000,53000,98251,3589,11000.0,12443.337937125752,15.018099002190866,53038.58693499933,346.0199590843859
1693959074,580,,Aggregated,15.100000,1.500000,11000,17000,20000,22000,26000,30000,33000,35000,41000,47000,53000,98272,3591,11000.0,12447.561313168615,15.018099002190866,53038.58693499933,346.03788464669486
1693959075,580,,Aggregated,14.600000,1.400000,11000,17000,20000,22000,26000,30000,33000,35000,41000,47000,53000,98287,3591,11000.0,12450.59660638117,15.018099002190866,53038.58693499933,346.02988187654523
1693959077,580,,Aggregated,15.200000,1.700000,11000,17000,20000,22000,26000,30000,33000,35000,41000,47000,53000,98307,3593,11000.0,12454.714193274223,15.018099002190866,53038.58693499933,346.04833836858006
1693959078,580,,Aggregated,15.100000,1.500000,11000,17000,20000,22000,26000,30000,33000,35000,41000,47000,53000,98323,3593,11000.0,12457.878309316193,15.018099002190866,53038.58693499933,346.03982791411977
1693959079,580,,Aggregated,14.800000,1.400000,11000,17000,20000,22000,26000,30000,33000,35000,42000,47000,53000,98350,3595,11000.0,12463.428937867986,15.018099002190866,53038.58693499933,346.0545805795628
1693959080,580,,Aggregated,15.100000,1.100000,11000,17000,20000,22000,26000,30000,33000,35000,42000,47000,53000,98360,3595,11000.0,12465.704598980943,15.018099002190866,53038.58693499933,346.04928832858883
1693959081,580,,Aggregated,16.000000,1.100000,11000,17000,20000,22000,26000,30000,33000,35000,42000,47000,53000,98373,3596,11000.0,12468.538026285905,15.018099002190866,53038.58693499933,346.0569058583148
1693959082,580,,Aggregated,14.900000,1.100000,11000,17000,20000,22000,26000,30000,33000,35000,42000,47000,53000,98395,3598,11000.0,12473.421228123103,15.018099002190866,53038.58693499933,346.07431271914226
1693959083,580,,Aggregated,14.900000,1.100000,11000,17000,20000,22000,26000,30000,33000,35000,42000,47000,53000,98413,3599,11000.0,12477.321607074187,15.018099002190866,53038.58693499933,346.0793086279252
1693959084,580,,Aggregated,15.600000,0.900000,11000,17000,20000,22000,26000,30000,33000,35000,42000,47000,53000,98428,3599,11000.0,12480.728698781808,15.018099002190866,53038.58693499933,346.0713313284838
1693959085,580,,Aggregated,16.400000,1.100000,11000,17000,20000,22000,26000,30000,33000,35000,42000,47000,53000,98439,3599,11000.0,12483.323596826664,15.018099002190866,53038.58693499933,346.06547201820416
1693959086,580,,Aggregated,16.700000,1.000000,11000,17000,20000,22000,26000,30000,33000,35000,42000,48000,53000,98452,3599,11000.0,12486.333309498476,15.018099002190866,53038.58693499933,346.05858692560844
1693959087,580,,Aggregated,15.800000,0.800000,11000,17000,20000,22000,26000,30000,33000,35000,42000,48000,53000,98464,3600,11000.0,12488.850016964014,15.018099002190866,53038.58693499933,346.06675536236594
1693959088,580,,Aggregated,15.700000,0.800000,11000,17000,20000,22000,26000,30000,33000,35000,42000,48000,53000,98479,3601,11000.0,12492.187218572453,15.018099002190866,53038.58693499933,346.07334558636865
1693959089,580,,Aggregated,14.800000,0.600000,11000,17000,20000,22000,26000,30000,33000,35000,42000,48000,53000,98488,3601,11000.0,12494.012670558977,15.018099002190866,53038.58693499933,346.0685768824628
1693959091,580,,Aggregated,14.800000,0.800000,11000,17000,20000,22000,26000,30000,33000,35000,42000,48000,53000,98498,3601,11000.0,12496.396451234496,15.018099002190866,53038.58693499933,346.06328047269994
1693959092,580,,Aggregated,12.900000,0.600000,11000,17000,20000,22000,26000,30000,33000,35000,42000,48000,53000,98512,3601,11000.0,12499.729546787185,15.018099002190866,53038.58693499933,346.0558409127822
1693959093,580,,Aggregated,13.100000,0.600000,11000,17000,20000,22000,26000,30000,33000,36000,42000,48000,53000,98542,3603,11000.0,12505.389159931987,15.018099002190866,53038.58693499933,346.06893507336974
1693959094,580,,Aggregated,12.500000,0.500000,11000,17000,20000,22000,26000,30000,33000,36000,42000,48000,53000,98558,3604,11000.0,12508.778663814972,15.018099002190866,53038.58693499933,346.0749507903975
1693959095,580,,Aggregated,13.200000,0.500000,11000,17000,20000,22000,26000,30000,33000,36000,42000,48000,53000,98572,3605,11000.0,12511.426356721087,15.018099002190866,53038.58693499933,346.082051698251
1693959096,580,,Aggregated,13.400000,0.500000,11000,17000,20000,22000,26000,30000,33000,36000,42000,48000,53000,98588,3607,11000.0,12514.40057652267,15.018099002190866,53038.58693499933,346.1025581206638
1693959097,580,,Aggregated,13.500000,0.600000,11000,17000,20000,22000,26000,30000,33000,36000,42000,48000,53000,98599,3609,11000.0,12516.60670401659,15.018099002190866,53038.58693499933,346.1257112141097
1693959098,580,,Aggregated,13.900000,0.800000,11000,17000,20000,22000,26000,30000,33000,36000,42000,48000,53000,98616,3611,11000.0,12519.745520069257,15.018099002190866,53038.58693499933,346.1456862983694
1693959099,580,,Aggregated,14.100000,1.000000,11000,17000,20000,22000,26000,30000,33000,36000,42000,48000,53000,98632,3611,11000.0,12522.229952175932,15.018099002190866,53038.58693499933,346.1372069916457
1693959100,580,,Aggregated,14.000000,1.000000,11000,17000,20000,22000,26000,30000,33000,36000,42000,48000,53000,98649,3611,11000.0,12525.91114043404,15.018099002190866,53038.58693499933,346.12817159829297
1693959101,580,,Aggregated,14.100000,1.000000,11000,17000,20000,22000,26000,30000,33000,36000,42000,48000,53000,98662,3612,11000.0,12528.378580433387,15.018099002190866,53038.58693499933,346.13576655652633
1693959102,580,,Aggregated,15.200000,1.000000,11000,17000,20000,22000,26000,30000,33000,36000,42000,48000,53000,98678,3616,11000.0,12531.332496125176,15.018099002190866,53038.58693499933,346.1852388576988
1693959103,580,,Aggregated,15.400000,1.000000,11000,17000,20000,22000,27000,30000,33000,36000,42000,48000,53000,98686,3616,11000.0,12532.806720610455,15.018099002190866,53038.58693499933,346.1809881847476
1693959104,580,,Aggregated,15.500000,1.100000,11000,17000,20000,22000,27000,30000,33000,36000,42000,48000,53000,98709,3619,11000.0,12536.762613972181,15.018099002190866,53038.58693499933,346.21224001864067
1693959106,580,,Aggregated,13.200000,1.200000,11000,17000,20000,22000,27000,30000,33000,36000,42000,48000,53000,98726,3620,11000.0,12540.502219019098,15.018099002190866,53038.58693499933,346.2177136721836
1693959107,580,,Aggregated,14.300000,1.400000,11000,17000,20000,22000,27000,30000,33000,36000,42000,48000,53000,98740,3622,11000.0,12542.610967347671,15.018099002190866,53038.58693499933,346.2392039700223
1693959108,585,,Aggregated,14.200000,1.300000,11000,17000,20000,22000,27000,30000,33000,36000,42000,48000,53000,98753,3623,11000.0,12545.0396275315,15.018099002190866,53038.58693499933,346.2467773130943
1693959109,585,,Aggregated,14.500000,1.300000,11000,17000,20000,22000,27000,30000,33000,36000,42000,48000,53000,98770,3626,11000.0,12548.10261259361,15.018099002190866,53038.58693499933,346.28113799736764
1693959110,585,,Aggregated,14.100000,1.200000,11000,17000,20000,22000,27000,30000,33000,36000,42000,48000,53000,98784,3626,11000.0,12550.751744014135,15.018099002190866,53038.58693499933,346.2736981697441
1693959111,585,,Aggregated,13.900000,1.400000,11000,17000,20000,22000,27000,30000,33000,36000,42000,48000,53000,98801,3628,11000.0,12554.108800638862,15.018099002190866,53038.58693499933,346.2936002672038
1693959112,585,,Aggregated,14.100000,1.500000,11000,17000,20000,22000,27000,30000,33000,36000,42000,48000,53000,98823,3629,11000.0,12558.607243356964,15.018099002190866,53038.58693499933,346.2963581352519
1693959113,585,,Aggregated,14.200000,1.700000,12000,17000,20000,22000,27000,30000,33000,36000,42000,48000,53000,98845,3631,12000.0,12562.984674614787,15.018099002190866,53038.58693499933,346.31361222115436
1693959114,585,,Aggregated,15.000000,1.700000,12000,17000,20000,22000,27000,30000,33000,36000,42000,48000,53000,98862,3633,12000.0,12566.134454508223,15.018099002190866,53038.58693499933,346.33353563553237
1693959115,585,,Aggregated,15.700000,1.500000,12000,17000,20000,22000,27000,30000,33000,36000,42000,48000,53000,98879,3635,12000.0,12569.394242622368,15.018099002190866,53038.58693499933,346.3533915189272
1693959116,585,,Aggregated,16.600000,1.600000,12000,17000,20000,22000,27000,30000,33000,36000,42000,48000,53000,98901,3637,12000.0,12573.644692007018,15.018099002190866,53038.58693499933,346.37063325952215
1693959117,585,,Aggregated,16.000000,1.600000,12000,17000,20000,22000,27000,30000,33000,36000,42000,48000,53000,98917,3639,12000.0,12576.358042352029,15.018099002190866,53038.58693499933,346.3910652365114
1693959118,585,,Aggregated,16.000000,1.500000,12000,17000,20000,22000,27000,30000,33000,36000,42000,48000,53000,98929,3639,12000.0,12578.78196126174,15.018099002190866,53038.58693499933,346.3846799219642
1693959119,585,,Aggregated,16.500000,1.600000,12000,17000,20000,22000,27000,30000,33000,36000,42000,48000,53000,98945,3639,12000.0,12581.740668214192,15.018099002190866,53038.58693499933,346.3761786851281
1693959121,585,,Aggregated,16.800000,1.600000,12000,17000,20000,22000,27000,30000,33000,36000,42000,48000,53000,98956,3640,12000.0,12583.806965505093,15.018099002190866,53038.58693499933,346.38477707263837
1693959122,585,,Aggregated,16.400000,1.300000,12000,17000,20000,22000,27000,30000,33000,36000,42000,48000,53000,98976,3640,12000.0,12587.927214879548,15.018099002190866,53038.58693499933,346.37416141286775
1693959123,585,,Aggregated,16.200000,1.200000,12000,17000,20000,22000,27000,30000,33000,36000,42000,48000,53000,98993,3641,12000.0,12591.395843686387,15.018099002190866,53038.58693499933,346.37958239471476
1693959124,585,,Aggregated,15.800000,1.100000,12000,17000,20000,22000,27000,30000,34000,36000,42000,49000,53000,99007,3643,12000.0,12594.269202557276,15.018099002190866,53170.69861799973,346.40103225024495
1693959125,585,,Aggregated,15.400000,1.000000,12000,17000,20000,22000,27000,30000,34000,36000,42000,49000,53000,99016,3644,12000.0,12595.899376098581,15.018099002190866,53170.69861799973,346.4107114001778
1693959126,585,,Aggregated,15.000000,1.000000,12000,17000,20000,22000,27000,30000,34000,36000,42000,49000,53000,99035,3646,12000.0,12599.46332984525,15.018099002190866,53170.69861799973,346.42952491543394
1693959127,585,,Aggregated,14.400000,0.800000,12000,17000,20000,22000,27000,30000,34000,36000,42000,49000,53000,99047,3646,12000.0,12601.508262997304,15.018099002190866,53170.69861799973,346.4231324522701
1693959128,585,,Aggregated,14.300000,1.000000,12000,17000,20000,22000,27000,30000,34000,36000,42000,49000,53000,99056,3648,12000.0,12603.003766986014,15.018099002190866,53170.69861799973,346.44723186884187
1693959129,585,,Aggregated,13.700000,0.800000,12000,17000,20000,22000,27000,30000,34000,36000,42000,49000,53000,99079,3650,12000.0,12607.497420165788,15.018099002190866,53170.69861799973,346.463852077635
1693959130,585,,Aggregated,13.500000,0.700000,12000,17000,20000,22000,27000,30000,34000,36000,42000,49000,53000,99097,3653,12000.0,12610.734265667608,15.018099002190866,53170.69861799973,346.4976134494485
1693959131,585,,Aggregated,13.600000,1.000000,12000,17000,20000,22000,27000,30000,34000,36000,43000,49000,53000,99110,3654,12000.0,12613.588047923618,15.018099002190866,53170.69861799973,346.5051357077994
1693959132,585,,Aggregated,14.100000,1.300000,12000,17000,20000,22000,27000,30000,34000,36000,43000,49000,53000,99120,3656,12000.0,12615.575478725868,15.018099002190866,53170.69861799973,346.5286723163842
1693959133,585,,Aggregated,14.700000,1.300000,12000,17000,20000,22000,27000,30000,34000,36000,43000,49000,53000,99132,3659,12000.0,12617.883357532663,15.018099002190866,53170.69861799973,346.56555905257636
1693959134,585,,Aggregated,13.900000,1.500000,12000,17000,20000,22000,27000,30000,34000,36000,43000,49000,53000,99147,3659,12000.0,12620.545447950495,15.018099002190866,53170.69861799973,346.55756603830673
1693959136,585,,Aggregated,12.900000,1.700000,12000,17000,20000,22000,27000,30000,34000,36000,43000,49000,53000,99161,3661,12000.0,12622.88132765032,15.018099002190866,53170.69861799973,346.5789574530309
1693959137,585,,Aggregated,13.400000,1.600000,12000,17000,20000,22000,27000,30000,34000,36000,43000,49000,53000,99179,3665,12000.0,12626.088837280633,15.018099002190866,53170.69861799973,346.6270581473901
1693959138,585,,Aggregated,13.100000,1.500000,12000,17000,20000,22000,27000,30000,34000,36000,43000,49000,53000,99200,3665,12000.0,12630.243540277272,15.018099002190866,53170.69861799973,346.6158669354839
1693959139,585,,Aggregated,13.100000,1.800000,12000,17000,20000,22000,27000,30000,34000,36000,43000,49000,53000,99217,3666,12000.0,12633.897924281859,15.018099002190866,53170.69861799973,346.62122418537143
1693959140,585,,Aggregated,14.400000,1.900000,12000,17000,20000,22000,27000,30000,34000,36000,43000,50000,53000,99234,3667,12000.0,12637.759226758366,15.018099002190866,53170.69861799973,346.6265392909688
1693959141,585,,Aggregated,14.500000,1.700000,12000,17000,20000,22000,27000,30000,34000,36000,43000,50000,53000,99249,3669,12000.0,12640.641649498182,15.018099002190866,53170.69861799973,346.6473213835908
1693959142,585,,Aggregated,14.200000,1.500000,12000,17000,20000,22000,27000,30000,34000,36000,43000,50000,53000,99266,3670,12000.0,12643.87194405235,15.018099002190866,53170.69861799973,346.652680676163
1693959143,585,,Aggregated,13.900000,1.400000,12000,17000,20000,22000,27000,30000,34000,36000,43000,50000,53000,99283,3671,12000.0,12647.445136088858,15.018099002190866,53170.69861799973,346.6580482056344
1693959144,585,,Aggregated,14.300000,1.400000,12000,17000,20000,22000,27000,30000,34000,36000,43000,50000,53000,99299,3672,12000.0,12650.6296736259,15.018099002190866,53170.69861799973,346.6639442491868
1693959145,585,,Aggregated,15.000000,1.400000,12000,17000,20000,22000,27000,30000,34000,36000,43000,50000,53000,99321,3674,12000.0,12654.626488486636,15.018099002190866,53170.69861799973,346.68105435909825
1693959146,585,,Aggregated,15.900000,1.300000,12000,17000,20000,22000,27000,30000,34000,36000,43000,50000,53000,99336,3674,12000.0,12657.688376899958,15.018099002190866,53170.69861799973,346.673059112507
1693959147,585,,Aggregated,15.900000,1.300000,12000,17000,20000,22000,27000,30000,34000,36000,43000,50000,53000,99351,3674,12000.0,12660.609555213858,15.018099002190866,53170.69861799973,346.6650964761301
1693959148,585,,Aggregated,16.400000,1.400000,12000,17000,20000,22000,27000,30000,34000,36000,43000,50000,53000,99367,3674,12000.0,12663.548110775542,15.018099002190866,53170.69861799973,346.6566063179929
1693959150,585,,Aggregated,15.800000,0.900000,12000,17000,20000,22000,27000,30000,34000,36000,43000,50000,53000,99385,3677,12000.0,12666.676097509842,15.018099002190866,53170.69861799973,346.69020475926953
1693959151,585,,Aggregated,15.400000,0.800000,12000,17000,20000,22000,27000,30000,34000,36000,43000,50000,53000,99402,3678,12000.0,12669.852767006238,15.018099002190866,53170.69861799973,346.6955091446852
1693959152,585,,Aggregated,15.600000,0.900000,12000,17000,20000,22000,27000,30000,34000,36000,43000,50000,53000,99413,3678,12000.0,12672.231736986774,15.018099002190866,53170.69861799973,346.68961805800046
1693959153,585,,Aggregated,15.900000,1.100000,12000,17000,20000,22000,27000,30000,34000,36000,43000,50000,53000,99437,3679,12000.0,12676.714532881777,15.018099002190866,53170.69861799973,346.69121152086245
1693959154,585,,Aggregated,15.800000,0.900000,12000,17000,20000,22000,27000,30000,34000,36000,43000,50000,53000,99453,3680,12000.0,12679.549006082128,15.018099002190866,53170.69861799973,346.6970930992529
1693959155,585,,Aggregated,15.700000,0.800000,12000,17000,20000,22000,27000,30000,34000,36000,43000,50000,53000,99470,3681,12000.0,12682.593657709507,15.018099002190866,53170.69861799973,346.7024429476224
1693959156,585,,Aggregated,15.500000,0.800000,12000,17000,20000,22000,27000,30000,34000,36000,43000,50000,53000,99479,3682,12000.0,12684.48301238005,15.018099002190866,53170.69861799973,346.7119995174861
1693959157,585,,Aggregated,15.800000,0.800000,12000,17000,20000,22000,27000,30000,34000,36000,43000,50000,53000,99493,3682,12000.0,12687.391747470758,15.018099002190866,53170.69861799973,346.70454202808236
1693959158,585,,Aggregated,15.100000,0.800000,12000,17000,20000,22000,27000,30000,34000,36000,43000,50000,53000,99525,3689,12000.0,12693.398414248524,15.018099002190866,53170.69861799973,346.78813363476513
1693959159,585,,Aggregated,14.700000,0.800000,12000,17000,20000,22000,27000,30000,34000,36000,43000,50000,53000,99543,3690,12000.0,12696.882790962683,15.018099002190866,53170.69861799973,346.79286338567255
1693959160,585,,Aggregated,14.600000,0.800000,12000,17000,20000,22000,27000,30000,34000,36000,43000,50000,53000,99556,3691,12000.0,12699.041367772812,15.018099002190866,53170.69861799973,346.8003334806541
1693959161,585,,Aggregated,16.100000,1.500000,12000,17000,20000,22000,27000,30000,34000,36000,43000,50000,53000,99572,3691,12000.0,12701.94317068161,15.018099002190866,53170.69861799973,346.79179889928895
1693959162,585,,Aggregated,16.300000,1.500000,12000,17000,20000,22000,27000,30000,34000,36000,43000,50000,53000,99592,3693,12000.0,12705.348801435357,15.018099002190866,53170.69861799973,346.80986424612416
1693959163,585,,Aggregated,15.600000,1.300000,12000,17000,20000,22000,27000,30000,34000,36000,43000,50000,53000,99606,3694,12000.0,12707.79875951279,15.018099002190866,53170.69861799973,346.8167580266249
1693959165,585,,Aggregated,16.500000,1.300000,12000,17000,20000,22000,27000,30000,34000,36000,43000,50000,53000,99624,3695,12000.0,12711.144608642933,15.018099002190866,53170.69861799973,346.8215389865896
1693959166,585,,Aggregated,16.000000,1.400000,12000,17000,20000,22000,27000,30000,34000,36000,43000,50000,53000,99642,3695,12000.0,12714.29670058224,15.018099002190866,53170.69861799973,346.8119467694346
1693959167,585,,Aggregated,16.000000,1.500000,12000,17000,20000,22000,27000,30000,34000,36000,43000,50000,53000,99651,3695,12000.0,12715.908685876373,15.018099002190866,53170.69861799973,346.80717704789714
1693959168,590,,Aggregated,16.000000,1.500000,12000,17000,20000,22000,27000,30000,34000,36000,43000,50000,53000,99665,3696,12000.0,12718.219772029903,15.018099002190866,53170.69861799973,346.8140671248683
1693959169,590,,Aggregated,16.400000,1.300000,12000,17000,20000,22000,27000,30000,34000,36000,43000,50000,53000,99682,3697,12000.0,12720.895981410036,15.018099002190866,53170.69861799973,346.8193655825525
1693959170,590,,Aggregated,16.400000,1.400000,12000,17000,21000,22000,27000,30000,34000,36000,43000,50000,53000,99696,3697,12000.0,12723.497856178205,15.018099002190866,53170.69861799973,346.81191823142353
1693959171,590,,Aggregated,14.900000,0.700000,12000,17000,21000,22000,27000,30000,34000,36000,43000,50000,53000,99706,3697,12000.0,12725.170468168126,15.018099002190866,53170.69861799973,346.8066114376266
1693959172,590,,Aggregated,14.000000,0.600000,12000,17000,21000,22000,27000,30000,34000,36000,43000,50000,53000,99724,3699,12000.0,12728.246007622089,15.018099002190866,53170.69861799973,346.82571898439693
1693959173,590,,Aggregated,14.300000,0.600000,12000,17000,21000,22000,27000,30000,34000,36000,43000,50000,53000,99741,3700,12000.0,12731.318724119346,15.018099002190866,53170.69861799973,346.83103237384825
1693959174,590,,Aggregated,13.400000,0.600000,12000,17000,21000,22000,27000,30000,34000,36000,43000,50000,53000,99755,3701,12000.0,12733.886577371415,15.018099002190866,53170.69861799973,346.83794296025263
1693959175,590,,Aggregated,13.800000,0.600000,12000,17000,21000,22000,27000,30000,34000,36000,43000,50000,53000,99774,3705,12000.0,12736.857115469656,15.018099002190866,53170.69861799973,346.8851504399944
1693959176,590,,Aggregated,14.100000,0.600000,12000,17000,21000,22000,27000,30000,34000,36000,43000,50000,53000,99790,3705,12000.0,12739.454353818579,15.018099002190866,53170.69861799973,346.8766209038982
1693959177,590,,Aggregated,13.800000,0.800000,12000,17000,21000,22000,27000,30000,34000,36000,43000,50000,53000,99809,3708,12000.0,12742.444685681343,15.018099002190866,53170.69861799973,346.90948712039994
1693959179,590,,Aggregated,13.600000,1.000000,12000,17000,21000,22000,27000,30000,34000,36000,43000,50000,53000,99821,3708,12000.0,12744.623244719736,15.018099002190866,53170.69861799973,346.9031065607437
1693959180,590,,Aggregated,14.400000,1.200000,12000,17000,21000,22000,27000,30000,34000,36000,43000,50000,53000,99836,3712,12000.0,12747.242195809746,15.018099002190866,53170.69861799973,346.95245202131497
1693959181,590,,Aggregated,14.400000,1.200000,12000,17000,21000,22000,27000,30000,34000,36000,43000,50000,53000,99844,3713,12000.0,12748.627521131946,15.018099002190866,53170.69861799973,346.9625215335924
1693959182,590,,Aggregated,14.600000,1.400000,12000,17000,21000,22000,27000,30000,34000,36000,43000,50000,53000,99852,3713,12000.0,12750.00364254834,15.018099002190866,53170.69861799973,346.95827825181266
1693959183,590,,Aggregated,14.400000,1.600000,12000,17000,21000,22000,27000,30000,34000,36000,43000,50000,53000,99865,3713,12000.0,12752.840307073406,15.018099002190866,53170.69861799973,346.95137435537976
1693959184,590,,Aggregated,14.000000,1.600000,12000,17000,21000,22000,27000,30000,34000,36000,43000,50000,53000,99890,3714,12000.0,12757.815286488012,15.018099002190866,53170.69861799973,346.95234758234056
1693959185,590,,Aggregated,13.100000,1.400000,12000,17000,21000,22000,27000,30000,34000,36000,43000,50000,53000,99908,3714,12000.0,12761.59682469753,15.018099002190866,53170.69861799973,346.94278736437525
1693959186,590,,Aggregated,13.600000,1.400000,12000,17000,21000,22000,27000,30000,34000,36000,43000,50000,53000,99923,3714,12000.0,12764.775660668894,15.018099002190866,53170.69861799973,346.9347997958428
1693959187,590,,Aggregated,13.500000,1.100000,12000,17000,21000,23000,27000,30000,34000,36000,43000,50000,53000,99936,3715,12000.0,12767.248575046902,15.018099002190866,53170.69861799973,346.94221301633047
1693959188,590,,Aggregated,14.000000,0.900000,12000,17000,21000,23000,27000,30000,34000,36000,43000,50000,53000,99947,3716,12000.0,12769.30344626753,15.018099002190866,53170.69861799973,346.9506838624471
1693959189,590,,Aggregated,13.600000,0.900000,12000,17000,21000,23000,27000,30000,34000,36000,43000,50000,53000,99961,3716,12000.0,12772.242491670844,15.018099002190866,53170.69861799973,346.94322785886493
1693959190,590,,Aggregated,12.900000,0.700000,12000,17000,21000,23000,27000,30000,34000,36000,43000,50000,53000,99981,3717,12000.0,12776.08464468921,15.018099002190866,53170.69861799973,346.9468899090827
1693959191,590,,Aggregated,12.800000,0.800000,12000,17000,21000,23000,27000,30000,34000,36000,43000,49000,53000,100003,3719,12000.0,12780.222094065639,15.018099002190866,53170.69861799973,346.96376108716737
1693959192,590,,Aggregated,13.000000,0.500000,12000,17000,21000,23000,27000,30000,34000,36000,43000,49000,53000,100016,3720,12000.0,12782.75713469897,15.018099002190866,53170.69861799973,346.9711546152616
1693959194,590,,Aggregated,14.200000,0.500000,12000,17000,21000,23000,27000,30000,34000,36000,43000,49000,53000,100025,3721,12000.0,12784.629685641397,15.018099002190866,53170.69861799973,346.9806848287928
1693959195,590,,Aggregated,15.300000,0.700000,12000,17000,21000,23000,27000,30000,34000,36000,43000,49000,53000,100042,3723,12000.0,12788.164029798512,15.018099002190866,53170.69861799973,347.00023989924233
1693959196,590,,Aggregated,14.200000,0.700000,12000,17000,21000,23000,27000,30000,34000,36000,43000,49000,53000,100060,3724,12000.0,12791.518253966291,15.018099002190866,53170.69861799973,347.0049870077953
1693959197,590,,Aggregated,14.200000,0.900000,12000,17000,21000,23000,27000,30000,34000,36000,43000,49000,53000,100073,3724,12000.0,12794.212967137872,15.018099002190866,53170.69861799973,346.9980814005776
1693959198,590,,Aggregated,14.000000,0.900000,12000,17000,21000,23000,27000,30000,34000,37000,43000,49000,53000,100086,3724,12000.0,12796.85002395281,15.018099002190866,53170.69861799973,346.9911376216454
1693959199,590,,Aggregated,14.100000,1.000000,12000,17000,21000,23000,27000,30000,34000,37000,43000,49000,53000,100097,3725,12000.0,12799.065072844578,15.018099002190866,53170.69861799973,346.999550436077
1693959200,590,,Aggregated,14.400000,0.900000,12000,17000,21000,23000,27000,30000,34000,37000,43000,49000,53000,100110,3727,12000.0,12801.818261514,15.018099002190866,53170.69861799973,347.0211866946359
1693959201,590,,Aggregated,14.200000,0.800000,12000,17000,21000,23000,27000,30000,34000,37000,43000,49000,53000,100123,3728,12000.0,12804.311178412267,15.018099002190866,53170.69861799973,347.0285648652158
1693959202,590,,Aggregated,14.000000,1.000000,12000,17000,21000,23000,27000,30000,34000,37000,43000,49000,53000,100141,3729,12000.0,12807.661871901495,15.018099002190866,53170.69861799973,347.0332730849502
1693959203,590,,Aggregated,13.300000,1.000000,12000,17000,21000,23000,27000,30000,34000,37000,43000,49000,53000,100157,3731,12000.0,12810.850178262745,15.018099002190866,53170.69861799973,347.0533462463932
1693959204,590,,Aggregated,12.500000,1.000000,12000,17000,21000,23000,27000,30000,34000,37000,43000,49000,53000,100167,3732,12000.0,12812.963075323742,15.018099002190866,53170.69861799973,347.0623159323929
1693959205,590,,Aggregated,13.000000,0.900000,12000,17000,21000,23000,27000,30000,34000,37000,43000,49000,53000,100186,3736,12000.0,12816.763047804752,15.018099002190866,53170.69861799973,347.1093066895574
1693959206,590,,Aggregated,13.600000,1.000000,12000,17000,21000,23000,27000,31000,34000,37000,43000,49000,53000,100203,3737,12000.0,12820.281844449422,15.018099002190866,53170.69861799973,347.1145574483798
1693959207,590,,Aggregated,13.100000,0.900000,12000,17000,21000,23000,27000,31000,34000,37000,43000,49000,53000,100220,3737,12000.0,12823.883097692988,15.018099002190866,53170.69861799973,347.105537816803
1693959209,590,,Aggregated,13.400000,1.300000,12000,17000,21000,23000,27000,31000,34000,37000,43000,49000,53000,100236,3739,12000.0,12827.472284011701,15.018099002190866,53170.69861799973,347.125573646195
1693959210,590,,Aggregated,13.800000,1.300000,12000,17000,21000,23000,27000,31000,34000,37000,43000,49000,53000,100253,3739,12000.0,12830.433712337624,15.018099002190866,53170.69861799973,347.1165251912661
1693959211,590,,Aggregated,14.400000,1.500000,12000,17000,21000,23000,27000,31000,34000,37000,43000,49000,53000,100267,3742,12000.0,12833.303425185164,15.018099002190866,53170.69861799973,347.1518445749848
1693959212,590,,Aggregated,14.900000,1.300000,12000,17000,21000,23000,27000,31000,34000,37000,44000,49000,53000,100286,3743,12000.0,12837.295190017134,15.018099002190866,53170.69861799973,347.15594400015954
1693959213,590,,Aggregated,14.500000,1.400000,12000,17000,21000,23000,27000,31000,34000,37000,44000,49000,53000,100304,3747,12000.0,12840.440596306029,15.018099002190866,53170.69861799973,347.20339168926466
1693959214,590,,Aggregated,15.300000,1.400000,12000,17000,21000,23000,27000,31000,34000,37000,44000,49000,53000,100322,3748,12000.0,12843.87739970953,15.018099002190866,53170.69861799973,347.20804011084306
1693959215,590,,Aggregated,15.400000,1.700000,12000,17000,21000,23000,27000,31000,34000,37000,44000,49000,53000,100341,3749,12000.0,12847.863068467812,15.018099002190866,53170.69861799973,347.212206376257
1693959216,590,,Aggregated,15.300000,1.600000,12000,17000,21000,23000,27000,31000,34000,37000,44000,49000,53000,100362,3750,12000.0,12852.565218810623,15.018099002190866,53170.69861799973,347.21531057571593
1693959217,590,,Aggregated,16.100000,1.700000,12000,17000,21000,23000,27000,31000,34000,37000,44000,49000,53000,100379,3750,12000.0,12856.151496273262,15.018099002190866,53170.69861799973,347.20626824335767
1693959218,590,,Aggregated,16.300000,1.300000,12000,17000,21000,23000,27000,31000,34000,37000,44000,49000,53000,100399,3752,12000.0,12860.164287059748,15.018099002190866,53170.69861799973,347.224105817787
1693959219,590,,Aggregated,16.400000,1.300000,12000,17000,21000,23000,27000,31000,34000,37000,44000,49000,53000,100414,3757,12000.0,12862.98686362117,15.018099002190866,53170.69861799973,347.287330451929
1693959220,590,,Aggregated,16.600000,1.300000,12000,17000,21000,23000,27000,31000,34000,37000,44000,49000,53000,100427,3759,12000.0,12865.21523611907,15.018099002190866,53170.69861799973,347.3088910352794
1693959221,590,,Aggregated,16.700000,1.300000,12000,17000,21000,23000,27000,31000,34000,37000,44000,49000,53000,100444,3759,12000.0,12868.737012047672,15.018099002190866,53170.69861799973,347.2998387161005
1693959223,590,,Aggregated,16.500000,1.800000,12000,17000,21000,23000,27000,31000,34000,37000,44000,49000,53000,100457,3760,12000.0,12871.032437435233,15.018099002190866,53170.69861799973,347.30717620474434
1693959224,590,,Aggregated,16.000000,1.600000,12000,17000,21000,23000,27000,31000,34000,37000,44000,49000,53000,100478,3761,12000.0,12874.852405553369,15.018099002190866,53170.69861799973,347.3102569716754
1693959225,590,,Aggregated,15.700000,1.400000,12000,17000,21000,23000,27000,31000,34000,37000,44000,49000,53000,100500,3765,12000.0,12879.059169634693,15.018099002190866,53170.69861799973,347.35547263681593
1693959226,590,,Aggregated,15.900000,1.400000,12000,17000,21000,23000,27000,31000,34000,37000,44000,49000,53000,100520,3768,12000.0,12882.5375295479,15.018099002190866,53170.69861799973,347.3874950258655
1693959227,590,,Aggregated,16.700000,1.500000,12000,17000,21000,23000,27000,31000,34000,37000,44000,49000,53000,100536,3769,12000.0,12885.353143854825,15.018099002190866,53170.69861799973,347.3931924882629
1693959228,595,,Aggregated,16.700000,1.800000,12000,17000,21000,23000,27000,31000,34000,37000,44000,49000,53000,100548,3770,12000.0,12887.60502791956,15.018099002190866,53170.69861799973,347.40101245176436
1693959229,595,,Aggregated,16.000000,1.900000,12000,17000,21000,23000,27000,31000,34000,37000,44000,49000,53000,100559,3771,12000.0,12889.642406967927,15.018099002190866,53170.69861799973,347.4093716126851
1693959230,595,,Aggregated,15.700000,1.900000,12000,17000,21000,23000,27000,31000,34000,37000,44000,49000,53000,100575,3773,12000.0,12892.394272974248,15.018099002190866,53170.69861799973,347.4293114591101
1693959231,595,,Aggregated,15.200000,1.800000,12000,17000,21000,23000,27000,31000,34000,37000,44000,49000,53000,100594,3773,12000.0,12895.985026359149,15.018099002190866,53170.69861799973,347.4192098932342
1693959232,595,,Aggregated,14.900000,1.600000,12000,17000,21000,23000,27000,31000,34000,37000,44000,49000,53000,100604,3773,12000.0,12898.252081618964,15.018099002190866,53170.69861799973,347.41387022384794
1693959233,595,,Aggregated,15.200000,1.400000,12000,17000,21000,23000,27000,31000,34000,37000,44000,49000,53000,100617,3773,12000.0,12900.781503633687,15.018099002190866,53170.69861799973,347.4069491239055
1693959234,595,,Aggregated,15.300000,1.400000,12000,17000,21000,23000,27000,31000,34000,37000,44000,49000,53000,100636,3774,12000.0,12904.257676089515,15.018099002190866,53170.69861799973,347.4110159386303
1693959235,595,,Aggregated,14.900000,1.300000,12000,17000,21000,23000,27000,31000,34000,37000,44000,49000,53000,100645,3774,12000.0,12905.913095948039,15.018099002190866,53170.69861799973,347.4062397535894
1693959236,595,,Aggregated,14.700000,1.200000,12000,17000,21000,23000,27000,31000,34000,37000,44000,49000,53000,100656,3774,12000.0,12907.934197954008,15.018099002190866,53170.69861799973,347.40038348434274
1693959238,595,,Aggregated,12.800000,0.700000,12000,17000,21000,23000,27000,31000,34000,37000,44000,49000,53000,100668,3775,12000.0,12910.130768626886,15.018099002190866,53170.69861799973,347.4081833353201
1693959239,595,,Aggregated,12.800000,0.500000,12000,17000,21000,23000,27000,31000,34000,37000,44000,50000,53000,100685,3775,12000.0,12913.606060667867,15.018099002190866,53170.69861799973,347.3991160550231
1693959240,595,,Aggregated,12.400000,0.600000,12000,17000,21000,23000,27000,31000,34000,37000,44000,50000,53000,100697,3776,12000.0,12915.75173114768,15.018099002190866,53170.69861799973,347.40693367230404
1693959241,595,,Aggregated,13.000000,0.500000,12000,17000,21000,23000,27000,31000,34000,37000,44000,50000,53000,100718,3776,12000.0,12919.36303675633,15.018099002190866,53170.69861799973,347.3957088107389
1693959242,595,,Aggregated,12.800000,0.200000,12000,18000,21000,23000,27000,31000,34000,37000,44000,50000,53000,100731,3777,12000.0,12921.878720242521,15.018099002190866,53170.69861799973,347.4029444758813
1693959243,595,,Aggregated,13.200000,0.300000,12000,18000,21000,23000,27000,31000,34000,37000,44000,50000,53000,100751,3777,12000.0,12926.024954260898,15.018099002190866,53170.69861799973,347.39229387301367
1693959244,595,,Aggregated,13.200000,0.400000,12000,18000,21000,23000,27000,31000,34000,37000,44000,50000,53000,100766,3777,12000.0,12928.800493331299,15.018099002190866,53170.69861799973,347.38431613838003
1693959245,595,,Aggregated,14.100000,0.400000,12000,18000,21000,23000,27000,31000,34000,37000,44000,50000,53000,100775,3777,12000.0,12930.257846550687,15.018099002190866,53170.69861799973,347.3795187298437
1693959246,595,,Aggregated,13.600000,0.400000,12000,18000,21000,23000,27000,31000,34000,37000,44000,50000,53000,100790,3778,12000.0,12933.251879266481,15.018099002190866,53170.69861799973,347.38573271157856
1693959247,595,,Aggregated,13.400000,0.300000,12000,18000,21000,23000,27000,31000,34000,37000,44000,50000,53000,100807,3778,12000.0,12936.501855436278,15.018099002190866,53170.69861799973,347.3767000307518
1693959248,595,,Aggregated,13.600000,0.300000,12000,18000,21000,23000,27000,31000,34000,37000,44000,50000,53000,100823,3781,12000.0,12939.120939697084,15.018099002190866,53170.69861799973,347.41074953135694
1693959249,595,,Aggregated,14.200000,0.400000,12000,18000,21000,23000,27000,31000,34000,37000,44000,50000,53000,100834,3782,12000.0,12941.168591760706,15.018099002190866,53170.69861799973,347.41907491520715
1693959250,595,,Aggregated,14.400000,0.500000,12000,18000,21000,23000,27000,31000,34000,37000,44000,50000,53000,100850,3783,12000.0,12943.971744495338,15.018099002190866,53170.69861799973,347.42472979672783
1693959251,595,,Aggregated,14.100000,0.600000,12000,18000,21000,23000,27000,31000,35000,37000,44000,50000,53000,100867,3784,12000.0,12946.770042888644,15.018099002190866,53170.69861799973,347.4298531729902
1693959253,595,,Aggregated,13.900000,0.700000,12000,18000,21000,23000,27000,31000,35000,37000,44000,50000,53000,100889,3787,12000.0,12951.21409065101,15.018099002190866,53170.69861799973,347.46068451466465
1693959254,595,,Aggregated,13.800000,0.700000,12000,18000,21000,23000,27000,31000,35000,37000,44000,50000,53000,100906,3789,12000.0,12954.3058375262,15.018099002190866,53170.69861799973,347.4800011892256
1693959255,595,,Aggregated,14.100000,0.900000,12000,18000,21000,23000,27000,31000,35000,37000,44000,50000,53000,100919,3790,12000.0,12956.558617734845,15.018099002190866,53170.69861799973,347.4872422437797
1693959256,595,,Aggregated,14.900000,1.200000,12000,18000,21000,23000,27000,31000,35000,37000,44000,50000,53000,100938,3792,12000.0,12960.070925467397,15.018099002190866,53170.69861799973,347.5054389823456
1693959257,595,,Aggregated,14.500000,1.300000,12000,18000,21000,23000,27000,31000,35000,37000,44000,50000,53000,100954,3793,12000.0,12963.30312416333,15.018099002190866,53170.69861799973,347.5111040671989
1693959258,595,,Aggregated,15.300000,1.500000,12000,18000,21000,23000,27000,31000,35000,37000,44000,50000,53000,100971,3795,12000.0,12966.617370574602,15.018099002190866,53170.69861799973,347.53040972160323
1693959259,595,,Aggregated,14.600000,1.400000,12000,18000,21000,23000,27000,31000,35000,37000,44000,50000,53000,100984,3796,12000.0,12968.909010913381,15.018099002190866,53170.69861799973,347.5376495286382
1693959260,595,,Aggregated,15.300000,1.400000,12000,18000,21000,23000,27000,31000,35000,37000,44000,50000,53000,101009,3799,12000.0,12973.384394048686,15.018099002190866,53170.69861799973,347.5668306784544
1693959261,595,,Aggregated,15.500000,1.400000,12000,18000,21000,23000,27000,31000,35000,37000,44000,50000,53000,101033,3803,12000.0,12977.70748585005,15.018099002190866,53170.69861799973,347.61067176071185
1693959262,595,,Aggregated,16.200000,1.600000,12000,18000,21000,23000,27000,31000,35000,37000,44000,50000,53000,101046,3805,12000.0,12980.213557198635,15.018099002190866,53170.69861799973,347.63207845931555
1693959263,595,,Aggregated,16.800000,1.800000,12000,18000,21000,23000,27000,31000,35000,37000,44000,50000,53000,101062,3806,12000.0,12983.39321212472,15.018099002190866,53170.69861799973,347.63768775603097
1693959264,595,,Aggregated,17.400000,2.000000,12000,18000,21000,23000,27000,31000,35000,37000,44000,50000,53000,101076,3808,12000.0,12986.106996677172,15.018099002190866,53170.69861799973,347.65850449166965
1693959265,595,,Aggregated,16.200000,2.000000,12000,18000,21000,23000,27000,31000,35000,37000,44000,50000,53000,101091,3809,12000.0,12989.134128681644,15.018099002190866,53170.69861799973,347.6646486828699
1693959267,595,,Aggregated,16.100000,1.800000,12000,18000,21000,23000,27000,31000,35000,37000,44000,50000,53000,101108,3812,12000.0,12992.448202155425,15.018099002190866,53170.69861799973,347.6980060924952
1693959268,595,,Aggregated,15.600000,1.700000,12000,18000,21000,23000,27000,31000,35000,37000,44000,50000,53000,101129,3814,12000.0,12996.504837810062,15.018099002190866,53170.69861799973,347.7150767831186
1693959269,595,,Aggregated,15.600000,1.700000,12000,18000,21000,23000,27000,31000,35000,37000,44000,50000,53000,101143,3818,12000.0,12999.093919714236,15.018099002190866,53170.69861799973,347.76417547432845
1693959270,595,,Aggregated,16.200000,2.000000,12000,18000,21000,23000,27000,31000,35000,37000,44000,50000,53000,101156,3819,12000.0,13001.670458585253,15.018099002190866,53170.69861799973,347.77139270038356
1693959271,595,,Aggregated,16.300000,2.300000,12000,18000,21000,23000,27000,31000,35000,37000,44000,50000,53000,101168,3819,12000.0,13004.347443883857,15.018099002190866,53170.69861799973,347.7649849754863
1693959272,595,,Aggregated,15.700000,2.100000,12000,18000,21000,23000,27000,31000,35000,37000,44000,50000,53000,101181,3819,12000.0,13007.007071799912,15.018099002190866,53170.69861799973,347.7580375762248
1693959273,595,,Aggregated,14.400000,1.800000,12000,18000,21000,23000,27000,31000,35000,37000,44000,50000,53000,101199,3820,12000.0,13010.759087612743,15.018099002190866,53170.69861799973,347.7625569422623
1693959274,595,,Aggregated,13.500000,1.500000,12000,18000,21000,23000,27000,31000,35000,37000,44000,50000,53000,101215,3822,12000.0,13013.75495335146,15.018099002190866,53170.69861799973,347.7822753544435
1693959275,595,,Aggregated,14.300000,1.300000,12000,18000,21000,23000,27000,31000,35000,37000,44000,50000,53000,101229,3824,12000.0,13016.14378832863,15.018099002190866,53170.69861799973,347.8030505092414
1693959276,595,,Aggregated,14.500000,1.500000,12000,18000,21000,23000,27000,31000,35000,37000,44000,50000,53000,101241,3824,12000.0,13018.38995955044,15.018099002190866,53170.69861799973,347.79663377485406
1693959277,595,,Aggregated,14.300000,1.500000,12000,18000,21000,23000,27000,31000,35000,37000,44000,50000,53000,101253,3824,12000.0,13020.803819146131,15.018099002190866,53170.69861799973,347.79024819017707
1693959278,595,,Aggregated,14.100000,1.500000,12000,18000,21000,23000,27000,31000,35000,37000,44000,50000,53000,101269,3825,12000.0,13023.841881669328,15.018099002190866,53170.69861799973,347.7958506551857
1693959279,595,,Aggregated,13.600000,1.200000,12000,18000,21000,23000,28000,31000,35000,37000,44000,50000,53000,101289,3825,12000.0,13027.857568845746,15.018099002190866,53170.69861799973,347.78517904214675
1693959280,595,,Aggregated,13.500000,1.100000,12000,18000,21000,23000,28000,31000,35000,37000,44000,50000,53000,101306,3830,12000.0,13030.555741069184,15.018099002190866,53170.69861799973,347.846711942037
1693959282,595,,Aggregated,13.000000,0.700000,12000,18000,21000,23000,28000,31000,35000,37000,44000,50000,53000,101323,3831,12000.0,13033.669071171289,15.018099002190866,53170.69861799973,347.85175132990537
1693959283,595,,Aggregated,13.700000,0.700000,12000,18000,21000,23000,28000,31000,35000,37000,44000,51000,53000,101333,3831,12000.0,13035.62292726982,15.018099002190866,53170.69861799973,347.846407389498
1693959284,595,,Aggregated,14.700000,1.200000,12000,18000,21000,23000,28000,31000,35000,37000,44000,51000,53000,101345,3834,12000.0,13038.017759403747,15.018099002190866,53170.69861799973,347.8823523607479
1693959285,595,,Aggregated,14.000000,1.200000,12000,18000,21000,23000,28000,31000,35000,37000,44000,51000,53000,101362,3835,12000.0,13041.336117204355,15.018099002190866,53170.69861799973,347.88736410094515
1693959286,595,,Aggregated,13.100000,1.200000,12000,18000,21000,23000,28000,31000,35000,37000,44000,51000,53000,101379,3836,12000.0,13044.462040808194,15.018099002190866,53170.69861799973,347.8924234802079
1693959287,595,,Aggregated,13.500000,1.200000,12000,18000,21000,23000,28000,31000,35000,37000,44000,51000,53000,101394,3838,12000.0,13047.103967104553,15.018099002190866,53170.69861799973,347.91262796615183
1693959288,600,,Aggregated,14.200000,1.200000,12000,18000,21000,23000,28000,31000,35000,37000,44000,51000,53000,101411,3838,12000.0,13050.188824813513,15.018099002190866,53170.69861799973,347.9035410359823
1693959289,600,,Aggregated,14.700000,1.400000,12000,18000,21000,23000,28000,31000,35000,37000,44000,51000,53000,101447,3842,12000.0,13056.751635310251,15.018099002190866,53170.69861799973,347.9407473853342
1693959290,600,,Aggregated,14.600000,1.300000,12000,18000,21000,23000,28000,31000,35000,37000,44000,51000,53000,101460,3843,12000.0,13058.997974236932,15.018099002190866,53170.69861799973,347.9479203627045
1693959291,600,,Aggregated,15.200000,1.300000,12000,18000,21000,23000,28000,31000,35000,37000,44000,51000,53000,101480,3845,12000.0,13062.194004506535,15.018099002190866,53170.69861799973,347.9654611746157
1693959292,600,,Aggregated,16.200000,1.600000,12000,18000,21000,23000,28000,31000,35000,37000,44000,51000,53000,101492,3846,12000.0,13064.119789406428,15.018099002190866,53170.69861799973,347.9731702991369
1693959293,600,,Aggregated,16.200000,1.300000,12000,18000,21000,23000,28000,31000,35000,37000,44000,51000,53000,101508,3847,12000.0,13066.93148401205,15.018099002190866,53170.69861799973,347.9787504433148
1693959294,600,,Aggregated,16.100000,1.400000,12000,18000,21000,23000,28000,31000,35000,37000,44000,51000,53000,101523,3847,12000.0,13069.743518275543,15.018099002190866,53170.69861799973,347.9707750952986
1693959295,600,,Aggregated,16.200000,1.500000,12000,18000,21000,23000,28000,31000,35000,37000,44000,51000,53000,101547,3848,12000.0,13073.84950278515,15.018099002190866,53170.69861799973,347.9720720454568
1693959297,600,,Aggregated,16.800000,1.300000,12000,18000,21000,23000,28000,31000,35000,37000,44000,51000,53000,101565,3848,12000.0,13077.160006054779,15.018099002190866,53170.69861799973,347.9624969231527
1693959298,600,,Aggregated,17.300000,1.200000,12000,18000,21000,23000,28000,31000,35000,37000,44000,51000,53000,101582,3849,12000.0,13079.974566025743,15.018099002190866,53170.69861799973,347.9675139296332
1693959299,600,,Aggregated,17.400000,1.000000,12000,18000,21000,23000,28000,31000,35000,37000,44000,51000,53000,101604,3851,12000.0,13084.073379221756,15.018099002190866,53170.69861799973,347.983967166647
1693959300,600,,Aggregated,17.300000,1.100000,12000,18000,21000,23000,28000,31000,35000,37000,44000,51000,53000,101619,3852,12000.0,13086.594013838738,15.018099002190866,53170.69861799973,347.9900313917673
1693959301,600,,Aggregated,17.700000,1.300000,12000,18000,21000,23000,28000,31000,35000,37000,44000,51000,53000,101636,3853,12000.0,13089.505035704904,15.018099002190866,53170.69861799973,347.99504112715965
1693959302,600,,Aggregated,16.300000,1.000000,12000,18000,21000,23000,28000,31000,35000,37000,44000,51000,53000,101651,3854,12000.0,13092.099999599242,15.018099002190866,53170.69861799973,348.0011116467128
1693959303,600,,Aggregated,15.900000,0.900000,12000,18000,21000,23000,28000,31000,35000,37000,44000,51000,53000,101667,3855,12000.0,13095.2160742595,15.018099002190866,53170.69861799973,348.00665899456067
1693959304,600,,Aggregated,15.700000,0.800000,12000,18000,21000,23000,28000,31000,35000,37000,44000,51000,53000,101685,3857,12000.0,13099.021768099543,15.018099002190866,53170.69861799973,348.0252052908492
1693959305,600,,Aggregated,16.200000,0.800000,12000,18000,21000,23000,28000,31000,35000,37000,44000,51000,53000,101696,3857,12000.0,13101.2687825961,15.018099002190866,53170.69861799973,348.0193517935809
1693959306,600,,Aggregated,16.500000,0.900000,12000,18000,21000,23000,28000,31000,35000,37000,44000,51000,53000,101713,3858,12000.0,13104.101089095513,15.018099002190866,53170.69861799973,348.0243430043357
1693959307,600,,Aggregated,16.400000,0.900000,12000,18000,21000,23000,28000,31000,35000,37000,44000,51000,53000,101725,3859,12000.0,13106.35147978298,15.018099002190866,53170.69861799973,348.0320176947653
1693959308,600,,Aggregated,15.300000,0.900000,12000,18000,21000,23000,28000,31000,35000,37000,44000,51000,53000,101734,3860,12000.0,13108.079265202525,15.018099002190866,53170.69861799973,348.0412841331315
1693959309,600,,Aggregated,14.800000,1.000000,12000,18000,21000,23000,28000,31000,35000,37000,44000,51000,53000,101747,3860,12000.0,13110.654922691972,15.018099002190866,53170.69861799973,348.0343597354222
1693959311,600,,Aggregated,13.300000,0.900000,12000,18000,21000,23000,28000,31000,35000,37000,44000,51000,53000,101766,3860,12000.0,13113.767867805556,15.018099002190866,53170.69861799973,348.0242222353242
1693959312,600,,Aggregated,13.100000,0.800000,12000,18000,21000,23000,28000,31000,35000,37000,44000,51000,53000,101788,3861,12000.0,13117.997301417749,15.018099002190866,53170.69861799973,348.0265551931465
1693959313,600,,Aggregated,13.600000,0.800000,12000,18000,21000,23000,28000,31000,35000,37000,44000,51000,53000,101798,3861,12000.0,13119.821141380704,15.018099002190866,53170.69861799973,348.0212184915224
1693959314,600,,Aggregated,14.600000,0.800000,12000,18000,21000,23000,28000,31000,35000,37000,44000,51000,53000,101811,3862,12000.0,13121.936003129298,15.018099002190866,53170.69861799973,348.0283662865506
1693959315,600,,Aggregated,13.800000,0.700000,12000,18000,21000,23000,28000,31000,35000,37000,44000,51000,53000,101831,3862,12000.0,13125.818644444604,15.018099002190866,53170.69861799973,348.0177352672565
1693959316,600,,Aggregated,13.400000,0.600000,12000,18000,21000,23000,28000,31000,35000,37000,44000,51000,53000,101844,3864,12000.0,13127.976960840107,15.018099002190866,53170.69861799973,348.0389124543419
1693959317,600,,Aggregated,13.100000,0.500000,12000,18000,21000,23000,28000,31000,35000,37000,44000,51000,53000,101857,3866,12000.0,13130.655381811546,15.018099002190866,53170.69861799973,348.06009405342786
1693959318,600,,Aggregated,14.000000,0.700000,12000,18000,21000,23000,28000,31000,35000,37000,44000,51000,53000,101872,3868,12000.0,13133.158756768269,15.018099002190866,53170.69861799973,348.08018886445734
1693959319,600,,Aggregated,14.100000,0.700000,12000,18000,21000,23000,28000,31000,35000,37000,44000,51000,53000,101883,3870,12000.0,13135.070133012543,15.018099002190866,53170.69861799973,348.10241158976476
1693959320,600,,Aggregated,13.900000,0.900000,12000,18000,21000,23000,28000,31000,35000,37000,44000,51000,53000,101894,3871,12000.0,13136.606926339422,15.018099002190866,53170.69861799973,348.11059532455295
1693959321,600,,Aggregated,14.000000,0.800000,12000,18000,21000,23000,28000,31000,35000,37000,44000,51000,55000,101907,3872,12000.0,13139.36492614812,15.018099002190866,54863.45632600205,348.11771517167614
1693959322,600,,Aggregated,13.900000,1.000000,12000,18000,21000,23000,28000,31000,35000,37000,44000,51000,55000,101929,3878,12000.0,13143.040668505786,15.018099002190866,54863.45632600205,348.19018140077895
1693959323,600,,Aggregated,13.500000,1.100000,12000,18000,21000,23000,28000,31000,35000,37000,44000,51000,55000,101940,3878,12000.0,13145.377594848811,15.018099002190866,54863.45632600205,348.184284873455
1693959324,600,,Aggregated,12.700000,1.300000,12000,18000,21000,23000,28000,31000,35000,37000,44000,51000,55000,101959,3881,12000.0,13148.500205527054,15.018099002190866,54863.45632600205,348.2162437842662
1693959326,600,,Aggregated,13.300000,1.600000,12000,18000,21000,23000,28000,31000,35000,37000,44000,51000,55000,101978,3882,12000.0,13152.191785072064,15.018099002190866,54863.45632600205,348.2200866853635
1693959327,600,,Aggregated,13.600000,1.900000,12000,18000,21000,23000,28000,31000,35000,37000,44000,51000,55000,101993,3882,12000.0,13154.835746863228,15.018099002190866,54863.45632600205,348.2120439638014
1693959328,600,,Aggregated,13.700000,1.800000,12000,18000,21000,23000,28000,31000,35000,37000,44000,51000,55000,102007,3886,12000.0,13157.363451808376,15.018099002190866,54863.45632600205,348.26064877900535
1693959329,600,,Aggregated,13.700000,1.800000,12000,18000,21000,23000,28000,31000,35000,37000,44000,51000,55000,102020,3887,12000.0,13159.525600614847,15.018099002190866,54863.45632600205,348.2677024112919
1693959330,600,,Aggregated,13.600000,1.800000,12000,18000,21000,23000,28000,31000,35000,37000,44000,51000,55000,102036,3889,12000.0,13162.255908540457,15.018099002190866,54863.45632600205,348.28719275549804
1693959331,600,,Aggregated,14.500000,1.900000,12000,18000,21000,23000,28000,31000,35000,37000,44000,51000,55000,102055,3889,12000.0,13165.707451404456,15.018099002190866,54863.45632600205,348.27702709323404
1693959332,600,,Aggregated,14.500000,1.700000,12000,18000,21000,23000,28000,31000,35000,37000,44000,51000,55000,102080,3889,12000.0,13170.340967427213,15.018099002190866,54863.45632600205,348.26369514106585
1693959333,600,,Aggregated,15.000000,1.800000,12000,18000,21000,23000,28000,31000,35000,37000,44000,51000,55000,102090,3889,12000.0,13172.234589611628,15.018099002190866,54863.45632600205,348.25833088451367
1693959334,600,,Aggregated,15.500000,1.500000,12000,18000,21000,23000,28000,31000,35000,38000,44000,51000,55000,102103,3890,12000.0,13175.39720558098,15.018099002190866,54863.45632600205,348.2653888720214
1693959335,600,,Aggregated,15.500000,1.100000,12000,18000,21000,23000,28000,31000,35000,38000,44000,51000,55000,102113,3890,12000.0,13177.606680371558,15.018099002190866,54863.45632600205,348.26005503706676
1693959336,600,,Aggregated,15.200000,1.100000,12000,18000,21000,23000,28000,31000,35000,38000,44000,51000,55000,102132,3890,12000.0,13181.462660482604,15.018099002190866,54863.45632600205,348.2499216699957
1693959337,600,,Aggregated,14.600000,0.900000,12000,18000,21000,23000,28000,31000,35000,38000,45000,51000,55000,102154,3892,12000.0,13185.628425994893,15.018099002190866,54863.45632600205,348.26620592438866
1693959338,600,,Aggregated,14.400000,0.800000,12000,18000,21000,23000,28000,31000,35000,38000,45000,51000,55000,102164,3892,12000.0,13187.610814479223,15.018099002190866,54863.45632600205,348.26087467209584
1693959339,600,,Aggregated,14.400000,0.900000,12000,18000,21000,23000,28000,31000,35000,38000,45000,51000,55000,102192,3893,12000.0,13193.406726787343,15.018099002190866,54863.45632600205,348.25993228432753
1693959341,600,,Aggregated,14.700000,0.600000,12000,18000,21000,23000,28000,31000,35000,38000,45000,51000,55000,102213,3893,12000.0,13197.638384216021,15.018099002190866,54863.45632600205,348.2487648342187
1693959342,600,,Aggregated,16.100000,0.600000,12000,18000,21000,23000,28000,31000,35000,38000,45000,51000,55000,102230,3896,12000.0,13201.216094895577,15.018099002190866,54863.45632600205,348.2816296586129
1693959343,600,,Aggregated,16.400000,0.400000,12000,18000,21000,23000,28000,31000,35000,38000,45000,51000,55000,102244,3898,12000.0,13203.936567476516,15.018099002190866,54863.45632600205,348.3021497593991
1693959344,600,,Aggregated,15.700000,0.600000,12000,18000,21000,23000,28000,31000,35000,38000,45000,51000,55000,102267,3898,12000.0,13208.51604779899,15.018099002190866,54863.45632600205,348.2899077903918
1693959345,600,,Aggregated,15.600000,0.900000,12000,18000,21000,23000,28000,31000,35000,38000,45000,51000,55000,102282,3899,12000.0,13211.3507268704,15.018099002190866,54863.45632600205,348.29588783950254
1693959346,600,,Aggregated,16.900000,0.900000,12000,18000,21000,23000,28000,31000,35000,38000,45000,51000,55000,102292,3901,12000.0,13213.488622000512,15.018099002190866,54863.45632600205,348.3184999804481
1693959347,0,,Aggregated,16.900000,0.900000,12000,18000,21000,23000,28000,31000,35000,38000,45000,51000,55000,102292,3901,12000.0,13213.488622000512,15.018099002190866,54863.45632600205,348.3184999804481
1693959348,0,,Aggregated,16.900000,0.900000,12000,18000,21000,23000,28000,31000,35000,38000,45000,51000,55000,102292,3901,12000.0,13213.488622000512,15.018099002190866,54863.45632600205,348.3184999804481
1693959349,0,,Aggregated,16.900000,0.900000,12000,18000,21000,23000,28000,31000,35000,38000,45000,51000,55000,102292,3901,12000.0,13213.488622000512,15.018099002190866,54863.45632600205,348.3184999804481
1693959350,0,,Aggregated,16.900000,0.900000,12000,18000,21000,23000,28000,31000,35000,38000,45000,51000,55000,102292,3901,12000.0,13213.488622000512,15.018099002190866,54863.45632600205,348.3184999804481
1693959351,0,,Aggregated,16.900000,0.900000,12000,18000,21000,23000,28000,31000,35000,38000,45000,51000,55000,102292,3901,12000.0,13213.488622000512,15.018099002190866,54863.45632600205,348.3184999804481
1693959352,0,,Aggregated,16.900000,0.900000,12000,18000,21000,23000,28000,31000,35000,38000,45000,51000,55000,102292,3901,12000.0,13213.488622000512,15.018099002190866,54863.45632600205,348.3184999804481
1693959353,0,,Aggregated,16.900000,0.900000,12000,18000,21000,23000,28000,31000,35000,38000,45000,51000,55000,102292,3901,12000.0,13213.488622000512,15.018099002190866,54863.45632600205,348.3184999804481
1693959355,0,,Aggregated,16.900000,0.900000,12000,18000,21000,23000,28000,31000,35000,38000,45000,51000,55000,102292,3901,12000.0,13213.488622000512,15.018099002190866,54863.45632600205,348.3184999804481
1693959356,0,,Aggregated,16.900000,0.900000,12000,18000,21000,23000,28000,31000,35000,38000,45000,51000,55000,102292,3901,12000.0,13213.488622000512,15.018099002190866,54863.45632600205,348.3184999804481
1693959357,0,,Aggregated,16.900000,0.900000,12000,18000,21000,23000,28000,31000,35000,38000,45000,51000,55000,102292,3901,12000.0,13213.488622000512,15.018099002190866,54863.45632600205,348.3184999804481
1693959358,0,,Aggregated,16.900000,0.900000,12000,18000,21000,23000,28000,31000,35000,38000,45000,51000,55000,102292,3901,12000.0,13213.488622000512,15.018099002190866,54863.45632600205,348.3184999804481
1693959359,0,,Aggregated,16.900000,0.900000,12000,18000,21000,23000,28000,31000,35000,38000,45000,51000,55000,102292,3901,12000.0,13213.488622000512,15.018099002190866,54863.45632600205,348.3184999804481
1693959360,0,,Aggregated,16.900000,0.900000,12000,18000,21000,23000,28000,31000,35000,38000,45000,51000,55000,102292,3901,12000.0,13213.488622000512,15.018099002190866,54863.45632600205,348.3184999804481
1693959361,0,,Aggregated,16.900000,0.900000,12000,18000,21000,23000,28000,31000,35000,38000,45000,51000,55000,102292,3901,12000.0,13213.488622000512,15.018099002190866,54863.45632600205,348.3184999804481
1693959362,0,,Aggregated,16.900000,0.900000,12000,18000,21000,23000,28000,31000,35000,38000,45000,51000,55000,102292,3901,12000.0,13213.488622000512,15.018099002190866,54863.45632600205,348.3184999804481
1693959363,0,,Aggregated,16.900000,0.900000,12000,18000,21000,23000,28000,31000,35000,38000,45000,51000,55000,102292,3901,12000.0,13213.488622000512,15.018099002190866,54863.45632600205,348.3184999804481
1693959364,0,,Aggregated,16.900000,0.900000,12000,18000,21000,23000,28000,31000,35000,38000,45000,51000,55000,102292,3901,12000.0,13213.488622000512,15.018099002190866,54863.45632600205,348.3184999804481
1693959365,0,,Aggregated,16.900000,0.900000,12000,18000,21000,23000,28000,31000,35000,38000,45000,51000,55000,102292,3901,12000.0,13213.488622000512,15.018099002190866,54863.45632600205,348.3184999804481
1693959366,0,,Aggregated,16.900000,0.900000,12000,18000,21000,23000,28000,31000,35000,38000,45000,51000,55000,102292,3901,12000.0,13213.488622000512,15.018099002190866,54863.45632600205,348.3184999804481
1693959367,0,,Aggregated,16.900000,0.900000,12000,18000,21000,23000,28000,31000,35000,38000,45000,51000,55000,102292,3901,12000.0,13213.488622000512,15.018099002190866,54863.45632600205,348.3184999804481
1693959368,0,,Aggregated,16.900000,0.900000,12000,18000,21000,23000,28000,31000,35000,38000,45000,51000,55000,102292,3901,12000.0,13213.488622000512,15.018099002190866,54863.45632600205,348.3184999804481
1693959370,0,,Aggregated,16.900000,0.900000,12000,18000,21000,23000,28000,31000,35000,38000,45000,51000,55000,102292,3901,12000.0,13213.488622000512,15.018099002190866,54863.45632600205,348.3184999804481
1693959371,0,,Aggregated,16.900000,0.900000,12000,18000,21000,23000,28000,31000,35000,38000,45000,51000,55000,102292,3901,12000.0,13213.488622000512,15.018099002190866,54863.45632600205,348.3184999804481
1693959372,0,,Aggregated,16.900000,0.900000,12000,18000,21000,23000,28000,31000,35000,38000,45000,51000,55000,102292,3901,12000.0,13213.488622000512,15.018099002190866,54863.45632600205,348.3184999804481
1693959373,0,,Aggregated,16.900000,0.900000,12000,18000,21000,23000,28000,31000,35000,38000,45000,51000,55000,102292,3901,12000.0,13213.488622000512,15.018099002190866,54863.45632600205,348.3184999804481
1693959374,0,,Aggregated,16.900000,0.900000,12000,18000,21000,23000,28000,31000,35000,38000,45000,51000,55000,102292,3901,12000.0,13213.488622000512,15.018099002190866,54863.45632600205,348.3184999804481
1693959375,0,,Aggregated,16.900000,0.900000,12000,18000,21000,23000,28000,31000,35000,38000,45000,51000,55000,102292,3901,12000.0,13213.488622000512,15.018099002190866,54863.45632600205,348.3184999804481
1693959376,0,,Aggregated,16.900000,0.900000,12000,18000,21000,23000,28000,31000,35000,38000,45000,51000,55000,102292,3901,12000.0,13213.488622000512,15.018099002190866,54863.45632600205,348.3184999804481
1693959377,0,,Aggregated,16.900000,0.900000,12000,18000,21000,23000,28000,31000,35000,38000,45000,51000,55000,102292,3901,12000.0,13213.488622000512,15.018099002190866,54863.45632600205,348.3184999804481
1693959378,0,,Aggregated,16.900000,0.900000,12000,18000,21000,23000,28000,31000,35000,38000,45000,51000,55000,102292,3901,12000.0,13213.488622000512,15.018099002190866,54863.45632600205,348.3184999804481
1693959379,0,,Aggregated,16.900000,0.900000,12000,18000,21000,23000,28000,31000,35000,38000,45000,51000,55000,102292,3901,12000.0,13213.488622000512,15.018099002190866,54863.45632600205,348.3184999804481
1693959380,0,,Aggregated,16.900000,0.900000,12000,18000,21000,23000,28000,31000,35000,38000,45000,51000,55000,102292,3901,12000.0,13213.488622000512,15.018099002190866,54863.45632600205,348.3184999804481
1693959381,0,,Aggregated,16.900000,0.900000,12000,18000,21000,23000,28000,31000,35000,38000,45000,51000,55000,102292,3901,12000.0,13213.488622000512,15.018099002190866,54863.45632600205,348.3184999804481
1693959382,0,,Aggregated,16.900000,0.900000,12000,18000,21000,23000,28000,31000,35000,38000,45000,51000,55000,102292,3901,12000.0,13213.488622000512,15.018099002190866,54863.45632600205,348.3184999804481
1693959383,0,,Aggregated,16.900000,0.900000,12000,18000,21000,23000,28000,31000,35000,38000,45000,51000,55000,102292,3901,12000.0,13213.488622000512,15.018099002190866,54863.45632600205,348.3184999804481
1693959385,0,,Aggregated,16.900000,0.900000,12000,18000,21000,23000,28000,31000,35000,38000,45000,51000,55000,102292,3901,12000.0,13213.488622000512,15.018099002190866,54863.45632600205,348.3184999804481
1693959386,0,,Aggregated,16.900000,0.900000,12000,18000,21000,23000,28000,31000,35000,38000,45000,51000,55000,102292,3901,12000.0,13213.488622000512,15.018099002190866,54863.45632600205,348.3184999804481
1693959387,0,,Aggregated,16.900000,0.900000,12000,18000,21000,23000,28000,31000,35000,38000,45000,51000,55000,102292,3901,12000.0,13213.488622000512,15.018099002190866,54863.45632600205,348.3184999804481
1693959388,0,,Aggregated,16.900000,0.900000,12000,18000,21000,23000,28000,31000,35000,38000,45000,51000,55000,102292,3901,12000.0,13213.488622000512,15.018099002190866,54863.45632600205,348.3184999804481
1693959389,0,,Aggregated,16.900000,0.900000,12000,18000,21000,23000,28000,31000,35000,38000,45000,51000,55000,102292,3901,12000.0,13213.488622000512,15.018099002190866,54863.45632600205,348.3184999804481
1693959390,0,,Aggregated,16.900000,0.900000,12000,18000,21000,23000,28000,31000,35000,38000,45000,51000,55000,102292,3901,12000.0,13213.488622000512,15.018099002190866,54863.45632600205,348.3184999804481
1693959391,0,,Aggregated,16.900000,0.900000,12000,18000,21000,23000,28000,31000,35000,38000,45000,51000,55000,102292,3901,12000.0,13213.488622000512,15.018099002190866,54863.45632600205,348.3184999804481
1693959392,0,,Aggregated,16.900000,0.900000,12000,18000,21000,23000,28000,31000,35000,38000,45000,51000,55000,102292,3901,12000.0,13213.488622000512,15.018099002190866,54863.45632600205,348.3184999804481
1693959393,0,,Aggregated,16.900000,0.900000,12000,18000,21000,23000,28000,31000,35000,38000,45000,51000,55000,102292,3901,12000.0,13213.488622000512,15.018099002190866,54863.45632600205,348.3184999804481
1693959394,0,,Aggregated,16.900000,0.900000,12000,18000,21000,23000,28000,31000,35000,38000,45000,51000,55000,102292,3901,12000.0,13213.488622000512,15.018099002190866,54863.45632600205,348.3184999804481
1693959395,0,,Aggregated,16.900000,0.900000,12000,18000,21000,23000,28000,31000,35000,38000,45000,51000,55000,102292,3901,12000.0,13213.488622000512,15.018099002190866,54863.45632600205,348.3184999804481
1693959396,0,,Aggregated,16.900000,0.900000,12000,18000,21000,23000,28000,31000,35000,38000,45000,51000,55000,102292,3901,12000.0,13213.488622000512,15.018099002190866,54863.45632600205,348.3184999804481
1693959397,0,,Aggregated,16.900000,0.900000,12000,18000,21000,23000,28000,31000,35000,38000,45000,51000,55000,102292,3901,12000.0,13213.488622000512,15.018099002190866,54863.45632600205,348.3184999804481
1693959399,0,,Aggregated,16.900000,0.900000,12000,18000,21000,23000,28000,31000,35000,38000,45000,51000,55000,102292,3901,12000.0,13213.488622000512,15.018099002190866,54863.45632600205,348.3184999804481
1693959400,0,,Aggregated,16.900000,0.900000,12000,18000,21000,23000,28000,31000,35000,38000,45000,51000,55000,102292,3901,12000.0,13213.488622000512,15.018099002190866,54863.45632600205,348.3184999804481
1693959401,0,,Aggregated,16.900000,0.900000,12000,18000,21000,23000,28000,31000,35000,38000,45000,51000,55000,102292,3901,12000.0,13213.488622000512,15.018099002190866,54863.45632600205,348.3184999804481
1693959402,0,,Aggregated,16.900000,0.900000,12000,18000,21000,23000,28000,31000,35000,38000,45000,51000,55000,102292,3901,12000.0,13213.488622000512,15.018099002190866,54863.45632600205,348.3184999804481
1693959403,0,,Aggregated,16.900000,0.900000,12000,18000,21000,23000,28000,31000,35000,38000,45000,51000,55000,102292,3901,12000.0,13213.488622000512,15.018099002190866,54863.45632600205,348.3184999804481
1693959404,0,,Aggregated,16.900000,0.900000,12000,18000,21000,23000,28000,31000,35000,38000,45000,51000,55000,102292,3901,12000.0,13213.488622000512,15.018099002190866,54863.45632600205,348.3184999804481
1693959405,0,,Aggregated,16.900000,0.900000,12000,18000,21000,23000,28000,31000,35000,38000,45000,51000,55000,102292,3901,12000.0,13213.488622000512,15.018099002190866,54863.45632600205,348.3184999804481
1693959406,0,,Aggregated,16.900000,0.900000,12000,18000,21000,23000,28000,31000,35000,38000,45000,51000,55000,102292,3901,12000.0,13213.488622000512,15.018099002190866,54863.45632600205,348.3184999804481
1693959407,0,,Aggregated,16.900000,0.900000,12000,18000,21000,23000,28000,31000,35000,38000,45000,51000,55000,102292,3901,12000.0,13213.488622000512,15.018099002190866,54863.45632600205,348.3184999804481
1693959408,0,,Aggregated,16.900000,0.900000,12000,18000,21000,23000,28000,31000,35000,38000,45000,51000,55000,102292,3901,12000.0,13213.488622000512,15.018099002190866,54863.45632600205,348.3184999804481
1693959409,0,,Aggregated,16.900000,0.900000,12000,18000,21000,23000,28000,31000,35000,38000,45000,51000,55000,102292,3901,12000.0,13213.488622000512,15.018099002190866,54863.45632600205,348.3184999804481
1693959410,0,,Aggregated,16.900000,0.900000,12000,18000,21000,23000,28000,31000,35000,38000,45000,51000,55000,102292,3901,12000.0,13213.488622000512,15.018099002190866,54863.45632600205,348.3184999804481
1693959411,0,,Aggregated,16.900000,0.900000,12000,18000,21000,23000,28000,31000,35000,38000,45000,51000,55000,102292,3901,12000.0,13213.488622000512,15.018099002190866,54863.45632600205,348.3184999804481
1693959412,0,,Aggregated,16.900000,0.900000,12000,18000,21000,23000,28000,31000,35000,38000,45000,51000,55000,102292,3901,12000.0,13213.488622000512,15.018099002190866,54863.45632600205,348.3184999804481
1693959414,0,,Aggregated,16.900000,0.900000,12000,18000,21000,23000,28000,31000,35000,38000,45000,51000,55000,102292,3901,12000.0,13213.488622000512,15.018099002190866,54863.45632600205,348.3184999804481
1693959415,0,,Aggregated,16.900000,0.900000,12000,18000,21000,23000,28000,31000,35000,38000,45000,51000,55000,102292,3901,12000.0,13213.488622000512,15.018099002190866,54863.45632600205,348.3184999804481
1693959416,0,,Aggregated,16.900000,0.900000,12000,18000,21000,23000,28000,31000,35000,38000,45000,51000,55000,102292,3901,12000.0,13213.488622000512,15.018099002190866,54863.45632600205,348.3184999804481
1693959417,0,,Aggregated,16.900000,0.900000,12000,18000,21000,23000,28000,31000,35000,38000,45000,51000,55000,102292,3901,12000.0,13213.488622000512,15.018099002190866,54863.45632600205,348.3184999804481
1693959418,0,,Aggregated,16.900000,0.900000,12000,18000,21000,23000,28000,31000,35000,38000,45000,51000,55000,102292,3901,12000.0,13213.488622000512,15.018099002190866,54863.45632600205,348.3184999804481
1693959419,0,,Aggregated,16.900000,0.900000,12000,18000,21000,23000,28000,31000,35000,38000,45000,51000,55000,102292,3901,12000.0,13213.488622000512,15.018099002190866,54863.45632600205,348.3184999804481
1693959420,0,,Aggregated,16.900000,0.900000,12000,18000,21000,23000,28000,31000,35000,38000,45000,51000,55000,102292,3901,12000.0,13213.488622000512,15.018099002190866,54863.45632600205,348.3184999804481
1693959421,0,,Aggregated,16.900000,0.900000,12000,18000,21000,23000,28000,31000,35000,38000,45000,51000,55000,102292,3901,12000.0,13213.488622000512,15.018099002190866,54863.45632600205,348.3184999804481
1693959422,0,,Aggregated,16.900000,0.900000,12000,18000,21000,23000,28000,31000,35000,38000,45000,51000,55000,102292,3901,12000.0,13213.488622000512,15.018099002190866,54863.45632600205,348.3184999804481
1693959423,0,,Aggregated,16.900000,0.900000,12000,18000,21000,23000,28000,31000,35000,38000,45000,51000,55000,102292,3901,12000.0,13213.488622000512,15.018099002190866,54863.45632600205,348.3184999804481
1693959424,0,,Aggregated,16.900000,0.900000,12000,18000,21000,23000,28000,31000,35000,38000,45000,51000,55000,102292,3901,12000.0,13213.488622000512,15.018099002190866,54863.45632600205,348.3184999804481
1693959425,0,,Aggregated,16.900000,0.900000,12000,18000,21000,23000,28000,31000,35000,38000,45000,51000,55000,102292,3901,12000.0,13213.488622000512,15.018099002190866,54863.45632600205,348.3184999804481
1693959427,0,,Aggregated,16.900000,0.900000,12000,18000,21000,23000,28000,31000,35000,38000,45000,51000,55000,102292,3901,12000.0,13213.488622000512,15.018099002190866,54863.45632600205,348.3184999804481
1693959428,0,,Aggregated,16.900000,0.900000,12000,18000,21000,23000,28000,31000,35000,38000,45000,51000,55000,102292,3901,12000.0,13213.488622000512,15.018099002190866,54863.45632600205,348.3184999804481
1693959429,0,,Aggregated,16.900000,0.900000,12000,18000,21000,23000,28000,31000,35000,38000,45000,51000,55000,102292,3901,12000.0,13213.488622000512,15.018099002190866,54863.45632600205,348.3184999804481
1693959430,0,,Aggregated,16.900000,0.900000,12000,18000,21000,23000,28000,31000,35000,38000,45000,51000,55000,102292,3901,12000.0,13213.488622000512,15.018099002190866,54863.45632600205,348.3184999804481
1693959431,0,,Aggregated,16.900000,0.900000,12000,18000,21000,23000,28000,31000,35000,38000,45000,51000,55000,102292,3901,12000.0,13213.488622000512,15.018099002190866,54863.45632600205,348.3184999804481
1693959432,0,,Aggregated,16.900000,0.900000,12000,18000,21000,23000,28000,31000,35000,38000,45000,51000,55000,102292,3901,12000.0,13213.488622000512,15.018099002190866,54863.45632600205,348.3184999804481
1693959433,0,,Aggregated,16.900000,0.900000,12000,18000,21000,23000,28000,31000,35000,38000,45000,51000,55000,102292,3901,12000.0,13213.488622000512,15.018099002190866,54863.45632600205,348.3184999804481
1693959434,0,,Aggregated,16.900000,0.900000,12000,18000,21000,23000,28000,31000,35000,38000,45000,51000,55000,102292,3901,12000.0,13213.488622000512,15.018099002190866,54863.45632600205,348.3184999804481
1693959435,0,,Aggregated,16.900000,0.900000,12000,18000,21000,23000,28000,31000,35000,38000,45000,51000,55000,102292,3901,12000.0,13213.488622000512,15.018099002190866,54863.45632600205,348.3184999804481
1693959436,0,,Aggregated,16.900000,0.900000,12000,18000,21000,23000,28000,31000,35000,38000,45000,51000,55000,102292,3901,12000.0,13213.488622000512,15.018099002190866,54863.45632600205,348.3184999804481
1693959437,0,,Aggregated,16.900000,0.900000,12000,18000,21000,23000,28000,31000,35000,38000,45000,51000,55000,102292,3901,12000.0,13213.488622000512,15.018099002190866,54863.45632600205,348.3184999804481
1693959438,0,,Aggregated,16.900000,0.900000,12000,18000,21000,23000,28000,31000,35000,38000,45000,51000,55000,102292,3901,12000.0,13213.488622000512,15.018099002190866,54863.45632600205,348.3184999804481
1693959439,0,,Aggregated,16.900000,0.900000,12000,18000,21000,23000,28000,31000,35000,38000,45000,51000,55000,102292,3901,12000.0,13213.488622000512,15.018099002190866,54863.45632600205,348.3184999804481
1693959440,0,,Aggregated,16.900000,0.900000,12000,18000,21000,23000,28000,31000,35000,38000,45000,51000,55000,102292,3901,12000.0,13213.488622000512,15.018099002190866,54863.45632600205,348.3184999804481
1693959442,0,,Aggregated,16.900000,0.900000,12000,18000,21000,23000,28000,31000,35000,38000,45000,51000,55000,102292,3901,12000.0,13213.488622000512,15.018099002190866,54863.45632600205,348.3184999804481
1693959443,0,,Aggregated,16.900000,0.900000,12000,18000,21000,23000,28000,31000,35000,38000,45000,51000,55000,102292,3901,12000.0,13213.488622000512,15.018099002190866,54863.45632600205,348.3184999804481
1693959444,0,,Aggregated,16.900000,0.900000,12000,18000,21000,23000,28000,31000,35000,38000,45000,51000,55000,102292,3901,12000.0,13213.488622000512,15.018099002190866,54863.45632600205,348.3184999804481
1693959445,0,,Aggregated,16.900000,0.900000,12000,18000,21000,23000,28000,31000,35000,38000,45000,51000,55000,102292,3901,12000.0,13213.488622000512,15.018099002190866,54863.45632600205,348.3184999804481
1693959446,0,,Aggregated,16.900000,0.900000,12000,18000,21000,23000,28000,31000,35000,38000,45000,51000,55000,102292,3901,12000.0,13213.488622000512,15.018099002190866,54863.45632600205,348.3184999804481
1693959447,0,,Aggregated,16.900000,0.900000,12000,18000,21000,23000,28000,31000,35000,38000,45000,51000,55000,102292,3901,12000.0,13213.488622000512,15.018099002190866,54863.45632600205,348.3184999804481
1693959448,0,,Aggregated,16.900000,0.900000,12000,18000,21000,23000,28000,31000,35000,38000,45000,51000,55000,102292,3901,12000.0,13213.488622000512,15.018099002190866,54863.45632600205,348.3184999804481
1693959449,0,,Aggregated,16.900000,0.900000,12000,18000,21000,23000,28000,31000,35000,38000,45000,51000,55000,102292,3901,12000.0,13213.488622000512,15.018099002190866,54863.45632600205,348.3184999804481
1693959450,0,,Aggregated,16.900000,0.900000,12000,18000,21000,23000,28000,31000,35000,38000,45000,51000,55000,102292,3901,12000.0,13213.488622000512,15.018099002190866,54863.45632600205,348.3184999804481
1693959451,0,,Aggregated,16.900000,0.900000,12000,18000,21000,23000,28000,31000,35000,38000,45000,51000,55000,102292,3901,12000.0,13213.488622000512,15.018099002190866,54863.45632600205,348.3184999804481
1693959452,0,,Aggregated,16.900000,0.900000,12000,18000,21000,23000,28000,31000,35000,38000,45000,51000,55000,102292,3901,12000.0,13213.488622000512,15.018099002190866,54863.45632600205,348.3184999804481
1693959453,0,,Aggregated,16.900000,0.900000,12000,18000,21000,23000,28000,31000,35000,38000,45000,51000,55000,102292,3901,12000.0,13213.488622000512,15.018099002190866,54863.45632600205,348.3184999804481
1693959454,0,,Aggregated,16.900000,0.900000,12000,18000,21000,23000,28000,31000,35000,38000,45000,51000,55000,102292,3901,12000.0,13213.488622000512,15.018099002190866,54863.45632600205,348.3184999804481
1693959455,0,,Aggregated,16.900000,0.900000,12000,18000,21000,23000,28000,31000,35000,38000,45000,51000,55000,102292,3901,12000.0,13213.488622000512,15.018099002190866,54863.45632600205,348.3184999804481
1693959457,0,,Aggregated,16.900000,0.900000,12000,18000,21000,23000,28000,31000,35000,38000,45000,51000,55000,102292,3901,12000.0,13213.488622000512,15.018099002190866,54863.45632600205,348.3184999804481
1693959458,0,,Aggregated,16.900000,0.900000,12000,18000,21000,23000,28000,31000,35000,38000,45000,51000,55000,102292,3901,12000.0,13213.488622000512,15.018099002190866,54863.45632600205,348.3184999804481
1693959459,0,,Aggregated,16.900000,0.900000,12000,18000,21000,23000,28000,31000,35000,38000,45000,51000,55000,102292,3901,12000.0,13213.488622000512,15.018099002190866,54863.45632600205,348.3184999804481
1693959460,0,,Aggregated,16.900000,0.900000,12000,18000,21000,23000,28000,31000,35000,38000,45000,51000,55000,102292,3901,12000.0,13213.488622000512,15.018099002190866,54863.45632600205,348.3184999804481
1693959461,0,,Aggregated,16.900000,0.900000,12000,18000,21000,23000,28000,31000,35000,38000,45000,51000,55000,102292,3901,12000.0,13213.488622000512,15.018099002190866,54863.45632600205,348.3184999804481
1693959462,0,,Aggregated,16.900000,0.900000,12000,18000,21000,23000,28000,31000,35000,38000,45000,51000,55000,102292,3901,12000.0,13213.488622000512,15.018099002190866,54863.45632600205,348.3184999804481
1693959463,0,,Aggregated,16.900000,0.900000,12000,18000,21000,23000,28000,31000,35000,38000,45000,51000,55000,102292,3901,12000.0,13213.488622000512,15.018099002190866,54863.45632600205,348.3184999804481
1693959464,0,,Aggregated,16.900000,0.900000,12000,18000,21000,23000,28000,31000,35000,38000,45000,51000,55000,102292,3901,12000.0,13213.488622000512,15.018099002190866,54863.45632600205,348.3184999804481
1693959465,0,,Aggregated,16.900000,0.900000,12000,18000,21000,23000,28000,31000,35000,38000,45000,51000,55000,102292,3901,12000.0,13213.488622000512,15.018099002190866,54863.45632600205,348.3184999804481
1693959466,0,,Aggregated,16.900000,0.900000,12000,18000,21000,23000,28000,31000,35000,38000,45000,51000,55000,102292,3901,12000.0,13213.488622000512,15.018099002190866,54863.45632600205,348.3184999804481
1693959467,0,,Aggregated,16.900000,0.900000,12000,18000,21000,23000,28000,31000,35000,38000,45000,51000,55000,102292,3901,12000.0,13213.488622000512,15.018099002190866,54863.45632600205,348.3184999804481
1693959468,0,,Aggregated,16.900000,0.900000,12000,18000,21000,23000,28000,31000,35000,38000,45000,51000,55000,102292,3901,12000.0,13213.488622000512,15.018099002190866,54863.45632600205,348.3184999804481
1693959469,0,,Aggregated,16.900000,0.900000,12000,18000,21000,23000,28000,31000,35000,38000,45000,51000,55000,102292,3901,12000.0,13213.488622000512,15.018099002190866,54863.45632600205,348.3184999804481
1693959470,0,,Aggregated,16.900000,0.900000,12000,18000,21000,23000,28000,31000,35000,38000,45000,51000,55000,102292,3901,12000.0,13213.488622000512,15.018099002190866,54863.45632600205,348.3184999804481
1693959472,0,,Aggregated,16.900000,0.900000,12000,18000,21000,23000,28000,31000,35000,38000,45000,51000,55000,102292,3901,12000.0,13213.488622000512,15.018099002190866,54863.45632600205,348.3184999804481
1693959473,0,,Aggregated,16.900000,0.900000,12000,18000,21000,23000,28000,31000,35000,38000,45000,51000,55000,102292,3901,12000.0,13213.488622000512,15.018099002190866,54863.45632600205,348.3184999804481
1693959474,0,,Aggregated,16.900000,0.900000,12000,18000,21000,23000,28000,31000,35000,38000,45000,51000,55000,102292,3901,12000.0,13213.488622000512,15.018099002190866,54863.45632600205,348.3184999804481
1693959475,0,,Aggregated,16.900000,0.900000,12000,18000,21000,23000,28000,31000,35000,38000,45000,51000,55000,102292,3901,12000.0,13213.488622000512,15.018099002190866,54863.45632600205,348.3184999804481
1693959476,0,,Aggregated,16.900000,0.900000,12000,18000,21000,23000,28000,31000,35000,38000,45000,51000,55000,102292,3901,12000.0,13213.488622000512,15.018099002190866,54863.45632600205,348.3184999804481
1693959477,0,,Aggregated,16.900000,0.900000,12000,18000,21000,23000,28000,31000,35000,38000,45000,51000,55000,102292,3901,12000.0,13213.488622000512,15.018099002190866,54863.45632600205,348.3184999804481
1693959478,0,,Aggregated,16.900000,0.900000,12000,18000,21000,23000,28000,31000,35000,38000,45000,51000,55000,102292,3901,12000.0,13213.488622000512,15.018099002190866,54863.45632600205,348.3184999804481
1693959479,0,,Aggregated,16.900000,0.900000,12000,18000,21000,23000,28000,31000,35000,38000,45000,51000,55000,102292,3901,12000.0,13213.488622000512,15.018099002190866,54863.45632600205,348.3184999804481
1693959480,0,,Aggregated,16.900000,0.900000,12000,18000,21000,23000,28000,31000,35000,38000,45000,51000,55000,102292,3901,12000.0,13213.488622000512,15.018099002190866,54863.45632600205,348.3184999804481
1693959481,0,,Aggregated,16.900000,0.900000,12000,18000,21000,23000,28000,31000,35000,38000,45000,51000,55000,102292,3901,12000.0,13213.488622000512,15.018099002190866,54863.45632600205,348.3184999804481
1693959482,0,,Aggregated,16.900000,0.900000,12000,18000,21000,23000,28000,31000,35000,38000,45000,51000,55000,102292,3901,12000.0,13213.488622000512,15.018099002190866,54863.45632600205,348.3184999804481
1693959483,0,,Aggregated,16.900000,0.900000,12000,18000,21000,23000,28000,31000,35000,38000,45000,51000,55000,102292,3901,12000.0,13213.488622000512,15.018099002190866,54863.45632600205,348.3184999804481
1693959484,0,,Aggregated,16.900000,0.900000,12000,18000,21000,23000,28000,31000,35000,38000,45000,51000,55000,102292,3901,12000.0,13213.488622000512,15.018099002190866,54863.45632600205,348.3184999804481
1693959486,0,,Aggregated,16.900000,0.900000,12000,18000,21000,23000,28000,31000,35000,38000,45000,51000,55000,102292,3901,12000.0,13213.488622000512,15.018099002190866,54863.45632600205,348.3184999804481
1693959487,0,,Aggregated,16.900000,0.900000,12000,18000,21000,23000,28000,31000,35000,38000,45000,51000,55000,102292,3901,12000.0,13213.488622000512,15.018099002190866,54863.45632600205,348.3184999804481
1693959488,0,,Aggregated,16.900000,0.900000,12000,18000,21000,23000,28000,31000,35000,38000,45000,51000,55000,102292,3901,12000.0,13213.488622000512,15.018099002190866,54863.45632600205,348.3184999804481
1693959489,0,,Aggregated,16.900000,0.900000,12000,18000,21000,23000,28000,31000,35000,38000,45000,51000,55000,102292,3901,12000.0,13213.488622000512,15.018099002190866,54863.45632600205,348.3184999804481
1693959490,0,,Aggregated,16.900000,0.900000,12000,18000,21000,23000,28000,31000,35000,38000,45000,51000,55000,102292,3901,12000.0,13213.488622000512,15.018099002190866,54863.45632600205,348.3184999804481
1693959491,0,,Aggregated,16.900000,0.900000,12000,18000,21000,23000,28000,31000,35000,38000,45000,51000,55000,102292,3901,12000.0,13213.488622000512,15.018099002190866,54863.45632600205,348.3184999804481
1693959492,0,,Aggregated,16.900000,0.900000,12000,18000,21000,23000,28000,31000,35000,38000,45000,51000,55000,102292,3901,12000.0,13213.488622000512,15.018099002190866,54863.45632600205,348.3184999804481
1693959493,0,,Aggregated,16.900000,0.900000,12000,18000,21000,23000,28000,31000,35000,38000,45000,51000,55000,102292,3901,12000.0,13213.488622000512,15.018099002190866,54863.45632600205,348.3184999804481
1693959494,0,,Aggregated,16.900000,0.900000,12000,18000,21000,23000,28000,31000,35000,38000,45000,51000,55000,102292,3901,12000.0,13213.488622000512,15.018099002190866,54863.45632600205,348.3184999804481
1693959495,0,,Aggregated,16.900000,0.900000,12000,18000,21000,23000,28000,31000,35000,38000,45000,51000,55000,102292,3901,12000.0,13213.488622000512,15.018099002190866,54863.45632600205,348.3184999804481
1693959496,0,,Aggregated,16.900000,0.900000,12000,18000,21000,23000,28000,31000,35000,38000,45000,51000,55000,102292,3901,12000.0,13213.488622000512,15.018099002190866,54863.45632600205,348.3184999804481
1693959497,0,,Aggregated,16.900000,0.900000,12000,18000,21000,23000,28000,31000,35000,38000,45000,51000,55000,102292,3901,12000.0,13213.488622000512,15.018099002190866,54863.45632600205,348.3184999804481
1693959499,0,,Aggregated,16.900000,0.900000,12000,18000,21000,23000,28000,31000,35000,38000,45000,51000,55000,102292,3901,12000.0,13213.488622000512,15.018099002190866,54863.45632600205,348.3184999804481
1693959500,0,,Aggregated,16.900000,0.900000,12000,18000,21000,23000,28000,31000,35000,38000,45000,51000,55000,102292,3901,12000.0,13213.488622000512,15.018099002190866,54863.45632600205,348.3184999804481
1693959501,0,,Aggregated,16.900000,0.900000,12000,18000,21000,23000,28000,31000,35000,38000,45000,51000,55000,102292,3901,12000.0,13213.488622000512,15.018099002190866,54863.45632600205,348.3184999804481
1693959502,0,,Aggregated,16.900000,0.900000,12000,18000,21000,23000,28000,31000,35000,38000,45000,51000,55000,102292,3901,12000.0,13213.488622000512,15.018099002190866,54863.45632600205,348.3184999804481
1693959503,0,,Aggregated,16.900000,0.900000,12000,18000,21000,23000,28000,31000,35000,38000,45000,51000,55000,102292,3901,12000.0,13213.488622000512,15.018099002190866,54863.45632600205,348.3184999804481
1693959504,0,,Aggregated,16.900000,0.900000,12000,18000,21000,23000,28000,31000,35000,38000,45000,51000,55000,102292,3901,12000.0,13213.488622000512,15.018099002190866,54863.45632600205,348.3184999804481
1693959505,0,,Aggregated,16.900000,0.900000,12000,18000,21000,23000,28000,31000,35000,38000,45000,51000,55000,102292,3901,12000.0,13213.488622000512,15.018099002190866,54863.45632600205,348.3184999804481
1693959506,0,,Aggregated,16.900000,0.900000,12000,18000,21000,23000,28000,31000,35000,38000,45000,51000,55000,102292,3901,12000.0,13213.488622000512,15.018099002190866,54863.45632600205,348.3184999804481
1693959507,0,,Aggregated,16.900000,0.900000,12000,18000,21000,23000,28000,31000,35000,38000,45000,51000,55000,102292,3901,12000.0,13213.488622000512,15.018099002190866,54863.45632600205,348.3184999804481
1693959508,0,,Aggregated,16.900000,0.900000,12000,18000,21000,23000,28000,31000,35000,38000,45000,51000,55000,102292,3901,12000.0,13213.488622000512,15.018099002190866,54863.45632600205,348.3184999804481
1693959509,0,,Aggregated,16.900000,0.900000,12000,18000,21000,23000,28000,31000,35000,38000,45000,51000,55000,102292,3901,12000.0,13213.488622000512,15.018099002190866,54863.45632600205,348.3184999804481
1693959510,0,,Aggregated,16.900000,0.900000,12000,18000,21000,23000,28000,31000,35000,38000,45000,51000,55000,102292,3901,12000.0,13213.488622000512,15.018099002190866,54863.45632600205,348.3184999804481
1693959511,0,,Aggregated,16.900000,0.900000,12000,18000,21000,23000,28000,31000,35000,38000,45000,51000,55000,102292,3901,12000.0,13213.488622000512,15.018099002190866,54863.45632600205,348.3184999804481
1693959512,0,,Aggregated,16.900000,0.900000,12000,18000,21000,23000,28000,31000,35000,38000,45000,51000,55000,102292,3901,12000.0,13213.488622000512,15.018099002190866,54863.45632600205,348.3184999804481
1693959514,0,,Aggregated,16.900000,0.900000,12000,18000,21000,23000,28000,31000,35000,38000,45000,51000,55000,102292,3901,12000.0,13213.488622000512,15.018099002190866,54863.45632600205,348.3184999804481
1693959515,0,,Aggregated,16.900000,0.900000,12000,18000,21000,23000,28000,31000,35000,38000,45000,51000,55000,102292,3901,12000.0,13213.488622000512,15.018099002190866,54863.45632600205,348.3184999804481
1693959516,0,,Aggregated,16.900000,0.900000,12000,18000,21000,23000,28000,31000,35000,38000,45000,51000,55000,102292,3901,12000.0,13213.488622000512,15.018099002190866,54863.45632600205,348.3184999804481
1693959517,0,,Aggregated,16.900000,0.900000,12000,18000,21000,23000,28000,31000,35000,38000,45000,51000,55000,102292,3901,12000.0,13213.488622000512,15.018099002190866,54863.45632600205,348.3184999804481
1693959518,0,,Aggregated,16.900000,0.900000,12000,18000,21000,23000,28000,31000,35000,38000,45000,51000,55000,102292,3901,12000.0,13213.488622000512,15.018099002190866,54863.45632600205,348.3184999804481
1693959519,0,,Aggregated,16.900000,0.900000,12000,18000,21000,23000,28000,31000,35000,38000,45000,51000,55000,102292,3901,12000.0,13213.488622000512,15.018099002190866,54863.45632600205,348.3184999804481
1693959520,0,,Aggregated,16.900000,0.900000,12000,18000,21000,23000,28000,31000,35000,38000,45000,51000,55000,102292,3901,12000.0,13213.488622000512,15.018099002190866,54863.45632600205,348.3184999804481
1693959521,0,,Aggregated,16.900000,0.900000,12000,18000,21000,23000,28000,31000,35000,38000,45000,51000,55000,102292,3901,12000.0,13213.488622000512,15.018099002190866,54863.45632600205,348.3184999804481
1693959522,0,,Aggregated,16.900000,0.900000,12000,18000,21000,23000,28000,31000,35000,38000,45000,51000,55000,102292,3901,12000.0,13213.488622000512,15.018099002190866,54863.45632600205,348.3184999804481
1693959523,0,,Aggregated,16.900000,0.900000,12000,18000,21000,23000,28000,31000,35000,38000,45000,51000,55000,102292,3901,12000.0,13213.488622000512,15.018099002190866,54863.45632600205,348.3184999804481
1693959524,0,,Aggregated,16.900000,0.900000,12000,18000,21000,23000,28000,31000,35000,38000,45000,51000,55000,102292,3901,12000.0,13213.488622000512,15.018099002190866,54863.45632600205,348.3184999804481
1693959525,0,,Aggregated,16.900000,0.900000,12000,18000,21000,23000,28000,31000,35000,38000,45000,51000,55000,102292,3901,12000.0,13213.488622000512,15.018099002190866,54863.45632600205,348.3184999804481
1693959526,0,,Aggregated,16.900000,0.900000,12000,18000,21000,23000,28000,31000,35000,38000,45000,51000,55000,102292,3901,12000.0,13213.488622000512,15.018099002190866,54863.45632600205,348.3184999804481
1693959527,0,,Aggregated,16.900000,0.900000,12000,18000,21000,23000,28000,31000,35000,38000,45000,51000,55000,102292,3901,12000.0,13213.488622000512,15.018099002190866,54863.45632600205,348.3184999804481
1693959529,0,,Aggregated,16.900000,0.900000,12000,18000,21000,23000,28000,31000,35000,38000,45000,51000,55000,102292,3901,12000.0,13213.488622000512,15.018099002190866,54863.45632600205,348.3184999804481
1693959530,0,,Aggregated,16.900000,0.900000,12000,18000,21000,23000,28000,31000,35000,38000,45000,51000,55000,102292,3901,12000.0,13213.488622000512,15.018099002190866,54863.45632600205,348.3184999804481
1693959531,0,,Aggregated,16.900000,0.900000,12000,18000,21000,23000,28000,31000,35000,38000,45000,51000,55000,102292,3901,12000.0,13213.488622000512,15.018099002190866,54863.45632600205,348.3184999804481
1693959532,0,,Aggregated,16.900000,0.900000,12000,18000,21000,23000,28000,31000,35000,38000,45000,51000,55000,102292,3901,12000.0,13213.488622000512,15.018099002190866,54863.45632600205,348.3184999804481
1693959533,0,,Aggregated,16.900000,0.900000,12000,18000,21000,23000,28000,31000,35000,38000,45000,51000,55000,102292,3901,12000.0,13213.488622000512,15.018099002190866,54863.45632600205,348.3184999804481
1693959534,0,,Aggregated,16.900000,0.900000,12000,18000,21000,23000,28000,31000,35000,38000,45000,51000,55000,102292,3901,12000.0,13213.488622000512,15.018099002190866,54863.45632600205,348.3184999804481
1693959535,0,,Aggregated,16.900000,0.900000,12000,18000,21000,23000,28000,31000,35000,38000,45000,51000,55000,102292,3901,12000.0,13213.488622000512,15.018099002190866,54863.45632600205,348.3184999804481
1693959536,0,,Aggregated,16.900000,0.900000,12000,18000,21000,23000,28000,31000,35000,38000,45000,51000,55000,102292,3901,12000.0,13213.488622000512,15.018099002190866,54863.45632600205,348.3184999804481
1693959537,0,,Aggregated,16.900000,0.900000,12000,18000,21000,23000,28000,31000,35000,38000,45000,51000,55000,102292,3901,12000.0,13213.488622000512,15.018099002190866,54863.45632600205,348.3184999804481
1693959538,0,,Aggregated,16.900000,0.900000,12000,18000,21000,23000,28000,31000,35000,38000,45000,51000,55000,102292,3901,12000.0,13213.488622000512,15.018099002190866,54863.45632600205,348.3184999804481
1693959539,0,,Aggregated,16.900000,0.900000,12000,18000,21000,23000,28000,31000,35000,38000,45000,51000,55000,102292,3901,12000.0,13213.488622000512,15.018099002190866,54863.45632600205,348.3184999804481
1693959540,0,,Aggregated,16.900000,0.900000,12000,18000,21000,23000,28000,31000,35000,38000,45000,51000,55000,102292,3901,12000.0,13213.488622000512,15.018099002190866,54863.45632600205,348.3184999804481
1693959541,0,,Aggregated,16.900000,0.900000,12000,18000,21000,23000,28000,31000,35000,38000,45000,51000,55000,102292,3901,12000.0,13213.488622000512,15.018099002190866,54863.45632600205,348.3184999804481
1693959542,0,,Aggregated,16.900000,0.900000,12000,18000,21000,23000,28000,31000,35000,38000,45000,51000,55000,102292,3901,12000.0,13213.488622000512,15.018099002190866,54863.45632600205,348.3184999804481
1693959544,0,,Aggregated,16.900000,0.900000,12000,18000,21000,23000,28000,31000,35000,38000,45000,51000,55000,102292,3901,12000.0,13213.488622000512,15.018099002190866,54863.45632600205,348.3184999804481
1693959545,0,,Aggregated,16.900000,0.900000,12000,18000,21000,23000,28000,31000,35000,38000,45000,51000,55000,102292,3901,12000.0,13213.488622000512,15.018099002190866,54863.45632600205,348.3184999804481
1693959546,0,,Aggregated,16.900000,0.900000,12000,18000,21000,23000,28000,31000,35000,38000,45000,51000,55000,102292,3901,12000.0,13213.488622000512,15.018099002190866,54863.45632600205,348.3184999804481
1693959547,0,,Aggregated,16.900000,0.900000,12000,18000,21000,23000,28000,31000,35000,38000,45000,51000,55000,102292,3901,12000.0,13213.488622000512,15.018099002190866,54863.45632600205,348.3184999804481
1693959548,0,,Aggregated,16.900000,0.900000,12000,18000,21000,23000,28000,31000,35000,38000,45000,51000,55000,102292,3901,12000.0,13213.488622000512,15.018099002190866,54863.45632600205,348.3184999804481
1693959549,0,,Aggregated,16.900000,0.900000,12000,18000,21000,23000,28000,31000,35000,38000,45000,51000,55000,102292,3901,12000.0,13213.488622000512,15.018099002190866,54863.45632600205,348.3184999804481
1693959550,0,,Aggregated,16.900000,0.900000,12000,18000,21000,23000,28000,31000,35000,38000,45000,51000,55000,102292,3901,12000.0,13213.488622000512,15.018099002190866,54863.45632600205,348.3184999804481
1693959551,0,,Aggregated,16.900000,0.900000,12000,18000,21000,23000,28000,31000,35000,38000,45000,51000,55000,102292,3901,12000.0,13213.488622000512,15.018099002190866,54863.45632600205,348.3184999804481
1693959552,0,,Aggregated,16.900000,0.900000,12000,18000,21000,23000,28000,31000,35000,38000,45000,51000,55000,102292,3901,12000.0,13213.488622000512,15.018099002190866,54863.45632600205,348.3184999804481
1693959553,0,,Aggregated,16.900000,0.900000,12000,18000,21000,23000,28000,31000,35000,38000,45000,51000,55000,102292,3901,12000.0,13213.488622000512,15.018099002190866,54863.45632600205,348.3184999804481
1693959554,0,,Aggregated,16.900000,0.900000,12000,18000,21000,23000,28000,31000,35000,38000,45000,51000,55000,102292,3901,12000.0,13213.488622000512,15.018099002190866,54863.45632600205,348.3184999804481
1693959555,0,,Aggregated,16.900000,0.900000,12000,18000,21000,23000,28000,31000,35000,38000,45000,51000,55000,102292,3901,12000.0,13213.488622000512,15.018099002190866,54863.45632600205,348.3184999804481
1693959556,0,,Aggregated,16.900000,0.900000,12000,18000,21000,23000,28000,31000,35000,38000,45000,51000,55000,102292,3901,12000.0,13213.488622000512,15.018099002190866,54863.45632600205,348.3184999804481
1693959558,0,,Aggregated,16.900000,0.900000,12000,18000,21000,23000,28000,31000,35000,38000,45000,51000,55000,102292,3901,12000.0,13213.488622000512,15.018099002190866,54863.45632600205,348.3184999804481
1693959559,0,,Aggregated,16.900000,0.900000,12000,18000,21000,23000,28000,31000,35000,38000,45000,51000,55000,102292,3901,12000.0,13213.488622000512,15.018099002190866,54863.45632600205,348.3184999804481
1693959560,0,,Aggregated,16.900000,0.900000,12000,18000,21000,23000,28000,31000,35000,38000,45000,51000,55000,102292,3901,12000.0,13213.488622000512,15.018099002190866,54863.45632600205,348.3184999804481
1693959561,0,,Aggregated,16.900000,0.900000,12000,18000,21000,23000,28000,31000,35000,38000,45000,51000,55000,102292,3901,12000.0,13213.488622000512,15.018099002190866,54863.45632600205,348.3184999804481
1693959562,0,,Aggregated,16.900000,0.900000,12000,18000,21000,23000,28000,31000,35000,38000,45000,51000,55000,102292,3901,12000.0,13213.488622000512,15.018099002190866,54863.45632600205,348.3184999804481
1693959563,0,,Aggregated,16.900000,0.900000,12000,18000,21000,23000,28000,31000,35000,38000,45000,51000,55000,102292,3901,12000.0,13213.488622000512,15.018099002190866,54863.45632600205,348.3184999804481
1693959564,0,,Aggregated,16.900000,0.900000,12000,18000,21000,23000,28000,31000,35000,38000,45000,51000,55000,102292,3901,12000.0,13213.488622000512,15.018099002190866,54863.45632600205,348.3184999804481
1693959565,0,,Aggregated,16.900000,0.900000,12000,18000,21000,23000,28000,31000,35000,38000,45000,51000,55000,102292,3901,12000.0,13213.488622000512,15.018099002190866,54863.45632600205,348.3184999804481
1693959566,0,,Aggregated,16.900000,0.900000,12000,18000,21000,23000,28000,31000,35000,38000,45000,51000,55000,102292,3901,12000.0,13213.488622000512,15.018099002190866,54863.45632600205,348.3184999804481
1693959567,0,,Aggregated,16.900000,0.900000,12000,18000,21000,23000,28000,31000,35000,38000,45000,51000,55000,102292,3901,12000.0,13213.488622000512,15.018099002190866,54863.45632600205,348.3184999804481
1693959568,0,,Aggregated,16.900000,0.900000,12000,18000,21000,23000,28000,31000,35000,38000,45000,51000,55000,102292,3901,12000.0,13213.488622000512,15.018099002190866,54863.45632600205,348.3184999804481
1693959569,0,,Aggregated,16.900000,0.900000,12000,18000,21000,23000,28000,31000,35000,38000,45000,51000,55000,102292,3901,12000.0,13213.488622000512,15.018099002190866,54863.45632600205,348.3184999804481
1693959570,0,,Aggregated,16.900000,0.900000,12000,18000,21000,23000,28000,31000,35000,38000,45000,51000,55000,102292,3901,12000.0,13213.488622000512,15.018099002190866,54863.45632600205,348.3184999804481
1693959572,0,,Aggregated,16.900000,0.900000,12000,18000,21000,23000,28000,31000,35000,38000,45000,51000,55000,102292,3901,12000.0,13213.488622000512,15.018099002190866,54863.45632600205,348.3184999804481
1693959573,0,,Aggregated,16.900000,0.900000,12000,18000,21000,23000,28000,31000,35000,38000,45000,51000,55000,102292,3901,12000.0,13213.488622000512,15.018099002190866,54863.45632600205,348.3184999804481
1693959574,0,,Aggregated,16.900000,0.900000,12000,18000,21000,23000,28000,31000,35000,38000,45000,51000,55000,102292,3901,12000.0,13213.488622000512,15.018099002190866,54863.45632600205,348.3184999804481
1693959575,0,,Aggregated,16.900000,0.900000,12000,18000,21000,23000,28000,31000,35000,38000,45000,51000,55000,102292,3901,12000.0,13213.488622000512,15.018099002190866,54863.45632600205,348.3184999804481
1693959576,0,,Aggregated,16.900000,0.900000,12000,18000,21000,23000,28000,31000,35000,38000,45000,51000,55000,102292,3901,12000.0,13213.488622000512,15.018099002190866,54863.45632600205,348.3184999804481
1693959577,0,,Aggregated,16.900000,0.900000,12000,18000,21000,23000,28000,31000,35000,38000,45000,51000,55000,102292,3901,12000.0,13213.488622000512,15.018099002190866,54863.45632600205,348.3184999804481
1693959578,0,,Aggregated,16.900000,0.900000,12000,18000,21000,23000,28000,31000,35000,38000,45000,51000,55000,102292,3901,12000.0,13213.488622000512,15.018099002190866,54863.45632600205,348.3184999804481
1693959579,0,,Aggregated,16.900000,0.900000,12000,18000,21000,23000,28000,31000,35000,38000,45000,51000,55000,102292,3901,12000.0,13213.488622000512,15.018099002190866,54863.45632600205,348.3184999804481
1693959580,0,,Aggregated,16.900000,0.900000,12000,18000,21000,23000,28000,31000,35000,38000,45000,51000,55000,102292,3901,12000.0,13213.488622000512,15.018099002190866,54863.45632600205,348.3184999804481
1693959581,0,,Aggregated,16.900000,0.900000,12000,18000,21000,23000,28000,31000,35000,38000,45000,51000,55000,102292,3901,12000.0,13213.488622000512,15.018099002190866,54863.45632600205,348.3184999804481
1693959582,0,,Aggregated,16.900000,0.900000,12000,18000,21000,23000,28000,31000,35000,38000,45000,51000,55000,102292,3901,12000.0,13213.488622000512,15.018099002190866,54863.45632600205,348.3184999804481
1693959583,0,,Aggregated,16.900000,0.900000,12000,18000,21000,23000,28000,31000,35000,38000,45000,51000,55000,102292,3901,12000.0,13213.488622000512,15.018099002190866,54863.45632600205,348.3184999804481
1693959584,0,,Aggregated,16.900000,0.900000,12000,18000,21000,23000,28000,31000,35000,38000,45000,51000,55000,102292,3901,12000.0,13213.488622000512,15.018099002190866,54863.45632600205,348.3184999804481
1693959586,0,,Aggregated,16.900000,0.900000,12000,18000,21000,23000,28000,31000,35000,38000,45000,51000,55000,102292,3901,12000.0,13213.488622000512,15.018099002190866,54863.45632600205,348.3184999804481
1693959587,0,,Aggregated,16.900000,0.900000,12000,18000,21000,23000,28000,31000,35000,38000,45000,51000,55000,102292,3901,12000.0,13213.488622000512,15.018099002190866,54863.45632600205,348.3184999804481
1693959588,0,,Aggregated,16.900000,0.900000,12000,18000,21000,23000,28000,31000,35000,38000,45000,51000,55000,102292,3901,12000.0,13213.488622000512,15.018099002190866,54863.45632600205,348.3184999804481
1693959589,0,,Aggregated,16.900000,0.900000,12000,18000,21000,23000,28000,31000,35000,38000,45000,51000,55000,102292,3901,12000.0,13213.488622000512,15.018099002190866,54863.45632600205,348.3184999804481
1693959590,0,,Aggregated,16.900000,0.900000,12000,18000,21000,23000,28000,31000,35000,38000,45000,51000,55000,102292,3901,12000.0,13213.488622000512,15.018099002190866,54863.45632600205,348.3184999804481
1693959591,0,,Aggregated,16.900000,0.900000,12000,18000,21000,23000,28000,31000,35000,38000,45000,51000,55000,102292,3901,12000.0,13213.488622000512,15.018099002190866,54863.45632600205,348.3184999804481
1693959592,0,,Aggregated,16.900000,0.900000,12000,18000,21000,23000,28000,31000,35000,38000,45000,51000,55000,102292,3901,12000.0,13213.488622000512,15.018099002190866,54863.45632600205,348.3184999804481
1693959593,0,,Aggregated,16.900000,0.900000,12000,18000,21000,23000,28000,31000,35000,38000,45000,51000,55000,102292,3901,12000.0,13213.488622000512,15.018099002190866,54863.45632600205,348.3184999804481
1693959594,0,,Aggregated,16.900000,0.900000,12000,18000,21000,23000,28000,31000,35000,38000,45000,51000,55000,102292,3901,12000.0,13213.488622000512,15.018099002190866,54863.45632600205,348.3184999804481
1693959595,0,,Aggregated,16.900000,0.900000,12000,18000,21000,23000,28000,31000,35000,38000,45000,51000,55000,102292,3901,12000.0,13213.488622000512,15.018099002190866,54863.45632600205,348.3184999804481
1693959596,0,,Aggregated,16.900000,0.900000,12000,18000,21000,23000,28000,31000,35000,38000,45000,51000,55000,102292,3901,12000.0,13213.488622000512,15.018099002190866,54863.45632600205,348.3184999804481
1693959597,0,,Aggregated,16.900000,0.900000,12000,18000,21000,23000,28000,31000,35000,38000,45000,51000,55000,102292,3901,12000.0,13213.488622000512,15.018099002190866,54863.45632600205,348.3184999804481
1693959598,0,,Aggregated,16.900000,0.900000,12000,18000,21000,23000,28000,31000,35000,38000,45000,51000,55000,102292,3901,12000.0,13213.488622000512,15.018099002190866,54863.45632600205,348.3184999804481
