Method,Name,Error,Occurrences
POST,/cnt399470875486718741,HTTPError('400 Client Error: BAD REQUEST for url: /cnt399470875486718741'),49
POST,/cnt5995691532805770757,HTTPError('500 Server Error: INTERNAL SERVER ERROR for url: /cnt5995691532805770757'),16
POST,/cnt6106534202809351531,HTTPError('500 Server Error: INTERNAL SERVER ERROR for url: /cnt6106534202809351531'),1
POST,/cnt1956413057576221693,HTTPError('500 Server Error: INTERNAL SERVER ERROR for url: /cnt1956413057576221693'),1
POST,/cnt7574349540360201056,HTTPError('500 Server Error: INTERNAL SERVER ERROR for url: /cnt7574349540360201056'),2
POST,/cnt744787404008297242,HTTPError('500 Server Error: INTERNAL SERVER ERROR for url: /cnt744787404008297242'),9
POST,/cnt4848766489894362418,"OSError(24, 'Too many open files')",2
POST,/cnt7457785886947400487,HTTPError('400 Client Error: BAD REQUEST for url: /cnt7457785886947400487'),47
POST,/cnt9193235731159776820,HTTPError('500 Server Error: INTERNAL SERVER ERROR for url: /cnt9193235731159776820'),14
POST,/cnt8883160097212207307,"OSError(24, 'Too many open files')",2
POST,/cnt6030615604928388850,"OSError(24, 'Too many open files')",5
POST,/cnt6699554255940826385,"OSError(24, 'Too many open files')",1
POST,/cnt8321021800232945742,"OSError(24, 'Too many open files')",2
POST,/cnt6344200160149918731,HTTPError('500 Server Error: INTERNAL SERVER ERROR for url: /cnt6344200160149918731'),2
POST,/cnt2754328145942068528,HTTPError('500 Server Error: INTERNAL SERVER ERROR for url: /cnt2754328145942068528'),8
POST,/cnt2672542969098194128,HTTPError('500 Server Error: INTERNAL SERVER ERROR for url: /cnt2672542969098194128'),5
POST,/cnt8219672173783985531,HTTPError('500 Server Error: INTERNAL SERVER ERROR for url: /cnt8219672173783985531'),3
POST,/cnt8387739668583349283,HTTPError('500 Server Error: INTERNAL SERVER ERROR for url: /cnt8387739668583349283'),1
POST,/cnt6122155705562625666,HTTPError('500 Server Error: INTERNAL SERVER ERROR for url: /cnt6122155705562625666'),3
POST,/cnt4636890610747013185,HTTPError('500 Server Error: INTERNAL SERVER ERROR for url: /cnt4636890610747013185'),11
POST,/cnt5933885721424339142,"OSError(24, 'Too many open files')",2
POST,/cnt2008832416846572460,"OSError(24, 'Too many open files')",1
POST,/cnt8267137389437766997,"OSError(24, 'Too many open files')",5
POST,/cnt6878356334785608068,HTTPError('500 Server Error: INTERNAL SERVER ERROR for url: /cnt6878356334785608068'),4
POST,/cnt5442941132555696503,"OSError(24, 'Too many open files')",2
POST,/cnt6879517959787560965,"OSError(24, 'Too many open files')",2
POST,/cnt2383536040297732949,HTTPError('500 Server Error: INTERNAL SERVER ERROR for url: /cnt2383536040297732949'),4
POST,/cnt3002349464079015806,HTTPError('500 Server Error: INTERNAL SERVER ERROR for url: /cnt3002349464079015806'),2
POST,/cnt1919050091117714189,HTTPError('500 Server Error: INTERNAL SERVER ERROR for url: /cnt1919050091117714189'),11
POST,/cnt3151352632102269346,"OSError(24, 'Too many open files')",1
POST,/cnt6803262237107603761,"OSError(24, 'Too many open files')",1
POST,/cnt722826178744549764,"OSError(24, 'Too many open files')",3
POST,/cnt1464864112709328219,"OSError(24, 'Too many open files')",3
POST,/cnt7781833216124102589,"OSError(24, 'Too many open files')",3
POST,/cnt7781833216124102589,HTTPError('500 Server Error: INTERNAL SERVER ERROR for url: /cnt7781833216124102589'),13
POST,/cnt7184397217406265687,HTTPError('500 Server Error: INTERNAL SERVER ERROR for url: /cnt7184397217406265687'),4
POST,/cnt2504242002942993187,HTTPError('500 Server Error: INTERNAL SERVER ERROR for url: /cnt2504242002942993187'),17
POST,/cnt4583386828628979688,"OSError(24, 'Too many open files')",3
POST,/cnt5532666141424408950,"OSError(24, 'Too many open files')",3
POST,/cnt3698850752484845278,HTTPError('500 Server Error: INTERNAL SERVER ERROR for url: /cnt3698850752484845278'),12
POST,/cnt499597703070844500,HTTPError('500 Server Error: INTERNAL SERVER ERROR for url: /cnt499597703070844500'),3
POST,/cnt6500350076583053702,"OSError(24, 'Too many open files')",3
POST,/cnt4704923489631471117,HTTPError('500 Server Error: INTERNAL SERVER ERROR for url: /cnt4704923489631471117'),2
POST,/cnt154593443817512085,"OSError(24, 'Too many open files')",3
POST,/cnt7722776783494076928,"OSError(24, 'Too many open files')",1
POST,/cnt3995352241062762661,HTTPError('500 Server Error: INTERNAL SERVER ERROR for url: /cnt3995352241062762661'),9
POST,/cnt3574901549680232437,HTTPError('500 Server Error: INTERNAL SERVER ERROR for url: /cnt3574901549680232437'),15
POST,/cnt7497657762110446830,"OSError(24, 'Too many open files')",3
POST,/cnt3751726093243490345,HTTPError('500 Server Error: INTERNAL SERVER ERROR for url: /cnt3751726093243490345'),15
POST,/cnt7467312877594563239,"OSError(24, 'Too many open files')",3
POST,/cnt3747577769143946378,"OSError(24, 'Too many open files')",3
POST,/cnt6922975678446656432,"OSError(24, 'Too many open files')",3
POST,/cnt4516023645572448715,"OSError(24, 'Too many open files')",1
POST,/cnt5348768095822933076,HTTPError('500 Server Error: INTERNAL SERVER ERROR for url: /cnt5348768095822933076'),3
POST,/cnt4372018837525936961,HTTPError('500 Server Error: INTERNAL SERVER ERROR for url: /cnt4372018837525936961'),17
POST,/cnt3315040787025537266,HTTPError('500 Server Error: INTERNAL SERVER ERROR for url: /cnt3315040787025537266'),8
POST,/cnt7983590816507252054,HTTPError('500 Server Error: INTERNAL SERVER ERROR for url: /cnt7983590816507252054'),4
POST,/cnt7356923587900255505,HTTPError('500 Server Error: INTERNAL SERVER ERROR for url: /cnt7356923587900255505'),2
POST,/cnt522810601764439418,HTTPError('500 Server Error: INTERNAL SERVER ERROR for url: /cnt522810601764439418'),4
POST,/cnt3046868142529773074,HTTPError('500 Server Error: INTERNAL SERVER ERROR for url: /cnt3046868142529773074'),7
POST,/cnt4009619858785811228,HTTPError('500 Server Error: INTERNAL SERVER ERROR for url: /cnt4009619858785811228'),2
POST,/cnt9207947153019285889,HTTPError('500 Server Error: INTERNAL SERVER ERROR for url: /cnt9207947153019285889'),3
POST,/cnt8387739668583349283,"OSError(24, 'Too many open files')",3
POST,/cnt4995578318899520766,HTTPError('500 Server Error: INTERNAL SERVER ERROR for url: /cnt4995578318899520766'),4
POST,/cnt3954897984337894701,HTTPError('500 Server Error: INTERNAL SERVER ERROR for url: /cnt3954897984337894701'),3
POST,/cnt3466360645782271901,HTTPError('500 Server Error: INTERNAL SERVER ERROR for url: /cnt3466360645782271901'),5
POST,/cnt4979848183253543922,HTTPError('500 Server Error: INTERNAL SERVER ERROR for url: /cnt4979848183253543922'),1
POST,/cnt7852213889952049610,HTTPError('500 Server Error: INTERNAL SERVER ERROR for url: /cnt7852213889952049610'),3
POST,/cnt6709083195749052872,"OSError(24, 'Too many open files')",2
POST,/cnt2566779983660806492,"OSError(24, 'Too many open files')",5
POST,/cnt6247660917974731507,"OSError(24, 'Too many open files')",3
POST,/cnt8666564748356438157,"OSError(24, 'Too many open files')",1
POST,/cnt5365450609367043608,"OSError(24, 'Too many open files')",2
POST,/cnt482667307206493969,HTTPError('500 Server Error: INTERNAL SERVER ERROR for url: /cnt482667307206493969'),3
POST,/cnt3231313783741953310,HTTPError('500 Server Error: INTERNAL SERVER ERROR for url: /cnt3231313783741953310'),3
POST,/cnt3140555379888031321,HTTPError('500 Server Error: INTERNAL SERVER ERROR for url: /cnt3140555379888031321'),5
POST,/cnt1395130979329253261,"OSError(24, 'Too many open files')",1
POST,/cnt2918896677935032430,"OSError(24, 'Too many open files')",2
POST,/cnt4673154560253746199,HTTPError('500 Server Error: INTERNAL SERVER ERROR for url: /cnt4673154560253746199'),3
POST,/cnt4079043454836962545,"OSError(24, 'Too many open files')",2
POST,/cnt9193235731159776820,"OSError(24, 'Too many open files')",2
POST,/cnt4405367409057270385,HTTPError('500 Server Error: INTERNAL SERVER ERROR for url: /cnt4405367409057270385'),14
POST,/cnt8883160097212207307,HTTPError('500 Server Error: INTERNAL SERVER ERROR for url: /cnt8883160097212207307'),4
POST,/cnt7892981154727310067,HTTPError('500 Server Error: INTERNAL SERVER ERROR for url: /cnt7892981154727310067'),7
POST,/cnt8575984087667681905,HTTPError('500 Server Error: INTERNAL SERVER ERROR for url: /cnt8575984087667681905'),19
POST,/cnt8575984087667681905,"OSError(24, 'Too many open files')",2
POST,/cnt6689422527422261270,"OSError(24, 'Too many open files')",6
POST,/cnt8349487048764764792,HTTPError('500 Server Error: INTERNAL SERVER ERROR for url: /cnt8349487048764764792'),5
POST,/cnt887602803992200104,"OSError(24, 'Too many open files')",1
POST,/cnt2689200071645066838,HTTPError('500 Server Error: INTERNAL SERVER ERROR for url: /cnt2689200071645066838'),12
POST,/cnt2730069278588715694,HTTPError('500 Server Error: INTERNAL SERVER ERROR for url: /cnt2730069278588715694'),1
POST,/cnt1212448290456251897,"OSError(24, 'Too many open files')",1
POST,/cnt8997434833269232143,HTTPError('500 Server Error: INTERNAL SERVER ERROR for url: /cnt8997434833269232143'),3
POST,/cnt1887171682754081034,"OSError(24, 'Too many open files')",4
POST,/cnt3063169240483277257,"OSError(24, 'Too many open files')",2
POST,/cnt2117024152621737933,HTTPError('500 Server Error: INTERNAL SERVER ERROR for url: /cnt2117024152621737933'),12
POST,/cnt2117024152621737933,"OSError(24, 'Too many open files')",4
POST,/cnt4580649400220051474,HTTPError('500 Server Error: INTERNAL SERVER ERROR for url: /cnt4580649400220051474'),2
POST,/cnt3063169240483277257,HTTPError('500 Server Error: INTERNAL SERVER ERROR for url: /cnt3063169240483277257'),3
POST,/cnt8704157596560992359,HTTPError('500 Server Error: INTERNAL SERVER ERROR for url: /cnt8704157596560992359'),18
POST,/cnt6075103608044722764,"OSError(24, 'Too many open files')",1
POST,/cnt5212456809493096282,"OSError(24, 'Too many open files')",2
POST,/cnt7467312877594563239,HTTPError('500 Server Error: INTERNAL SERVER ERROR for url: /cnt7467312877594563239'),3
POST,/cnt1694007270067642214,HTTPError('500 Server Error: INTERNAL SERVER ERROR for url: /cnt1694007270067642214'),8
POST,/cnt7758831637690225660,"OSError(24, 'Too many open files')",3
POST,/cnt6877569583096372216,HTTPError('500 Server Error: INTERNAL SERVER ERROR for url: /cnt6877569583096372216'),4
POST,/cnt3093881884082305547,HTTPError('500 Server Error: INTERNAL SERVER ERROR for url: /cnt3093881884082305547'),2
POST,/cnt3556728146847437591,HTTPError('500 Server Error: INTERNAL SERVER ERROR for url: /cnt3556728146847437591'),2
POST,/cnt4846776022122372206,HTTPError('500 Server Error: INTERNAL SERVER ERROR for url: /cnt4846776022122372206'),4
POST,/cnt1096840275404271112,HTTPError('500 Server Error: INTERNAL SERVER ERROR for url: /cnt1096840275404271112'),1
POST,/cnt6599695763706593497,"OSError(24, 'Too many open files')",2
POST,/cnt1395130979329253261,HTTPError('500 Server Error: INTERNAL SERVER ERROR for url: /cnt1395130979329253261'),3
POST,/cnt7409643247848831860,"OSError(24, 'Too many open files')",1
POST,/cnt3535495060210465490,"OSError(24, 'Too many open files')",2
POST,/cnt5823637994788894461,HTTPError('500 Server Error: INTERNAL SERVER ERROR for url: /cnt5823637994788894461'),4
POST,/cnt1366349908888579126,HTTPError('500 Server Error: INTERNAL SERVER ERROR for url: /cnt1366349908888579126'),3
POST,/cnt6922975678446656432,HTTPError('500 Server Error: INTERNAL SERVER ERROR for url: /cnt6922975678446656432'),11
POST,/cnt4852700099536529742,HTTPError('500 Server Error: INTERNAL SERVER ERROR for url: /cnt4852700099536529742'),7
POST,/cnt6195924404187856432,"OSError(24, 'Too many open files')",5
POST,/cnt6783362826611621751,HTTPError('500 Server Error: INTERNAL SERVER ERROR for url: /cnt6783362826611621751'),4
POST,/cnt1539185270863647033,"OSError(24, 'Too many open files')",1
POST,/cnt5721486807021131331,"OSError(24, 'Too many open files')",1
POST,/cnt2408780477253961462,HTTPError('500 Server Error: INTERNAL SERVER ERROR for url: /cnt2408780477253961462'),9
POST,/cnt9026728408417495778,HTTPError('500 Server Error: INTERNAL SERVER ERROR for url: /cnt9026728408417495778'),3
POST,/cnt273447086449295198,HTTPError('500 Server Error: INTERNAL SERVER ERROR for url: /cnt273447086449295198'),5
POST,/cnt8044251794809687883,"OSError(24, 'Too many open files')",1
POST,/cnt571321900847625884,"OSError(24, 'Too many open files')",1
POST,/cnt6989764349377082842,"OSError(24, 'Too many open files')",2
POST,/cnt5711149158871333419,HTTPError('500 Server Error: INTERNAL SERVER ERROR for url: /cnt5711149158871333419'),8
POST,/cnt1851702740432242250,"OSError(24, 'Too many open files')",1
POST,/cnt1215894574490409907,HTTPError('500 Server Error: INTERNAL SERVER ERROR for url: /cnt1215894574490409907'),4
POST,/cnt4131350134761056693,HTTPError('500 Server Error: INTERNAL SERVER ERROR for url: /cnt4131350134761056693'),7
POST,/cnt4131350134761056693,"OSError(24, 'Too many open files')",1
POST,/cnt1736702049222727486,"OSError(24, 'Too many open files')",5
POST,/cnt3807730010921486267,"OSError(24, 'Too many open files')",1
POST,/cnt8011366940967868432,HTTPError('500 Server Error: INTERNAL SERVER ERROR for url: /cnt8011366940967868432'),15
POST,/cnt5059315532954006748,HTTPError('500 Server Error: INTERNAL SERVER ERROR for url: /cnt5059315532954006748'),15
POST,/cnt5129113067767401324,"OSError(24, 'Too many open files')",1
POST,/cnt5823637994788894461,"OSError(24, 'Too many open files')",2
POST,/cnt1433322136081106547,HTTPError('500 Server Error: INTERNAL SERVER ERROR for url: /cnt1433322136081106547'),2
POST,/cnt499597703070844500,"OSError(24, 'Too many open files')",1
POST,/cnt3717826729354982211,HTTPError('500 Server Error: INTERNAL SERVER ERROR for url: /cnt3717826729354982211'),2
POST,/cnt8422897311434182669,HTTPError('500 Server Error: INTERNAL SERVER ERROR for url: /cnt8422897311434182669'),4
POST,/cnt1212448290456251897,HTTPError('500 Server Error: INTERNAL SERVER ERROR for url: /cnt1212448290456251897'),3
POST,/cnt1122973863507535902,"OSError(24, 'Too many open files')",2
POST,/cnt5641228936349647458,HTTPError('500 Server Error: INTERNAL SERVER ERROR for url: /cnt5641228936349647458'),4
POST,/cnt3231313783741953310,"OSError(24, 'Too many open files')",2
POST,/cnt8924137945357185096,"OSError(24, 'Too many open files')",3
POST,/cnt3868517003172641378,HTTPError('500 Server Error: INTERNAL SERVER ERROR for url: /cnt3868517003172641378'),7
POST,/cnt844745894670997321,"OSError(24, 'Too many open files')",3
POST,/cnt4348759424515586687,HTTPError('500 Server Error: INTERNAL SERVER ERROR for url: /cnt4348759424515586687'),6
POST,/cnt5422687870939714512,HTTPError('500 Server Error: INTERNAL SERVER ERROR for url: /cnt5422687870939714512'),17
POST,/cnt6741512682341797189,HTTPError('500 Server Error: INTERNAL SERVER ERROR for url: /cnt6741512682341797189'),3
POST,/cnt5873120673054722621,HTTPError('500 Server Error: INTERNAL SERVER ERROR for url: /cnt5873120673054722621'),1
POST,/cnt4251922398945868194,HTTPError('500 Server Error: INTERNAL SERVER ERROR for url: /cnt4251922398945868194'),18
POST,/cnt6382525726999715118,HTTPError('500 Server Error: INTERNAL SERVER ERROR for url: /cnt6382525726999715118'),6
POST,/cnt4226737637358818154,HTTPError('500 Server Error: INTERNAL SERVER ERROR for url: /cnt4226737637358818154'),7
POST,/cnt1319555693290372531,HTTPError('500 Server Error: INTERNAL SERVER ERROR for url: /cnt1319555693290372531'),4
POST,/cnt5533565575352644298,HTTPError('500 Server Error: INTERNAL SERVER ERROR for url: /cnt5533565575352644298'),13
POST,/cnt193840798538377978,HTTPError('500 Server Error: INTERNAL SERVER ERROR for url: /cnt193840798538377978'),5
POST,/cnt5618953725292509512,HTTPError('500 Server Error: INTERNAL SERVER ERROR for url: /cnt5618953725292509512'),18
POST,/cnt4900893339916875826,HTTPError('500 Server Error: INTERNAL SERVER ERROR for url: /cnt4900893339916875826'),15
POST,/cnt5312406012154629056,HTTPError('500 Server Error: INTERNAL SERVER ERROR for url: /cnt5312406012154629056'),4
POST,/cnt3474420901910526259,HTTPError('500 Server Error: INTERNAL SERVER ERROR for url: /cnt3474420901910526259'),9
POST,/cnt8955677561309652770,"OSError(24, 'Too many open files')",1
POST,/cnt7457785886947400487,"OSError(24, 'Too many open files')",1
POST,/cnt7533326608559632465,HTTPError('500 Server Error: INTERNAL SERVER ERROR for url: /cnt7533326608559632465'),6
POST,/cnt2408780477253961462,"OSError(24, 'Too many open files')",2
POST,/cnt921689220498617908,HTTPError('500 Server Error: INTERNAL SERVER ERROR for url: /cnt921689220498617908'),15
POST,/cnt2562182822778575391,"OSError(24, 'Too many open files')",2
POST,/cnt5238424762918481401,HTTPError('500 Server Error: INTERNAL SERVER ERROR for url: /cnt5238424762918481401'),3
POST,/cnt4405939484664351149,HTTPError('400 Client Error: BAD REQUEST for url: /cnt4405939484664351149'),44
POST,/cnt8455432549765687868,HTTPError('500 Server Error: INTERNAL SERVER ERROR for url: /cnt8455432549765687868'),16
POST,/cnt6877569583096372216,"OSError(24, 'Too many open files')",1
POST,/cnt1254586175602501873,HTTPError('500 Server Error: INTERNAL SERVER ERROR for url: /cnt1254586175602501873'),4
POST,/cnt3089132449255738421,"OSError(24, 'Too many open files')",2
POST,/cnt482667307206493969,"OSError(24, 'Too many open files')",1
POST,/cnt1581629058375844183,"OSError(24, 'Too many open files')",1
POST,/cnt3466360645782271901,"OSError(24, 'Too many open files')",2
POST,/cnt6309221287395764233,"OSError(24, 'Too many open files')",1
POST,/cnt7533326608559632465,"OSError(24, 'Too many open files')",4
POST,/cnt6156270192337952694,"OSError(24, 'Too many open files')",1
POST,/cnt5129113067767401324,HTTPError('500 Server Error: INTERNAL SERVER ERROR for url: /cnt5129113067767401324'),4
POST,/cnt4737944882176301557,"OSError(24, 'Too many open files')",5
POST,/cnt1399490839457677710,"OSError(24, 'Too many open files')",1
POST,/cnt7183154666216339404,"OSError(24, 'Too many open files')",1
POST,/cnt5467780817545837102,"OSError(24, 'Too many open files')",2
POST,/cnt5776381145187211140,HTTPError('500 Server Error: INTERNAL SERVER ERROR for url: /cnt5776381145187211140'),4
POST,/cnt7722776783494076928,HTTPError('500 Server Error: INTERNAL SERVER ERROR for url: /cnt7722776783494076928'),6
POST,/cnt6695883135751231439,HTTPError('500 Server Error: INTERNAL SERVER ERROR for url: /cnt6695883135751231439'),5
POST,/cnt285328933515902781,"OSError(24, 'Too many open files')",1
POST,/cnt6075103608044722764,HTTPError('500 Server Error: INTERNAL SERVER ERROR for url: /cnt6075103608044722764'),15
POST,/cnt5442941132555696503,HTTPError('500 Server Error: INTERNAL SERVER ERROR for url: /cnt5442941132555696503'),3
POST,/cnt1435196705819358938,"OSError(24, 'Too many open files')",2
POST,/cnt8349487048764764792,"OSError(24, 'Too many open files')",1
POST,/cnt698321258331691426,HTTPError('500 Server Error: INTERNAL SERVER ERROR for url: /cnt698321258331691426'),6
POST,/cnt5140748472117499321,"OSError(24, 'Too many open files')",1
POST,/cnt8649616013415097392,HTTPError('500 Server Error: INTERNAL SERVER ERROR for url: /cnt8649616013415097392'),11
POST,/cnt2662800760467622895,HTTPError('500 Server Error: INTERNAL SERVER ERROR for url: /cnt2662800760467622895'),10
POST,/cnt3535495060210465490,HTTPError('500 Server Error: INTERNAL SERVER ERROR for url: /cnt3535495060210465490'),1
POST,/cnt6689422527422261270,HTTPError('500 Server Error: INTERNAL SERVER ERROR for url: /cnt6689422527422261270'),12
POST,/cnt8762390163726852579,HTTPError('500 Server Error: INTERNAL SERVER ERROR for url: /cnt8762390163726852579'),5
POST,/cnt6195924404187856432,HTTPError('500 Server Error: INTERNAL SERVER ERROR for url: /cnt6195924404187856432'),14
POST,/cnt3868517003172641378,"OSError(24, 'Too many open files')",1
POST,/cnt7604635889445290079,"OSError(24, 'Too many open files')",2
POST,/cnt2291955589038874985,HTTPError('500 Server Error: INTERNAL SERVER ERROR for url: /cnt2291955589038874985'),6
POST,/cnt782236499802410728,HTTPError('500 Server Error: INTERNAL SERVER ERROR for url: /cnt782236499802410728'),5
POST,/cnt2757777688397168954,HTTPError('500 Server Error: INTERNAL SERVER ERROR for url: /cnt2757777688397168954'),1
POST,/cnt4062201054998476606,"OSError(24, 'Too many open files')",2
POST,/cnt6247660917974731507,HTTPError('500 Server Error: INTERNAL SERVER ERROR for url: /cnt6247660917974731507'),7
POST,/cnt5212456809493096282,HTTPError('500 Server Error: INTERNAL SERVER ERROR for url: /cnt5212456809493096282'),15
POST,/cnt6989764349377082842,HTTPError('500 Server Error: INTERNAL SERVER ERROR for url: /cnt6989764349377082842'),4
POST,/cnt3097254253829133077,HTTPError('500 Server Error: INTERNAL SERVER ERROR for url: /cnt3097254253829133077'),5
POST,/cnt2562182822778575391,HTTPError('500 Server Error: INTERNAL SERVER ERROR for url: /cnt2562182822778575391'),13
POST,/cnt4852700099536529742,"OSError(24, 'Too many open files')",1
POST,/cnt4207925111562593771,"OSError(24, 'Too many open files')",2
POST,/cnt4516023645572448715,HTTPError('500 Server Error: INTERNAL SERVER ERROR for url: /cnt4516023645572448715'),1
POST,/cnt8735400777207336094,HTTPError('500 Server Error: INTERNAL SERVER ERROR for url: /cnt8735400777207336094'),7
POST,/cnt594170703444888005,HTTPError('500 Server Error: INTERNAL SERVER ERROR for url: /cnt594170703444888005'),3
POST,/cnt8267137389437766997,HTTPError('500 Server Error: INTERNAL SERVER ERROR for url: /cnt8267137389437766997'),7
POST,/cnt193840798538377978,"OSError(24, 'Too many open files')",3
POST,/cnt380318202082136498,HTTPError('500 Server Error: INTERNAL SERVER ERROR for url: /cnt380318202082136498'),1
POST,/cnt5447931222353946397,HTTPError('500 Server Error: INTERNAL SERVER ERROR for url: /cnt5447931222353946397'),1
POST,/cnt4044603251290685444,HTTPError('500 Server Error: INTERNAL SERVER ERROR for url: /cnt4044603251290685444'),6
POST,/cnt6001920012628228968,HTTPError('500 Server Error: INTERNAL SERVER ERROR for url: /cnt6001920012628228968'),6
POST,/cnt5776381145187211140,"OSError(24, 'Too many open files')",2
POST,/cnt6084243365344963163,HTTPError('500 Server Error: INTERNAL SERVER ERROR for url: /cnt6084243365344963163'),7
POST,/cnt6695883135751231439,"OSError(24, 'Too many open files')",3
POST,/cnt5765277399308756184,"OSError(24, 'Too many open files')",3
POST,/cnt3946767923099033728,"OSError(24, 'Too many open files')",3
POST,/cnt4900893339916875826,"OSError(24, 'Too many open files')",4
POST,/cnt1067422357037764739,"OSError(24, 'Too many open files')",1
POST,/cnt6879517959787560965,HTTPError('500 Server Error: INTERNAL SERVER ERROR for url: /cnt6879517959787560965'),2
POST,/cnt5519120857953266452,HTTPError('500 Server Error: INTERNAL SERVER ERROR for url: /cnt5519120857953266452'),12
POST,/cnt5528074596137902630,HTTPError('500 Server Error: INTERNAL SERVER ERROR for url: /cnt5528074596137902630'),5
POST,/cnt1096840275404271112,"OSError(24, 'Too many open files')",2
POST,/cnt1464864112709328219,HTTPError('500 Server Error: INTERNAL SERVER ERROR for url: /cnt1464864112709328219'),2
POST,/cnt7114201267437978364,HTTPError('500 Server Error: INTERNAL SERVER ERROR for url: /cnt7114201267437978364'),1
POST,/cnt6500350076583053702,HTTPError('500 Server Error: INTERNAL SERVER ERROR for url: /cnt6500350076583053702'),11
POST,/cnt4782618002790173478,HTTPError('500 Server Error: INTERNAL SERVER ERROR for url: /cnt4782618002790173478'),13
POST,/cnt7409643247848831860,HTTPError('500 Server Error: INTERNAL SERVER ERROR for url: /cnt7409643247848831860'),3
POST,/cnt3954201522425245425,HTTPError('500 Server Error: INTERNAL SERVER ERROR for url: /cnt3954201522425245425'),5
POST,/cnt4769662490214033824,"OSError(24, 'Too many open files')",2
POST,/cnt4378537173212080543,"OSError(24, 'Too many open files')",1
POST,/cnt5711149158871333419,"OSError(24, 'Too many open files')",1
POST,/cnt3473885422287799869,HTTPError('500 Server Error: INTERNAL SERVER ERROR for url: /cnt3473885422287799869'),17
POST,/cnt8044251794809687883,HTTPError('500 Server Error: INTERNAL SERVER ERROR for url: /cnt8044251794809687883'),6
POST,/cnt4062201054998476606,HTTPError('500 Server Error: INTERNAL SERVER ERROR for url: /cnt4062201054998476606'),7
POST,/cnt744787404008297242,"OSError(24, 'Too many open files')",2
POST,/cnt701205977394291930,HTTPError('500 Server Error: INTERNAL SERVER ERROR for url: /cnt701205977394291930'),3
POST,/cnt3431663320390633455,"OSError(24, 'Too many open files')",1
POST,/cnt522810601764439418,"OSError(24, 'Too many open files')",1
POST,/cnt4583386828628979688,HTTPError('500 Server Error: INTERNAL SERVER ERROR for url: /cnt4583386828628979688'),2
POST,/cnt2566307522928211452,"OSError(24, 'Too many open files')",1
POST,/cnt921689220498617908,"OSError(24, 'Too many open files')",2
POST,/cnt7518091244581969626,HTTPError('500 Server Error: INTERNAL SERVER ERROR for url: /cnt7518091244581969626'),2
POST,/cnt2383536040297732949,"OSError(24, 'Too many open files')",2
POST,/cnt4207925111562593771,HTTPError('500 Server Error: INTERNAL SERVER ERROR for url: /cnt4207925111562593771'),13
POST,/cnt5140748472117499321,HTTPError('500 Server Error: INTERNAL SERVER ERROR for url: /cnt5140748472117499321'),5
POST,/cnt1539185270863647033,HTTPError('500 Server Error: INTERNAL SERVER ERROR for url: /cnt1539185270863647033'),9
POST,/cnt3046868142529773074,"OSError(24, 'Too many open files')",1
POST,/cnt1768233002109552448,"OSError(24, 'Too many open files')",6
POST,/cnt7114201267437978364,"OSError(24, 'Too many open files')",1
POST,/cnt5376296007652981101,"OSError(24, 'Too many open files')",3
POST,/cnt5540922874216410190,"OSError(24, 'Too many open files')",2
POST,/cnt5721486807021131331,HTTPError('500 Server Error: INTERNAL SERVER ERROR for url: /cnt5721486807021131331'),4
POST,/cnt7872354815613949613,HTTPError('500 Server Error: INTERNAL SERVER ERROR for url: /cnt7872354815613949613'),2
POST,/cnt4841195182056839544,HTTPError('500 Server Error: INTERNAL SERVER ERROR for url: /cnt4841195182056839544'),4
POST,/cnt3052636833572177851,"OSError(24, 'Too many open files')",3
POST,/cnt8208037169871154290,HTTPError('500 Server Error: INTERNAL SERVER ERROR for url: /cnt8208037169871154290'),15
POST,/cnt8417824391864868004,"OSError(24, 'Too many open files')",4
POST,/cnt4257422906049009848,"OSError(24, 'Too many open files')",1
POST,/cnt995990224797542414,HTTPError('500 Server Error: INTERNAL SERVER ERROR for url: /cnt995990224797542414'),4
POST,/cnt3954201522425245425,"OSError(24, 'Too many open files')",2
POST,/cnt6845210296313533262,"OSError(24, 'Too many open files')",2
POST,/cnt847239755321046950,HTTPError('500 Server Error: INTERNAL SERVER ERROR for url: /cnt847239755321046950'),10
POST,/cnt2689200071645066838,"OSError(24, 'Too many open files')",2
POST,/cnt2918896677935032430,HTTPError('500 Server Error: INTERNAL SERVER ERROR for url: /cnt2918896677935032430'),7
POST,/cnt7135918442020568673,"OSError(24, 'Too many open files')",2
POST,/cnt5853963988606408513,"OSError(24, 'Too many open files')",1
POST,/cnt3995352241062762661,"OSError(24, 'Too many open files')",1
POST,/cnt2028551461681228468,"OSError(24, 'Too many open files')",1
POST,/cnt6958009419073795923,"OSError(24, 'Too many open files')",4
POST,/cnt7548424750079557336,HTTPError('500 Server Error: INTERNAL SERVER ERROR for url: /cnt7548424750079557336'),5
POST,/cnt7808597476737211180,HTTPError('500 Server Error: INTERNAL SERVER ERROR for url: /cnt7808597476737211180'),3
POST,/cnt7942598466943411312,HTTPError('500 Server Error: INTERNAL SERVER ERROR for url: /cnt7942598466943411312'),7
POST,/cnt7592439321165036151,"OSError(24, 'Too many open files')",1
POST,/cnt2651004680795209407,HTTPError('500 Server Error: INTERNAL SERVER ERROR for url: /cnt2651004680795209407'),5
POST,/cnt4995578318899520766,"OSError(24, 'Too many open files')",1
POST,/cnt5447468763990949224,"OSError(24, 'Too many open files')",1
POST,/cnt6011066303237531519,HTTPError('500 Server Error: INTERNAL SERVER ERROR for url: /cnt6011066303237531519'),4
POST,/cnt3473885422287799869,"OSError(24, 'Too many open files')",2
POST,/cnt2497508971134183221,HTTPError('500 Server Error: INTERNAL SERVER ERROR for url: /cnt2497508971134183221'),2
POST,/cnt285328933515902781,HTTPError('500 Server Error: INTERNAL SERVER ERROR for url: /cnt285328933515902781'),5
POST,/cnt8704157596560992359,"OSError(24, 'Too many open files')",3
POST,/cnt7348226672403050215,HTTPError('500 Server Error: INTERNAL SERVER ERROR for url: /cnt7348226672403050215'),4
POST,/cnt7574349540360201056,"OSError(24, 'Too many open files')",1
POST,/cnt923914991586513511,"OSError(24, 'Too many open files')",4
POST,/cnt268881188859590238,"OSError(24, 'Too many open files')",3
POST,/cnt268881188859590238,HTTPError('500 Server Error: INTERNAL SERVER ERROR for url: /cnt268881188859590238'),4
POST,/cnt857263679477868868,HTTPError('500 Server Error: INTERNAL SERVER ERROR for url: /cnt857263679477868868'),3
POST,/cnt8099923907067037038,HTTPError('500 Server Error: INTERNAL SERVER ERROR for url: /cnt8099923907067037038'),5
POST,/cnt4218996177091921398,"OSError(24, 'Too many open files')",3
POST,/cnt4890102180907923466,"OSError(24, 'Too many open files')",1
POST,/cnt5519120857953266452,"OSError(24, 'Too many open files')",3
POST,/cnt1255464683120865105,"OSError(24, 'Too many open files')",3
POST,/cnt4484000387265861290,HTTPError('500 Server Error: INTERNAL SERVER ERROR for url: /cnt4484000387265861290'),2
POST,/cnt5059315532954006748,"OSError(24, 'Too many open files')",1
POST,/cnt5550457094356498784,HTTPError('500 Server Error: INTERNAL SERVER ERROR for url: /cnt5550457094356498784'),5
POST,/cnt1067422357037764739,HTTPError('500 Server Error: INTERNAL SERVER ERROR for url: /cnt1067422357037764739'),7
POST,/cnt1581629058375844183,HTTPError('500 Server Error: INTERNAL SERVER ERROR for url: /cnt1581629058375844183'),10
POST,/cnt3474420901910526259,"OSError(24, 'Too many open files')",1
POST,/cnt5540922874216410190,HTTPError('500 Server Error: INTERNAL SERVER ERROR for url: /cnt5540922874216410190'),2
POST,/cnt1319555693290372531,"OSError(24, 'Too many open files')",1
POST,/cnt2690226404273304415,HTTPError('500 Server Error: INTERNAL SERVER ERROR for url: /cnt2690226404273304415'),15
POST,/cnt2504242002942993187,"OSError(24, 'Too many open files')",2
POST,/cnt5348768095822933076,"OSError(24, 'Too many open files')",1
POST,/cnt4782618002790173478,"OSError(24, 'Too many open files')",3
POST,/cnt3132696135865987357,"OSError(24, 'Too many open files')",2
POST,/cnt7872354815613949613,"OSError(24, 'Too many open files')",4
POST,/cnt3097254253829133077,"OSError(24, 'Too many open files')",2
POST,/cnt4890102180907923466,HTTPError('500 Server Error: INTERNAL SERVER ERROR for url: /cnt4890102180907923466'),3
POST,/cnt698321258331691426,"OSError(24, 'Too many open files')",4
POST,/cnt3426436764545083702,HTTPError('500 Server Error: INTERNAL SERVER ERROR for url: /cnt3426436764545083702'),3
POST,/cnt7942598466943411312,"OSError(24, 'Too many open files')",7
POST,/cnt4079043454836962545,HTTPError('500 Server Error: INTERNAL SERVER ERROR for url: /cnt4079043454836962545'),2
POST,/cnt8219672173783985531,"OSError(24, 'Too many open files')",1
POST,/cnt1903585435672838406,HTTPError('500 Server Error: INTERNAL SERVER ERROR for url: /cnt1903585435672838406'),17
POST,/cnt1480447974112268619,"OSError(24, 'Too many open files')",1
POST,/cnt7497657762110446830,HTTPError('500 Server Error: INTERNAL SERVER ERROR for url: /cnt7497657762110446830'),3
POST,/cnt3954897984337894701,"OSError(24, 'Too many open files')",2
POST,/cnt3293205584835342134,HTTPError('500 Server Error: INTERNAL SERVER ERROR for url: /cnt3293205584835342134'),7
POST,/cnt2651004680795209407,"OSError(24, 'Too many open files')",1
POST,/cnt7354612467408748811,HTTPError('500 Server Error: INTERNAL SERVER ERROR for url: /cnt7354612467408748811'),3
POST,/cnt2268094702751819545,"OSError(24, 'Too many open files')",1
POST,/cnt4720396686193293096,"OSError(24, 'Too many open files')",2
POST,/cnt115429115625920017,"OSError(24, 'Too many open files')",2
POST,/cnt5376296007652981101,HTTPError('500 Server Error: INTERNAL SERVER ERROR for url: /cnt5376296007652981101'),16
POST,/cnt1435196705819358938,HTTPError('500 Server Error: INTERNAL SERVER ERROR for url: /cnt1435196705819358938'),4
POST,/cnt1255464683120865105,HTTPError('500 Server Error: INTERNAL SERVER ERROR for url: /cnt1255464683120865105'),16
POST,/cnt4848766489894362418,HTTPError('500 Server Error: INTERNAL SERVER ERROR for url: /cnt4848766489894362418'),4
POST,/cnt6845210296313533262,HTTPError('500 Server Error: INTERNAL SERVER ERROR for url: /cnt6845210296313533262'),6
POST,/cnt5161121061043320567,"OSError(24, 'Too many open files')",3
POST,/cnt7888880847204753375,HTTPError('500 Server Error: INTERNAL SERVER ERROR for url: /cnt7888880847204753375'),5
POST,/cnt4484000387265861290,"OSError(24, 'Too many open files')",4
POST,/cnt7760588924337806612,HTTPError('500 Server Error: INTERNAL SERVER ERROR for url: /cnt7760588924337806612'),4
POST,/cnt8570031489634745752,HTTPError('500 Server Error: INTERNAL SERVER ERROR for url: /cnt8570031489634745752'),6
POST,/cnt6771694430891485618,HTTPError('500 Server Error: INTERNAL SERVER ERROR for url: /cnt6771694430891485618'),6
POST,/cnt154593443817512085,HTTPError('500 Server Error: INTERNAL SERVER ERROR for url: /cnt154593443817512085'),9
POST,/cnt287369949817562556,HTTPError('500 Server Error: INTERNAL SERVER ERROR for url: /cnt287369949817562556'),2
POST,/cnt8321021800232945742,HTTPError('500 Server Error: INTERNAL SERVER ERROR for url: /cnt8321021800232945742'),8
POST,/cnt7356923587900255505,"OSError(24, 'Too many open files')",3
POST,/cnt5550457094356498784,"OSError(24, 'Too many open files')",1
POST,/cnt8991781213817102792,HTTPError('500 Server Error: INTERNAL SERVER ERROR for url: /cnt8991781213817102792'),5
POST,/cnt6958009419073795923,HTTPError('500 Server Error: INTERNAL SERVER ERROR for url: /cnt6958009419073795923'),8
POST,/cnt3140555379888031321,"OSError(24, 'Too many open files')",1
POST,/cnt3002349464079015806,"OSError(24, 'Too many open files')",1
POST,/cnt8921430441577672064,HTTPError('500 Server Error: INTERNAL SERVER ERROR for url: /cnt8921430441577672064'),13
POST,/cnt1919050091117714189,"OSError(24, 'Too many open files')",4
POST,/cnt7448211125884359139,"OSError(24, 'Too many open files')",2
POST,/cnt3574901549680232437,"OSError(24, 'Too many open files')",4
POST,/cnt8417824391864868004,HTTPError('500 Server Error: INTERNAL SERVER ERROR for url: /cnt8417824391864868004'),16
POST,/cnt7592439321165036151,HTTPError('500 Server Error: INTERNAL SERVER ERROR for url: /cnt7592439321165036151'),3
POST,/cnt4378537173212080543,HTTPError('500 Server Error: INTERNAL SERVER ERROR for url: /cnt4378537173212080543'),3
POST,/cnt8208037169871154290,"OSError(24, 'Too many open files')",2
POST,/cnt4737944882176301557,HTTPError('500 Server Error: INTERNAL SERVER ERROR for url: /cnt4737944882176301557'),6
POST,/cnt3619155686385678190,"OSError(24, 'Too many open files')",1
POST,/cnt3089132449255738421,HTTPError('500 Server Error: INTERNAL SERVER ERROR for url: /cnt3089132449255738421'),12
POST,/cnt6949323600209921555,HTTPError('500 Server Error: INTERNAL SERVER ERROR for url: /cnt6949323600209921555'),2
POST,/cnt2008832416846572460,HTTPError('500 Server Error: INTERNAL SERVER ERROR for url: /cnt2008832416846572460'),5
POST,/cnt6324748620962833458,"OSError(24, 'Too many open files')",4
POST,/cnt5853963988606408513,HTTPError('500 Server Error: INTERNAL SERVER ERROR for url: /cnt5853963988606408513'),2
POST,/cnt250317279479868441,HTTPError('500 Server Error: INTERNAL SERVER ERROR for url: /cnt250317279479868441'),1
POST,/cnt7197240699834207154,HTTPError('500 Server Error: INTERNAL SERVER ERROR for url: /cnt7197240699834207154'),3
POST,/cnt115429115625920017,HTTPError('500 Server Error: INTERNAL SERVER ERROR for url: /cnt115429115625920017'),4
POST,/cnt4372018837525936961,"OSError(24, 'Too many open files')",4
POST,/cnt1694007270067642214,"OSError(24, 'Too many open files')",4
POST,/cnt1122973863507535902,HTTPError('500 Server Error: INTERNAL SERVER ERROR for url: /cnt1122973863507535902'),14
POST,/cnt7143342459009223444,"OSError(24, 'Too many open files')",5
POST,/cnt3747577769143946378,HTTPError('500 Server Error: INTERNAL SERVER ERROR for url: /cnt3747577769143946378'),13
POST,/cnt8921430441577672064,"OSError(24, 'Too many open files')",3
POST,/cnt5575384130298629946,HTTPError('500 Server Error: INTERNAL SERVER ERROR for url: /cnt5575384130298629946'),4
POST,/cnt701205977394291930,"OSError(24, 'Too many open files')",1
POST,/cnt5618719970878326457,"OSError(24, 'Too many open files')",2
POST,/cnt3946767923099033728,HTTPError('500 Server Error: INTERNAL SERVER ERROR for url: /cnt3946767923099033728'),5
POST,/cnt4769662490214033824,HTTPError('500 Server Error: INTERNAL SERVER ERROR for url: /cnt4769662490214033824'),3
POST,/cnt722826178744549764,HTTPError('500 Server Error: INTERNAL SERVER ERROR for url: /cnt722826178744549764'),6
POST,/cnt4044603251290685444,"OSError(24, 'Too many open files')",3
POST,/cnt7695256267523720700,HTTPError('500 Server Error: INTERNAL SERVER ERROR for url: /cnt7695256267523720700'),2
POST,/cnt1215894574490409907,"OSError(24, 'Too many open files')",1
POST,/cnt1887171682754081034,HTTPError('500 Server Error: INTERNAL SERVER ERROR for url: /cnt1887171682754081034'),2
POST,/cnt2028551461681228468,HTTPError('500 Server Error: INTERNAL SERVER ERROR for url: /cnt2028551461681228468'),2
POST,/cnt3619155686385678190,HTTPError('500 Server Error: INTERNAL SERVER ERROR for url: /cnt3619155686385678190'),1
POST,/cnt6709083195749052872,HTTPError('500 Server Error: INTERNAL SERVER ERROR for url: /cnt6709083195749052872'),1
POST,/cnt1706023601248601704,"OSError(24, 'Too many open files')",2
POST,/cnt3600921017846862838,"OSError(24, 'Too many open files')",1
POST,/cnt5007032215272255289,HTTPError('500 Server Error: INTERNAL SERVER ERROR for url: /cnt5007032215272255289'),3
POST,/cnt5631842598123642043,HTTPError('500 Server Error: INTERNAL SERVER ERROR for url: /cnt5631842598123642043'),12
POST,/cnt4846776022122372206,"OSError(24, 'Too many open files')",5
POST,/cnt7348226672403050215,"OSError(24, 'Too many open files')",1
POST,/cnt9098226359493412625,HTTPError('500 Server Error: INTERNAL SERVER ERROR for url: /cnt9098226359493412625'),4
POST,/cnt2901237367238218744,HTTPError('500 Server Error: INTERNAL SERVER ERROR for url: /cnt2901237367238218744'),4
POST,/cnt7604635889445290079,HTTPError('500 Server Error: INTERNAL SERVER ERROR for url: /cnt7604635889445290079'),5
POST,/cnt1903585435672838406,"OSError(24, 'Too many open files')",3
POST,/cnt3122179253710224496,HTTPError('500 Server Error: INTERNAL SERVER ERROR for url: /cnt3122179253710224496'),17
POST,/cnt8991781213817102792,"OSError(24, 'Too many open files')",1
POST,/cnt131822971840702887,"OSError(24, 'Too many open files')",1
POST,/cnt1768233002109552448,HTTPError('500 Server Error: INTERNAL SERVER ERROR for url: /cnt1768233002109552448'),12
POST,/cnt7253996025353202484,"OSError(24, 'Too many open files')",1
POST,/cnt5365450609367043608,HTTPError('500 Server Error: INTERNAL SERVER ERROR for url: /cnt5365450609367043608'),4
POST,/cnt3002200676059114279,HTTPError('500 Server Error: INTERNAL SERVER ERROR for url: /cnt3002200676059114279'),5
POST,/cnt4268742493631617651,HTTPError('500 Server Error: INTERNAL SERVER ERROR for url: /cnt4268742493631617651'),1
POST,/cnt7698202839946484719,"OSError(24, 'Too many open files')",2
POST,/cnt3093881884082305547,"OSError(24, 'Too many open files')",3
POST,/cnt1851702740432242250,HTTPError('500 Server Error: INTERNAL SERVER ERROR for url: /cnt1851702740432242250'),4
POST,/cnt5995691532805770757,"OSError(24, 'Too many open files')",3
POST,/cnt5007032215272255289,"OSError(24, 'Too many open files')",2
POST,/cnt5422687870939714512,"OSError(24, 'Too many open files')",3
POST,/cnt6099267957281250181,HTTPError('500 Server Error: INTERNAL SERVER ERROR for url: /cnt6099267957281250181'),21
POST,/cnt2333217122862203621,"OSError(24, 'Too many open files')",1
POST,/cnt8762390163726852579,"OSError(24, 'Too many open files')",3
POST,/cnt7197240699834207154,"OSError(24, 'Too many open files')",1
POST,/cnt2303684871622959762,HTTPError('500 Server Error: INTERNAL SERVER ERROR for url: /cnt2303684871622959762'),5
POST,/cnt5532666141424408950,HTTPError('500 Server Error: INTERNAL SERVER ERROR for url: /cnt5532666141424408950'),1
POST,/cnt9207947153019285889,"OSError(24, 'Too many open files')",2
POST,/cnt8666564748356438157,HTTPError('500 Server Error: INTERNAL SERVER ERROR for url: /cnt8666564748356438157'),5
POST,/cnt4110623359812324836,"OSError(24, 'Too many open files')",3
POST,/cnt8704878298874769130,HTTPError('500 Server Error: INTERNAL SERVER ERROR for url: /cnt8704878298874769130'),2
POST,/cnt5618719970878326457,HTTPError('500 Server Error: INTERNAL SERVER ERROR for url: /cnt5618719970878326457'),1
POST,/cnt6636947212226330902,HTTPError('500 Server Error: INTERNAL SERVER ERROR for url: /cnt6636947212226330902'),1
POST,/cnt8570031489634745752,"OSError(24, 'Too many open files')",2
POST,/cnt3426436764545083702,"OSError(24, 'Too many open files')",3
POST,/cnt6030615604928388850,HTTPError('500 Server Error: INTERNAL SERVER ERROR for url: /cnt6030615604928388850'),23
POST,/cnt8924137945357185096,HTTPError('500 Server Error: INTERNAL SERVER ERROR for url: /cnt8924137945357185096'),3
POST,/cnt287369949817562556,"OSError(24, 'Too many open files')",2
POST,/cnt3151352632102269346,HTTPError('500 Server Error: INTERNAL SERVER ERROR for url: /cnt3151352632102269346'),21
POST,/cnt6324748620962833458,HTTPError('500 Server Error: INTERNAL SERVER ERROR for url: /cnt6324748620962833458'),6
POST,/cnt5765277399308756184,HTTPError('500 Server Error: INTERNAL SERVER ERROR for url: /cnt5765277399308756184'),9
POST,/cnt1366349908888579126,"OSError(24, 'Too many open files')",1
POST,/cnt4841195182056839544,"OSError(24, 'Too many open files')",1
POST,/cnt1706023601248601704,HTTPError('500 Server Error: INTERNAL SERVER ERROR for url: /cnt1706023601248601704'),3
POST,/cnt2690226404273304415,"OSError(24, 'Too many open files')",4
POST,/cnt8011366940967868432,"OSError(24, 'Too many open files')",6
POST,/cnt4348759424515586687,"OSError(24, 'Too many open files')",4
POST,/cnt6599695763706593497,HTTPError('500 Server Error: INTERNAL SERVER ERROR for url: /cnt6599695763706593497'),3
POST,/cnt782236499802410728,"OSError(24, 'Too many open files')",2
POST,/cnt6009446585779628804,HTTPError('500 Server Error: INTERNAL SERVER ERROR for url: /cnt6009446585779628804'),9
POST,/cnt6122155705562625666,"OSError(24, 'Too many open files')",1
POST,/cnt923914991586513511,HTTPError('500 Server Error: INTERNAL SERVER ERROR for url: /cnt923914991586513511'),2
POST,/cnt7758831637690225660,HTTPError('500 Server Error: INTERNAL SERVER ERROR for url: /cnt7758831637690225660'),5
POST,/cnt6344840187333254227,HTTPError('500 Server Error: INTERNAL SERVER ERROR for url: /cnt6344840187333254227'),1
POST,/cnt7961619976500997439,"OSError(24, 'Too many open files')",1
POST,/cnt4218996177091921398,HTTPError('500 Server Error: INTERNAL SERVER ERROR for url: /cnt4218996177091921398'),11
POST,/cnt6783362826611621751,"OSError(24, 'Too many open files')",3
POST,/cnt3311306791216508695,"OSError(24, 'Too many open files')",2
POST,/cnt3600921017846862838,HTTPError('500 Server Error: INTERNAL SERVER ERROR for url: /cnt3600921017846862838'),3
POST,/cnt8955677561309652770,HTTPError('500 Server Error: INTERNAL SERVER ERROR for url: /cnt8955677561309652770'),16
POST,/cnt7892981154727310067,"OSError(24, 'Too many open files')",3
POST,/cnt5322598020744523008,"OSError(24, 'Too many open files')",2
POST,/cnt6156270192337952694,HTTPError('500 Server Error: INTERNAL SERVER ERROR for url: /cnt6156270192337952694'),4
POST,/cnt6309221287395764233,HTTPError('500 Server Error: INTERNAL SERVER ERROR for url: /cnt6309221287395764233'),1
POST,/cnt402514317288858159,HTTPError('500 Server Error: INTERNAL SERVER ERROR for url: /cnt402514317288858159'),4
POST,/cnt3311306791216508695,HTTPError('500 Server Error: INTERNAL SERVER ERROR for url: /cnt3311306791216508695'),2
POST,/cnt7448211125884359139,HTTPError('500 Server Error: INTERNAL SERVER ERROR for url: /cnt7448211125884359139'),2
POST,/cnt6344840187333254227,"OSError(24, 'Too many open files')",2
POST,/cnt6099267957281250181,"OSError(24, 'Too many open files')",5
POST,/cnt5933885721424339142,HTTPError('500 Server Error: INTERNAL SERVER ERROR for url: /cnt5933885721424339142'),1
POST,/cnt7414981939850812222,HTTPError('500 Server Error: INTERNAL SERVER ERROR for url: /cnt7414981939850812222'),4
POST,/cnt7961619976500997439,HTTPError('500 Server Error: INTERNAL SERVER ERROR for url: /cnt7961619976500997439'),2
POST,/cnt2901237367238218744,"OSError(24, 'Too many open files')",3
POST,/cnt8097308353796882690,"OSError(24, 'Too many open files')",1
POST,/cnt4257422906049009848,HTTPError('500 Server Error: INTERNAL SERVER ERROR for url: /cnt4257422906049009848'),4
POST,/cnt5528074596137902630,"OSError(24, 'Too many open files')",2
POST,/cnt8371335737403508628,"OSError(24, 'Too many open files')",3
POST,/cnt2662800760467622895,"OSError(24, 'Too many open files')",4
POST,/cnt7184397217406265687,"OSError(24, 'Too many open files')",1
POST,/cnt2672542969098194128,"OSError(24, 'Too many open files')",1
POST,/cnt3431663320390633455,HTTPError('500 Server Error: INTERNAL SERVER ERROR for url: /cnt3431663320390633455'),4
POST,/cnt1480447974112268619,HTTPError('500 Server Error: INTERNAL SERVER ERROR for url: /cnt1480447974112268619'),1
POST,/cnt380318202082136498,"OSError(24, 'Too many open files')",1
POST,/cnt7135918442020568673,HTTPError('500 Server Error: INTERNAL SERVER ERROR for url: /cnt7135918442020568673'),1
POST,/cnt3052636833572177851,HTTPError('500 Server Error: INTERNAL SERVER ERROR for url: /cnt3052636833572177851'),1
POST,/cnt2268094702751819545,HTTPError('500 Server Error: INTERNAL SERVER ERROR for url: /cnt2268094702751819545'),4
POST,/cnt6636947212226330902,"OSError(24, 'Too many open files')",3
POST,/cnt8371335737403508628,HTTPError('500 Server Error: INTERNAL SERVER ERROR for url: /cnt8371335737403508628'),4
POST,/cnt5322598020744523008,HTTPError('500 Server Error: INTERNAL SERVER ERROR for url: /cnt5322598020744523008'),5
POST,/cnt131822971840702887,HTTPError('400 Client Error: BAD REQUEST for url: /cnt131822971840702887'),43
POST,/cnt5618953725292509512,"OSError(24, 'Too many open files')",3
POST,/cnt4405367409057270385,"OSError(24, 'Too many open files')",3
POST,/cnt7518091244581969626,"OSError(24, 'Too many open files')",2
POST,/cnt7698202839946484719,HTTPError('500 Server Error: INTERNAL SERVER ERROR for url: /cnt7698202839946484719'),7
POST,/cnt3807730010921486267,HTTPError('500 Server Error: INTERNAL SERVER ERROR for url: /cnt3807730010921486267'),3
POST,/cnt8649616013415097392,"OSError(24, 'Too many open files')",2
POST,/cnt6318084366129301736,HTTPError('500 Server Error: INTERNAL SERVER ERROR for url: /cnt6318084366129301736'),6
POST,/cnt2566779983660806492,HTTPError('500 Server Error: INTERNAL SERVER ERROR for url: /cnt2566779983660806492'),12
POST,/cnt847239755321046950,"OSError(24, 'Too many open files')",3
POST,/cnt3698850752484845278,"OSError(24, 'Too many open files')",3
POST,/cnt6949323600209921555,"OSError(24, 'Too many open files')",2
POST,/cnt2303684871622959762,"OSError(24, 'Too many open files')",2
POST,/cnt2390806978192211615,"OSError(24, 'Too many open files')",1
POST,/cnt9093740623626707356,HTTPError('500 Server Error: INTERNAL SERVER ERROR for url: /cnt9093740623626707356'),1
POST,/cnt6741512682341797189,"OSError(24, 'Too many open files')",5
POST,/cnt1956413057576221693,"OSError(24, 'Too many open files')",2
POST,/cnt6084243365344963163,"OSError(24, 'Too many open files')",3
POST,/cnt4110623359812324836,HTTPError('500 Server Error: INTERNAL SERVER ERROR for url: /cnt4110623359812324836'),3
POST,/cnt1736702049222727486,HTTPError('500 Server Error: INTERNAL SERVER ERROR for url: /cnt1736702049222727486'),11
POST,/cnt2566307522928211452,HTTPError('500 Server Error: INTERNAL SERVER ERROR for url: /cnt2566307522928211452'),4
POST,/cnt5161121061043320567,HTTPError('500 Server Error: INTERNAL SERVER ERROR for url: /cnt5161121061043320567'),9
POST,/cnt5312406012154629056,"OSError(24, 'Too many open files')",3
POST,/cnt3254159434987779574,HTTPError('500 Server Error: INTERNAL SERVER ERROR for url: /cnt3254159434987779574'),4
POST,/cnt2291955589038874985,"OSError(24, 'Too many open files')",1
POST,/cnt2333217122862203621,HTTPError('500 Server Error: INTERNAL SERVER ERROR for url: /cnt2333217122862203621'),11
POST,/cnt6318084366129301736,"OSError(24, 'Too many open files')",3
POST,/cnt3386036629658894093,HTTPError('500 Server Error: INTERNAL SERVER ERROR for url: /cnt3386036629658894093'),4
POST,/cnt399470875486718741,"OSError(24, 'Too many open files')",2
POST,/cnt2390806978192211615,HTTPError('500 Server Error: INTERNAL SERVER ERROR for url: /cnt2390806978192211615'),2
POST,/cnt6106534202809351531,"OSError(24, 'Too many open files')",1
POST,/cnt1143089855666193725,HTTPError('500 Server Error: INTERNAL SERVER ERROR for url: /cnt1143089855666193725'),9
POST,/cnt5447468763990949224,HTTPError('500 Server Error: INTERNAL SERVER ERROR for url: /cnt5447468763990949224'),5
POST,/cnt6803262237107603761,HTTPError('500 Server Error: INTERNAL SERVER ERROR for url: /cnt6803262237107603761'),3
POST,/cnt8099923907067037038,"OSError(24, 'Too many open files')",1
POST,/cnt7253996025353202484,HTTPError('500 Server Error: INTERNAL SERVER ERROR for url: /cnt7253996025353202484'),8
POST,/cnt8735400777207336094,"OSError(24, 'Too many open files')",2
POST,/cnt571321900847625884,HTTPError('500 Server Error: INTERNAL SERVER ERROR for url: /cnt571321900847625884'),10
POST,/cnt4251922398945868194,"OSError(24, 'Too many open files')",4
POST,/cnt8455432549765687868,"OSError(24, 'Too many open files')",4
POST,/cnt9093740623626707356,"OSError(24, 'Too many open files')",2
POST,/cnt4009619858785811228,"OSError(24, 'Too many open files')",1
POST,/cnt7183154666216339404,HTTPError('500 Server Error: INTERNAL SERVER ERROR for url: /cnt7183154666216339404'),1
POST,/cnt3002200676059114279,"OSError(24, 'Too many open files')",2
POST,/cnt1399490839457677710,HTTPError('500 Server Error: INTERNAL SERVER ERROR for url: /cnt1399490839457677710'),3
POST,/cnt3293205584835342134,"OSError(24, 'Too many open files')",3
POST,/cnt3132696135865987357,HTTPError('500 Server Error: INTERNAL SERVER ERROR for url: /cnt3132696135865987357'),16
